39.8105784797119,0.85755846511056,1.20894722236649,0.308302594501607,24,24.5112756420529,0.639062615789324,3.73710147638791,0.430564860733884
66.3823844484792,2.57316650110139,16.3094073305218,2.26587447860872,22,16.4931134198819,1.03656547425286,6.05377524468365,2.38168759889895
25.3821431081128,2.60107126649951,5.58685315080976,1.42641954175207,3,24.2053578384516,0.865698603558001,6.56793115927357,0.796055198119768
31.3941869529015,0.481363093518372,2.82057950376021,0.491420609682338,27,17.2468595959396,0.977043729861888,4.64116477850022,0.823120017123966
53.7496656199495,0.453646484541865,11.7519507905485,0.958911502520549,15,85.1938177533856,0.627984861050461,3.50797310324534,0.382328781233617
101.594269905386,0.544666403222998,8.62486487234476,0.601506560375951,19,136.405704043677,2.53173852466487,12.9735545188006,2.68384272444755
22.7504005200633,0.500204013534043,1.44315161264996,0.342611990180504,29,72.1252855118654,0.882389513621221,4.29592513938401,0.448951045642795
60.268269568642,0.771875281801841,8.84043772221537,0.759089429047631,1,15.3359474525567,0.419235260265709,4.00388204600662,0.412371546958018
66.3797658549297,0.756637088768197,11.1726263704969,0.663419669065287,21,45.2142644016707,1.54841126835788,14.3514995159708,1.62301606050888
72.7870323871176,2.167336529517,7.7989896614736,1.630925698375,6,72.8300301020091,0.726367709083369,8.44411880806444,0.537376269894173
20.5203386179085,1.0493421507036,6.95061969222107,2.28917697019072,1,32.7892997638288,0.868126320768264,8.5132464774904,0.987324051753004
65.7306559500743,2.79177338715942,12.2088399592941,2.32659292585804,9,46.750321020371,2.56736905681111,9.45173510835458,1.77936300274547
29.3786360807456,2.21994495666657,9.52031153749101,1.61721057337273,15,95.0820077375059,2.30191794698247,9.85813580468531,1.44412384770616
7.24139035602629,0.33282112756522,9.4329758292633,0.860929810305701,4,18.2288931059197,0.645649837206808,3.70618812993025,0.601662445537267
24.538580446348,0.73030891508604,5.70396981864665,0.59794325270299,16,40.1135765220372,0.729496310401761,5.98900854535894,0.854955395189894
50.831038351889,1.92876438354981,7.74371983105166,1.39915490360574,12,51.0996979815739,2.45502051466463,8.30947376899996,1.30196295928603
23.7042168772294,0.691674275375298,5.77897813149902,0.633487748994806,30,54.6792614940212,2.55847394484952,15.2012010818391,1.23526826510779
87.6638141837824,2.5479530347619,7.33953655337589,2.17400661446824,1,69.7310747878863,2.28486781752684,7.74885196176851,1.60399194729691
63.721140182774,1.83099208732286,14.6892956068109,1.22537789545485,9,36.2678613161884,0.903618041641313,9.31050355601241,0.696814855936699
213.000396495447,0.892648626734073,12.1846967014538,0.869402012571526,7,38.3352018914932,0.646661068496943,4.18701274625995,0.533716468845785
163.272354256028,2.70218141381253,15.9355730141074,2.994489377018,15,190.172421694518,0.664262163795664,5.13777353719439,0.430150596980772
23.2818909312715,0.363625718067502,7.63825673016224,0.630637329151245,21,104.278203076879,0.87662343408835,8.08773349484085,0.71916877966905
45.1003959698564,0.845894270740091,2.56706063125169,0.458392832843315,6,50.4339329572689,1.93757639585419,8.56302293109829,1.84080331342824
31.7416604162845,0.524706094684856,10.9966355622448,0.967216649406903,9,61.961930312015,2.59338145085101,12.5829453006353,1.41783481067289
58.3340230086684,1.54723879961967,15.0615313589675,1.33810300622239,16,34.1324238015514,2.63322468746042,6.10366661423357,2.18090794138411
77.9154613630803,0.957665808256186,6.10997989851262,0.677171891991931,26,72.9692868847893,1.34930624671385,8.1036520336017,1.41554782806034
33.6218784099898,0.49104109809009,8.22842145397894,0.914071210471306,6,125.469639412638,0.661756082950413,8.23525487460375,0.544482821374768
29.8107256520053,2.00277854416186,6.30955654450724,2.16242449347125,7,51.9213004189448,1.11181549274173,8.9835798901457,2.46016432506144
24.7686668067229,1.79533462764133,6.80408876193748,2.21454592100476,11,77.5656406750902,1.49474353860069,9.57665532600635,2.97791248464493
48.4946746612619,1.53838145178162,7.75446945184344,2.12034283874052,5,55.4421981188396,0.658211591934517,2.83125854096951,0.348311726051601
167.222032277723,0.95462813549461,11.3735451082366,0.97282805916985,5,83.438675983321,1.57561343792544,11.4726546320975,1.01439305062362
40.8066829168166,0.789014584699298,6.72973821135352,0.568263648923719,17,31.5686609666018,0.85373713445561,5.80097273591425,0.957920087885906
56.5862255247657,2.10430277819394,12.3582928290365,1.58471234829086,8,198.490051956914,2.992223975237,16.4722421393568,2.083868327747
84.2702384736321,2.73190641881023,6.73811756537065,1.94104436327113,11,59.0841830982608,1.681998850057,15.6713971262228,1.52197348204707
22.6264556353723,0.430307555079407,10.0825347571655,0.854762374248146,1,74.2263143491795,1.85884517278147,14.7687812989214,2.81976507882369
54.2478597399685,0.654159209741998,14.2509614104306,0.989721253299267,4,96.9380014817694,0.588759452922027,1.17521713320736,0.310212866421501
63.1413110026421,1.06857161213725,9.50097753766716,1.00656591320781,9,69.1837715277069,1.54637377777526,13.9458741285276,2.39373910089532
85.9941381775655,0.596275559822721,11.9859249566923,0.80509632563841,5,61.5307537811663,2.34594445883994,16.0470653547089,1.32498737010818
47.5910343006856,2.39485419728595,13.2324788522943,1.61231640492116,24,32.4465412677957,2.98090623598648,6.78978329431263,1.90980038849316
54.5645717832617,0.850982096926026,12.3465783946018,0.85988984190726,24,22.7180122998625,0.306636963383761,5.81507949257359,0.481175554256659
48.392442181499,0.628891555837963,14.2509504989107,0.970636416316393,28,224.970361074485,1.33367772739632,13.7349490055037,1.18707059757822
38.7521087293042,0.880412751096994,6.70487932275331,0.510709654398644,27,141.625576372929,2.8632718741896,16.788804596923,2.81571907577774
24.2995522818318,0.636817941944002,8.24826075565203,0.808372767944079,6,147.719160976875,0.764389961973984,6.75866818198306,0.519330650921603
22.4304998233904,0.371968202569909,3.25937340240984,0.477444565462871,10,7.66167044053986,0.32255959305869,7.45996734889234,0.715963532800471
12.6127192405947,0.567002494432321,2.40327241221981,0.4558252583708,17,32.206328790439,0.653075930177736,3.4194485054304,0.372043463992006
24.8712739376965,0.482805468109818,1.87275757899476,0.426233360095325,6,5.56823434378006,0.325515376560863,2.07239632564852,0.36399429788951
75.2115525677237,1.2515020911805,10.1715805167086,2.31308219446276,1,88.5580608109609,2.8938849727671,14.6186499066848,2.43345764954805
81.7327425636121,1.12892657948162,10.6013999848327,1.23361970299778,13,61.928325701258,1.97627888584613,8.32080274976349,1.58303875779202
39.3268046633107,2.92547734031921,9.24957925858761,1.69456412904007,9,7.08965281501917,0.389461997273361,2.26662142544128,0.417084566304896
102.076013151781,2.89153462943678,5.79929567107355,2.71834698887753,28,136.287739098294,2.30793847129752,15.5105217003631,2.67492972334685
37.2993143567027,0.417884784710112,8.63086102187046,0.774638662576942,15,39.3945121031209,0.869704788042314,8.50614693880433,0.564140855709836
64.4004598900095,1.53222621737116,9.99072799992336,1.00822124360401,26,89.297799694173,0.639639725872494,7.95615753479381,0.525734320478853
138.284836865246,1.53377836972512,14.9631089223093,1.52861171290889,12,47.9158584569445,2.6943192159107,12.5162453028515,2.79433336118513
80.0800995758351,1.51048849269421,7.28882340266381,2.99832101366606,20,13.4762536733024,0.349353770357235,5.18895951898023,0.611693651090268
146.270219830438,0.625898720244211,3.31386440031977,0.385762964232547,27,154.511278348784,1.36832634986224,8.61799390101501,1.71109790660263
36.352504204498,0.898354298980598,6.00262015123441,0.703771797303933,2,105.221492235057,1.79572259232553,15.2676325167169,1.70676074414206
87.9238993185718,2.31818494498828,9.5976760806854,2.31915620436036,12,92.444441196599,2.72962150737744,15.3130222856655,2.7265874103094
70.5484345010301,1.23694295235227,16.0411663216841,1.79659712891437,19,42.9765146124702,2.30082398592881,13.1268623240909,1.48870136004511
59.6114965993869,0.552002132660304,3.04512218851223,0.482135740658279,11,60.521216436099,2.48576266339181,15.7314189736306,2.76235958402278
39.0775057498076,1.53014190950259,12.7592181847501,2.67812388645713,14,94.4896623895795,2.65733422569986,14.2965711162489,1.50092448354944
23.5045849129448,1.53857122555008,6.92228665464051,2.49957470273308,7,43.3269776695797,2.88416522199205,8.37252992031515,1.11620235371319
70.2582133461312,2.75817895648753,5.21920444190576,1.11711131153017,16,136.354753933586,0.616484940102776,3.95725758899463,0.384026862302081
51.5462361008215,1.72001111352315,15.8176592908733,2.78166317761731,18,12.6579952828755,0.607244861698859,1.00096194763102,0.33497755719905
35.5222459971579,0.84964442969754,2.47945243694288,0.386520888831917,19,68.3048560801651,0.901713177277315,7.10069878423473,0.544396219687273
54.3170571293167,1.56517051731859,5.98045658265373,2.5876159668445,18,23.2402048294839,0.368009960618023,3.44915187438498,0.567908740425741
121.490830045791,2.86801845924439,9.84090257623724,2.00621165508206,10,52.8940531065225,2.08162532761772,6.88109276722432,2.49887713600423
44.111505130153,2.44255025999607,13.0956308575015,1.46524774935195,2,30.0376105762801,1.83371823158483,9.40010746193585,1.26474473073926
94.858371495456,2.78114851065101,13.9770507687684,2.08907521342099,13,58.254878098199,2.3707119317459,15.0854759227706,1.56647521997077
37.6975995072289,0.879769707057298,8.1333019781849,0.598591668937022,25,10.5465240332866,0.37726831237793,12.9498738739279,0.885848016972781
21.3200758191286,0.798860128430658,5.44268678701384,0.685307594933745,17,21.2060283710483,0.320051614496642,11.6467406291263,0.74593674024566
144.839343114904,1.54138906261291,9.24181511062379,2.50205081704671,14,76.2881351205698,1.448628020033,10.4348446516882,2.20241716147674
28.7133835112388,0.402246137779218,3.21276113388668,0.368245140987325,12,26.5346726077529,2.70847965237251,5.73634809663828,1.23476813708595
57.1676430085564,0.67782331445578,8.2830790398393,0.542246443209437,16,109.745182815472,1.78393125084198,14.7572403612203,1.29856812271357
65.9737832122341,1.15160627096872,11.9089350380103,2.89673761037434,3,80.0529436628073,2.85413979245587,6.23666727384856,1.48095986215847
60.444528747696,0.973855099096666,9.89762608868895,0.867814903304076,11,16.0527340517844,0.303514718591721,5.71656270358274,0.581209971871041
67.5684296741854,2.63417016212445,9.63090861956992,2.34251416872181,8,23.9221411339826,1.97021579963598,7.12918950304472,2.44244542016122
10.9633932996969,0.549611635737338,4.64039241620792,0.745401360022157,28,48.7230889988111,2.27840704290614,13.863139512201,1.01561187749599
94.2774403581005,2.85069010758421,15.2800462943211,1.70221188489228,13,59.6125105389101,2.50074362502365,7.4668432630783,2.24685654102856
28.665307626889,0.470202049940378,3.43895175628472,0.437004750547948,11,73.4477676263704,1.0050341250427,9.88578864163241,1.20311449370909
123.360680663872,2.11116515140481,12.6499224190638,1.58336381247949,28,47.9696961907435,2.54660140063929,12.0215599996208,2.92917415306849
63.8913752086101,2.30187371342628,6.45496966084713,1.00836896415357,27,10.0094804882835,0.358976784048525,4.81085544686987,0.457414256270553
20.3323992034744,0.91258259004067,4.21744568505025,0.7003794269546,13,52.2809636764136,2.20964693711672,7.06560614561107,2.98183296569164
19.7125929499192,0.498046361646866,9.77401987199498,0.667910318289882,19,77.7706468473674,1.1011901374492,15.4276810097069,1.60243282207412
4.64831370561779,0.319547099146336,7.80645215715526,0.699961631771183,9,52.4658048791022,2.75138705059322,11.509767275251,2.9640575458576
59.6961085367686,1.81515958526572,13.9958736346904,2.96413602992122,11,33.9063228309748,1.87076569894554,6.35742921699419,1.5144441246621
6.2140762337778,0.343258371660873,7.74436236035293,0.961070043682987,11,128.250886460516,0.887151044269113,12.1736062502263,0.804380790415538
81.99548167366,0.626596590595812,7.64469388463604,0.722103905212118,15,58.8110929924575,0.881809294729538,2.56459440124653,0.348791314609156
75.995984003693,0.676640410244701,5.33204139765778,0.700205356316594,16,41.6996401642367,2.27935078487978,9.77072673458498,2.68290733416659
22.6050283958407,0.434550063157235,2.15836154019875,0.367281685689257,30,67.5141398604911,1.43983771488512,16.0308411878014,1.40304394981582
56.8134124542119,1.51795061669846,6.9127307996205,1.74911562167349,9,46.7066250882188,2.62988235580286,9.99969315859333,1.53978472501562
25.1715138279321,0.589194284650687,7.96899841722196,0.80195195076338,29,54.771624617583,0.713011526760817,3.9217153423906,0.498521761981505
115.10303109887,0.630123868219086,2.6270009127821,0.375886305212689,26,59.7456662967407,2.84317932688035,8.12233700465064,2.42981380999277
26.6476034078995,1.58374330046972,7.24053316993136,1.47176467388674,30,60.233790650768,2.92768293933177,14.7634124479713,2.91131916169229
64.7479507388484,2.54912800524241,12.9891026435207,1.85175222141389,10,79.8483107619707,0.690704035707451,8.40686158431279,0.637729823962041
189.999981199148,2.52131550943153,10.2903763893337,1.24721445098088,25,49.8933364853567,1.66470731257624,9.07107828062257,2.17457143721336
21.635924221966,0.702001752945012,7.23248620739848,0.892650363444078,28,24.0669920790587,0.539296378366659,6.7605119213338,0.592475302792875
212.929604945456,1.54930915988253,15.2087731390709,1.62754980387218,24,29.9865454409447,2.85359365640608,6.86186859252095,2.10694184751393
95.6377159671075,0.619915761070013,2.52515515806481,0.374665597161128,9,26.4692750143393,0.79672247332486,5.35027675763081,0.519214265372748
26.2679393162043,0.677492703095251,6.10098662584202,0.78290590130382,15,45.0862511159435,1.88173999591395,8.95757385817296,2.72896808261062
42.0886396507173,2.64435472835856,12.0592377116139,2.57529418319758,17,78.6240075051355,2.22605229862099,15.1554497099356,2.74782473516096
52.5072978202161,0.680841179119629,13.2776634127333,0.914082746023009,7,26.6598558346528,2.78977607319938,7.83254744457331,1.52873974137036
45.2762734657373,0.92067253763947,7.89080476516284,0.778101308339974,14,62.752952588569,1.45699524714265,15.1061968113981,2.27046695639912
10.6550934101701,0.4057110971968,4.49212649107145,0.661457223034711,6,48.56578832581,1.34872816223716,12.1332275395624,2.39404429006324
48.9844415134942,1.3014592973715,14.9108920556234,2.54714981149636,22,232.046626279543,1.25315968133942,16.5566614709287,1.71269520017937
71.3978036051963,1.64428286238166,10.2320774857218,2.26307826135142,28,56.5855534976313,2.91604207636376,11.9508179376895,1.05371777612111
29.4567347750362,0.505220544412722,5.37297521038605,0.689495585937146,22,3.68687058511747,0.334162013131305,4.62013927799505,0.731440946560753
25.7069959079333,2.07898093322175,5.90785044034317,1.28667901960959,24,33.1009443929283,1.19702930452005,9.47875836963749,2.02118340909913
35.2970899807322,0.425938659911527,3.64428931537979,0.374290237513931,30,35.1379632192742,2.9068019829691,11.1778994063589,2.7474475749343
5.80881748849871,0.302947718499542,7.41554368027163,0.629768553455211,12,51.6614261445713,2.55840805554734,9.76682553107403,1.69726914266154
146.506736986247,2.37275589858516,10.878554784426,2.54222899919619,30,100.568121434228,1.14523250363369,13.0393773159306,2.72777849461778
53.0729332501021,0.929496814326856,13.4607067218225,0.968714557353046,30,124.367492861565,2.56153380094072,16.4280701859812,2.34589132547438
65.0411945366671,0.870612020393568,12.9854676377946,0.942673229982066,8,88.0308697816409,2.25770799946872,12.0869097193323,1.35812572291529
38.0896121997668,0.60403462825808,3.73702661197716,0.420930496333933,8,37.2208343143204,0.673415811320105,4.53037955875538,0.405572724416955
30.1545917800507,0.778479626202305,9.32644443694458,0.950845642890652,28,52.3702779334113,1.91618612478342,8.24240646823418,1.90561304285648
142.168829050674,2.92485623312292,14.7361387148869,2.57861066429238,29,52.796899666187,0.786669648498409,2.26958664728152,0.3779225191718
143.590763092764,2.63789006928375,15.7191270000325,1.28679051794606,21,19.5282737468131,0.493531132440562,9.93931939546991,0.837740500458146
63.4433148938122,2.93198297044703,15.1121892298939,1.24411753043062,7,76.2140907160457,2.35236118569598,11.2383577737609,1.49259899549504
37.8083503906425,0.812567033879278,8.40310523977387,0.767805179906225,27,59.0419833157433,1.63813569410394,7.12830455181538,2.68127048114847
28.4805233079298,2.21713552421271,5.84161517919173,1.17112180739694,29,32.4286063059634,2.42986328414189,9.35665157020996,2.87456077043469
146.436869122963,0.560779004973725,7.87755876605331,0.561589487209305,30,80.6233722213781,2.95749471989585,9.0879144333378,1.01285477530506
81.1280779860652,2.7722420135657,14.1580405008769,1.97464106950858,4,45.9464588504623,1.35986718579859,10.0180624876564,1.82234417980622
6.37423179141015,0.326212502065825,4.98589674188907,0.428843728183716,12,59.7404054438923,2.12350333870051,13.7308836800018,2.12539394781413
115.656996824916,0.980051649034719,9.9151469617099,0.960740338888471,17,38.8632245393384,0.935553750658736,7.5083310124529,0.984131563712177
59.7899854074543,1.50927586410778,14.49125941701,1.18652831609399,24,73.9730299359748,1.41750327155155,6.98221766802382,1.97685314164658
65.9307544634127,0.780784464241523,4.749882843545,0.500400213491329,30,21.8744463916775,1.01085234079375,7.40390853500511,2.5838642892648
35.3213055356901,1.24822727097237,7.47935818510771,2.00228582679852,28,85.4557481084352,1.15299859443308,6.14877035214643,1.44668072776401
83.8643887701976,0.607457050085148,8.66338214092711,0.846325953898584,20,98.8417165900712,1.04637423388291,16.0611041307545,1.24353608970461
90.5228517688477,0.798556791172958,14.6725115048466,0.988094471959313,24,164.255735174839,2.41421275183444,11.5619695259297,1.64577577508319
23.6627884097395,0.704185078089974,7.15321654890628,0.646570137413704,29,52.7174530612336,0.902240306909457,11.2319596684307,0.841175956256312
51.3800127074361,1.45207395289226,16.3007178759377,2.81729726218361,5,116.661171301312,2.3793220717999,12.228798479756,2.64894318132127
71.5630437918072,1.65469865234142,16.0493826375096,1.59236570738371,21,140.44718169863,2.1981272935597,12.5863092263948,2.80621123831314
37.2218864289887,2.60069204257829,10.2640715605047,2.06044494670916,21,46.5198388366174,1.70000250158609,7.60319386208025,2.86897432870952
7.09660085883536,0.37841926007968,2.53920124138211,0.426932537417889,30,100.634619335511,2.45573932876106,10.9469706120585,1.67078020877621
43.0493453602978,0.857532631890482,5.58700509205387,0.991377656839042,7,242.741826509214,0.874810682434751,11.1640680584008,0.661000113157221
88.8950187715849,1.94800895896337,14.0244140786494,2.83941159371404,9,65.1692003522233,2.44664378468673,15.048922562711,1.33823211107013
9.91617139835322,0.354040326233621,2.00934320927574,0.362981559761208,26,225.414309670269,2.28519399792972,14.0797833810898,2.24574297780394
21.1801532855385,0.479279841047867,10.8197377347561,0.674080133537043,25,35.9562254819923,2.41164825826566,8.58480042863108,1.66574193570967
103.264408474486,1.41585168480955,8.24116831976981,2.04015568670756,28,33.0173809132168,1.65379023879391,8.80527303488922,1.2501507345998
52.7396383344338,0.825405162313972,3.16340156231989,0.423036109142671,27,134.24350549991,2.07823545541041,11.4775130380656,1.29618003775932
128.988342492041,1.14891845280918,8.89188134544787,1.70370614911875,29,215.869581131799,2.8551389554332,15.8660176862435,2.55258113906258
40.3552970775394,2.82369511731661,12.0587883412732,1.81999818933139,18,80.7562262101641,2.26850516864138,5.91611816776185,2.7703567647273
21.452295387533,0.406179792085353,6.82117471165348,0.813912908201721,19,86.850292996953,0.509528931249223,9.48301361086293,0.626452756732434
191.189267733547,1.36587807508562,10.9654718319848,1.15671522130783,30,100.278010276187,0.857793820260719,10.7336193963361,0.954830665265732
42.7817976953198,0.77683127811624,8.12312811900329,0.68086264640351,2,43.1128547937238,1.94546011047455,6.96293274389201,1.86074059243655
39.1289409521003,2.58712220135363,12.9719814173981,2.68938285916756,24,32.2986714352214,1.66994267777162,7.04786772676913,2.79997047785482
30.3201185436039,0.59404710008857,5.2927942700231,0.710487135973372,6,35.5476241577832,1.83313366885523,10.127077131976,2.76744412195321
192.977468154474,1.12691181292224,10.8206021449352,1.30090163710832,22,157.891816650153,0.731032683297141,8.1500377955039,0.712733430600078
103.424981190246,0.991692264091287,3.28805994550187,0.481072670994253,23,44.1667456813085,1.46213984405907,9.96944496442428,2.87685286922926
63.1129960838206,0.840650326641457,10.1723338404788,0.692837356984215,11,45.4251825362978,0.956737601549985,6.94227672336642,0.651994544795711
162.432453530685,1.10396650779178,15.2309281454349,1.64448233798703,16,23.8049645286481,0.680219751814497,3.94742679826006,0.452841702246867
40.6030851528339,0.514467735619762,5.19594768228371,0.573203240751967,29,31.9369561609437,2.42731158485572,8.42634809815803,1.62137869772811
28.5798879944236,0.734804995721851,5.81537286481022,0.650147127316019,20,69.4110246869084,0.897355972720853,6.037639853683,0.500958937880797
47.4928712944267,0.85424143789523,3.98328262329244,0.384786367697233,22,47.4127804695325,0.762323034317258,2.58224067413185,0.404037770063989
37.4342044817886,0.822018362177792,1.64101835591598,0.380797862306088,27,21.4294042393273,0.614934719889933,3.85312548549557,0.532176942006651
58.8747957389378,0.853846525531306,5.08338039086624,0.618252286520234,24,49.8734587638529,0.909192471543588,4.11419866117091,0.491729005132702
18.8715945125272,0.472653386517101,6.00191704530567,0.564422549748919,21,80.4748496828931,2.13724577417043,15.4996819035331,2.86400184862387
43.1378514779312,1.24185204784875,10.6002919363489,2.60399564546981,16,58.1145274706514,2.86609397359501,15.8897136434703,2.71233512756137
48.4300571744944,0.540512592470211,2.39416412237714,0.404064411087909,6,59.2619391394016,0.720268323912984,7.40716132392893,0.526714927651999
42.6426982619984,2.15392768669209,6.49310649527565,2.10019345909958,27,71.5406616081875,0.970670560116422,8.86117224879801,0.641824465121225
91.5807389574609,0.752761032002982,13.9879212024507,0.895282257455604,20,11.554261724009,0.547645574880247,3.00515330843314,0.541375137202956
111.038627284525,0.581471370419147,4.09939975463288,0.406899026337776,29,66.4765844429277,2.48869813704452,8.48179000808921,2.58933067586301
60.8493181407694,1.92237806657032,14.4334064039725,1.04924656842168,5,25.0836274190891,0.964410585381364,7.3923730754726,0.938461099901296
112.048825728057,2.74354740289892,7.84094320578888,1.04438042452189,28,35.8752704769821,1.15872912350708,9.51482079136235,2.08734891857259
100.430062690217,2.50697630959755,15.1433842366571,1.09696384408406,27,54.8721580608745,2.24361339010803,10.7292041231629,2.35394981346358
202.103876540098,1.30547277118972,16.0604386583543,2.63508796328049,27,55.1860133303732,0.515193099180846,8.15982374416755,0.819085852382302
187.236398898798,0.820823381143197,12.5934955203561,0.832711139531147,14,69.0486337065461,0.900165928148941,3.88331714971527,0.50101302909737
30.9456371633455,0.556734866216901,2.84035945743168,0.3712313207381,9,48.7351872308897,0.647665148165337,12.937599138768,0.856384864673328
7.01018945917442,0.326307004918118,5.49471886805685,0.638478547977397,25,42.4690276529361,0.911479892934591,6.16672654105733,0.471695834583633
67.9303003620948,2.62728812595624,6.44499901523622,1.6006324612169,11,21.2817713815932,0.915922099189658,1.22699845411032,0.338638155349297
25.2104192098117,0.982945168372022,0.947147709137947,0.311721414743281,19,38.8384516385059,0.716188059038128,3.76250769448216,0.587320574143251
37.3690010350436,0.597784707494231,8.52079776549377,0.570738774588343,4,94.0535333068998,0.714588462347859,1.7903240494051,0.377764481856354
127.736070678172,0.835753576711057,6.37965564282575,0.485042230999699,20,15.221116964292,0.402404303368361,8.95520100534606,0.659586878131499
71.3089018277063,1.56552917170311,5.95652796383515,1.1608579080777,16,53.3215939895015,2.74284904268149,11.4052863599203,2.64385601586967
45.8766443388527,0.58955664450513,13.2203494238299,0.866077042473659,27,101.201936658528,0.483263454501587,10.6322700208594,0.816935026934339
51.1556506383681,1.78723131585497,10.4931520167364,2.05298253305504,24,28.9206234002495,0.478157698700577,5.00256676878718,0.734954678820847
54.118029840914,2.70893642756057,11.3286307957193,1.26820111133197,18,42.0897346767753,1.73203008797105,7.48805857659253,1.41323980244466
27.2059252367577,0.628770407018867,8.19482759101564,0.695050164613106,20,75.9304458904637,1.9418427283883,8.33951850770107,1.36413165437872
95.1276076348661,2.09039194653592,15.4536013194461,1.2146469144477,4,22.7174075869041,0.532533123017865,5.6163886126287,0.70040296888539
74.5448754016014,0.695920829407403,3.34029304609561,0.397760356472308,21,181.531016203714,2.96543956785984,12.9493361059237,1.19854625145836
47.7479944569512,1.80348602533436,9.12763524864547,2.56863737155939,2,10.8286540500877,0.392793880046671,9.60081979610277,0.803741505665648
15.5853376385067,0.321218542021229,5.42815326686252,0.714593817437866,18,58.8290824250674,1.95536309394174,13.637900790707,1.05009444112882
22.0326663877462,0.522435237876503,5.57011417223798,0.827895657518416,21,31.8877778857682,2.77523300101812,8.84738007060992,2.67312800584709
98.6637379382904,2.39047810054532,11.39730281003,1.05730118607102,16,23.2755510087853,0.490922452455796,13.5574579258594,0.930461334340133
46.3583604362965,0.923281673020144,9.040521950427,0.800019630366234,1,40.0331467624125,0.687192959917743,11.5058577479616,0.952535537003075
28.506181391494,2.35283925946479,8.81756683931265,2.86984387062449,21,27.1778724160886,2.0373902244677,6.15203901257526,1.56675590430124
52.2360616964345,0.769724890303765,8.85178056210135,0.608906147475291,24,120.591301776008,2.82227192965825,14.6358553931212,2.97604741914191
65.0172504888358,1.74135721635482,9.19616176264948,1.53415106349708,28,50.1686814926676,2.62648100550865,9.30978716871452,2.28369349836422
44.7500431388506,1.79861670324351,8.70591505068505,1.5113372016014,2,33.5636017271497,1.23259164459071,7.97507168209563,1.6171443347288
44.5379931046389,0.664707005386733,8.27236004057439,0.909871417285197,3,8.32290565018873,0.398836958012335,6.63087823526995,0.661026018784516
53.0091261936889,0.874190111750658,10.1368732289677,0.910194347310622,20,16.8096877302509,0.451060088018506,8.58193656381794,0.733734794988787
27.3497104963661,1.37857922242777,8.61312204830146,2.41068288233927,3,75.7971971340219,0.942987704504254,5.67116180044635,0.593320037263073
34.7243761156712,0.575008150998275,10.6083133923278,0.956373592237391,4,96.0477755497631,0.910928979511059,7.70668244785249,0.544554456040406
59.0190552944635,0.836729283313155,3.8928118720962,0.571121976466142,5,70.3652078199556,2.15133072528181,6.06412488516254,2.87046230067177
32.0536866807906,0.956649076226605,2.47335012729692,0.395176897835676,19,15.8061040257254,0.648105384466083,5.74996435170151,0.978642998036746
87.3861931394699,0.908666746750047,7.42735644537833,0.702193821319451,8,129.625014001007,1.81947693275593,8.82890686896886,1.09814153934876
76.2071399191618,2.01252655790946,9.29410994828651,1.52256737416201,26,27.4361663075459,1.26941552125121,7.71745048283982,2.48437600090395
19.7144189308367,0.510153268451704,3.32649953687484,0.4468413975442,27,109.150269146465,2.69691820113045,13.4256608684148,2.16495524199491
55.4368415710283,2.79348389821387,15.3074655048868,1.91981565497009,20,45.8033383098975,2.20482770544689,10.3053459639815,1.90164825566228
184.416675526949,0.667527134810974,6.79990085460299,0.503063874893026,26,131.360606013556,1.38925220942238,13.1733674585356,1.11424513125088
63.9013788723399,2.26463998140254,13.294626609773,2.56181629799162,5,69.2651111850249,2.95118815665923,10.8286020150613,2.6137909874588
49.0637886232326,1.49548331646744,7.97562975304421,2.28820592488411,27,62.9702654847393,2.12478938585558,16.4765139763022,1.44194811358427
56.5470116833544,0.93124034018865,10.3549791308419,0.740463382985361,25,97.80120650724,1.5328853140951,7.0402316506157,1.69878942036614
32.7377942610675,0.715624272330318,9.51540848100287,0.747209221386944,11,113.071515172386,0.961487036853638,5.66192134142953,0.728459166669656
259.162787600521,1.36127733288469,16.0326483177744,2.30446429514368,17,37.8869948889518,1.75646108473778,8.63230454905464,1.45968167497525
50.1730905944491,0.937743467104778,6.90763445146027,0.792831668704284,6,29.3761871985031,0.47001477957963,3.93838101668983,0.590969198061839
31.2713591164417,2.96147432335327,9.42840022862004,2.27999426760317,10,98.5007511401056,2.82586878095144,10.939232389849,1.23155833755609
72.5371819198901,0.998314466312371,7.40559808455963,0.860258957530478,30,169.264950409358,1.09526325121581,16.0611716057595,2.69848915848246
43.3342281209211,0.987046486562698,11.6697080141796,0.861820710754818,18,16.7579987762769,0.376153704100451,6.31001857452756,0.755822726577263
6.93590885016064,0.305073505791553,12.1484538390899,0.732797099514663,16,30.9327123906545,0.593698551557239,10.9019260710915,0.847639560757234
44.490157621469,1.29592254395816,11.89751873663,1.00950618634274,19,106.539709995879,0.907116891020457,12.2144062478038,0.874295726637324
82.6573563550719,0.953673957365884,9.73069195457895,0.638261413689614,29,9.6442151930365,0.355538243867674,3.80322058208847,0.411960824762166
62.3677188012131,0.936363954169342,11.5544313986307,0.745905844757546,1,41.0021394926252,1.9079845667695,11.5968803826126,2.93612344179695
91.1104928058519,2.34052070878265,7.09677165148163,1.40050576903258,1,29.6105095725398,0.340785468585345,1.9766417044359,0.356712880906179
64.4015670266013,1.00189407308574,16.8167126247318,2.061695547055,26,66.1820023889177,0.902815497012941,8.54965593216319,0.967261006258637
38.4837909103427,1.82329055708056,8.26163112699761,1.56846458275494,27,137.682623450696,1.94910782854025,10.3437884558342,1.20126254590936
21.1281178806518,0.525500012377688,8.80022195646476,0.771699124023468,14,51.362134991335,0.828382542578948,5.76592394883379,0.593936218537117
118.25532440804,2.05500511364067,10.2082186204381,1.55499496000188,13,128.730676040645,1.97244543693135,16.5865157252494,2.53511519037586
59.2323946496092,0.552258868206819,13.4271378332018,0.83313780769292,24,47.2026854658616,2.43860043759762,12.5290307514467,1.11549496647512
11.8395031035461,0.352687354855695,6.39494508171564,0.755362195962532,14,68.6374540304859,1.78127694100545,9.32396771471175,1.54688790999083
125.83333064903,0.729594749967884,7.96371324703083,0.555518087582609,18,196.869817829983,2.37023473584516,11.2464745448977,2.1386525998446
158.259464497091,1.05260703534015,15.4141401481961,2.07559229880482,4,125.753436717516,2.19747693535177,7.87757792644944,1.62929768234106
48.2695766237176,2.99583719453153,10.4773742377241,1.50368827736147,4,49.2601293953694,2.42349604656797,9.48161062466076,2.98674419639861
172.010219542578,1.12648863570249,9.70254658748986,1.36319471394374,12,27.8243420954644,0.883647022431247,8.36079805057797,0.979170582426535
61.8306534848274,0.850076287050437,7.42531666925038,0.974253164148161,26,17.1585874403698,0.69319179633039,1.1485966651068,0.343866401970166
66.0993601048776,2.40069386244916,14.1174683669036,1.46695704851564,11,35.0666854693339,0.92079897341673,5.9110918056422,0.679598733714562
55.631635206828,2.50684564369826,11.3454119636767,1.39810049259589,26,31.6584972965088,2.4141859491595,7.76591951741335,2.62828934032384
22.2084410440869,0.641273407829395,7.66391802872122,0.967535080008913,5,97.8880380211284,1.85069385113695,15.164877115597,2.19834790663738
54.1187470787825,2.73806894308339,11.6730757898993,1.46616384994625,8,13.9868311734187,0.377173472862148,10.8781686770697,0.89213202030319
93.5446213663082,2.5849420830509,16.2347294138763,1.46130866971623,8,14.8201584017412,0.572686934020408,5.0932475489675,0.838094850616335
35.1638437936453,0.690761382074478,11.2203862340523,0.835139060667534,6,41.5674474500099,2.70321529293345,10.4770766497509,1.85427986854317
45.2152969829708,0.981525813948699,1.44182160809098,0.322504738473851,6,106.272701220227,2.42499783959192,14.4260635822228,2.49353858806727
67.674662489625,0.735237012004297,0.974123695195495,0.344968874381328,16,137.515006061303,1.6616891990529,10.3134684295835,2.54501799384597
23.2300915810408,0.382338719463217,8.45007524808289,0.554581387003464,11,60.7370682986358,1.44488343074178,14.2470893629156,1.81359051979751
95.1560561906524,2.77542357121636,9.82652166126977,1.13445243852543,10,107.438044178379,1.20228847099624,8.21770992116557,1.21736603361987
29.1331640927401,0.631965790805521,5.32776351446368,0.59981620369438,13,19.8655909696106,0.942272506094478,4.18857476757549,0.594289904705035
40.1189034524358,0.786296081859393,1.09634315045948,0.31459998879386,20,204.935317838511,2.87060188075603,14.4614270361523,2.27612750772579
118.451483183792,0.62872030576229,6.02924357637364,0.511819708216808,13,67.3173432409223,2.35506960922778,13.5937236913453,1.70121224136253
20.3186349705428,0.540758975275329,4.61128892385777,0.582864755510323,16,40.380551336104,2.80602555635201,12.6842334909085,2.20162220904733
21.4481969266432,0.9442941217406,4.65288447495255,0.80121585548141,29,56.396244809744,2.67364173778618,13.3757451203989,1.09543214103664
15.2498742425201,0.399470567999675,6.55010479760327,0.884020195534578,24,16.6599166950964,0.916863893301723,3.17767997709402,0.560906114289494
317.417400562615,1.65790749901587,16.9204407978713,2.14442669826646,25,242.528007210049,2.4172613573,14.5014667543028,1.7203267381204
21.4576312579196,2.97819405342751,6.60438059062714,2.61036720950715,18,52.2256741565872,1.96576177865932,7.29586162193855,1.49628430019875
48.1492280919071,2.77837771949037,13.025465314689,1.5082516249693,24,38.1400352164332,1.20270167899982,9.73624012217985,2.19290650682052
4.84989467877731,0.3513715676934,6.69254631408462,0.961120180552388,27,36.3029757173668,0.723431162806645,5.24596258167856,0.437164864052381
40.8083147159847,0.889633064427372,6.61943699552717,0.925998104044965,17,26.408908874297,0.490979553836782,6.72038610210316,0.769240801707265
103.006582873831,1.59581366810882,8.79838972593255,1.44437640731102,11,21.6783294379161,0.425721612197087,13.6511156757842,0.86295859609763
28.3389875173712,0.443414242595238,3.85132858698775,0.434415538577794,8,148.673793827431,1.67912101544352,9.68021662439909,1.79816278283194
51.9349449541422,1.40797069661076,6.68559541022857,2.97123195540187,18,23.5987805813944,0.838858229032829,8.21464474819034,0.926580307992707
53.9955295171172,2.67489776657557,12.3267669254902,1.94481973726204,7,38.514729935874,2.83657739950868,7.99608517274245,1.74702674498825
10.3877801834432,0.311122779180198,6.83096127143771,0.543672257484155,29,24.0580570051967,1.58965821131373,5.1599032187956,1.03115576259014
120.508234738436,2.37994741516797,15.3629156642214,2.44373250060687,17,60.4799777415061,0.915355649902714,3.08234184889852,0.416217015321777
38.1998356201602,2.49061320379478,8.44581324607831,1.26710920769132,16,18.2027566457542,0.555814407240832,3.07033425189544,0.500319694067544
24.9873779180285,0.801348191829065,6.66776379423563,0.944323498959439,7,20.7342562620274,0.463691454046815,10.1944177028079,0.798416333750792
11.3912396870429,0.326723945286528,12.0740969959685,0.795556908894932,17,75.7346393117594,0.830259702019146,6.6595829934961,0.648953038609645
66.0322759261948,2.51134003505522,9.43522670527006,2.27387057094639,16,111.24968033891,1.32338017662971,8.79696227455659,2.90276864372972
77.7256253708521,2.58822942271724,13.6124368857868,1.39624389958502,11,36.1285481739018,2.92201790364994,10.5102855184064,1.45942644014022
35.5465346052046,0.511988820426611,11.4410098802812,0.702931929815943,13,42.3475607976129,1.20363891385877,13.0499283157768,1.0237371107338
210.413696038255,2.79104883676507,11.1779057089548,1.05417004382914,15,124.40745642552,0.502721005736671,12.5768484862971,0.778064980964996
72.0943627121481,0.981352382047683,9.22480856478976,0.676071095800714,23,24.3678386132565,0.55121447405844,3.10206152336691,0.510697943815667
44.222673180114,0.850442482093088,8.0455735237374,0.630548417598407,4,23.533484332563,0.555029802389848,7.64680430802742,0.582027351185852
18.1569661413735,0.633160800045138,5.37511481415524,0.859554916352502,17,18.2698078102055,0.463216404091671,9.4827533812249,0.84104655528209
55.0086441762932,2.15342338065249,5.66326267674303,2.07285884253446,15,43.5567339914157,0.519093439559998,7.89977693723447,0.579417779230568
11.4734931486993,0.350447167845615,4.8215662874702,0.580324244343005,13,62.0477011526976,2.23054226389715,11.7040301968134,1.12855275740303
40.6739982726723,0.557651032401728,9.68442076726186,0.957211101681427,19,86.7263483879766,0.492470121829686,2.88883031777004,0.367821245212424
43.3238365222055,2.38501173454018,8.00272131287704,2.36207996279438,10,52.646767557129,0.448953077465168,9.13037090420782,0.857714480882253
63.8531768808735,1.4418565070179,8.5777690581733,2.13125302053905,16,35.9373727361473,0.395967276356506,9.58868428274242,0.976235254957791
30.6834335414751,0.762311013482777,4.71294057144497,0.479731331872772,7,5.55200971712036,0.326517384733944,3.89996863433455,0.512153269743762
79.3293815725334,2.75982386443689,13.200307186876,2.03478960702961,17,58.2319040944839,0.704489739612621,7.97866915845294,0.749574986418891
28.2438299783285,0.93224447930601,4.72563263447299,0.598070378151708,1,18.2530073724432,0.762111744471131,6.04781905923662,0.86399451237717
21.781441808159,0.58655413251521,4.64289356866179,0.81457902663264,16,109.599578446985,0.909512064080734,6.61991581976355,0.87517782327915
124.90328281824,1.0968546640507,15.6918458975373,2.27257327932743,16,51.9713597943892,0.62035561656245,2.83068469896619,0.345075354971754
54.2311456807258,0.846918320701156,9.1959793497731,0.900878725836159,23,6.22907011547044,0.345697307332623,6.91666136203969,0.762984157103342
103.115143559498,1.20512872121652,12.8175877585997,1.93470839519724,2,41.5609605462928,1.46819430604407,11.62710005391,2.9879273246326
200.055706313663,2.41407044482062,12.1969171676816,1.19198362066355,16,36.8687302009652,1.88930448063005,6.16281337073338,1.03518555172166
6.11305487948937,0.344118603524073,1.52990654158001,0.324189690359181,19,23.9552713001307,0.812234068356031,5.60119691653258,0.7737209366876
58.6429615073011,1.20873361552285,11.5699023265188,2.89699084879929,7,46.0001132621696,1.51987321534283,12.3932822191095,1.44038699641643
24.1068110072784,0.327089880216819,9.85716686716653,0.597768118720918,25,81.4109812668112,1.05222960768375,8.49977427136749,2.00206107040359
11.1346183543989,0.32936744105025,6.91848140979021,0.730832818783127,26,71.7199172582678,2.82882797486649,7.69524558673265,2.2697603599062
91.1090950139146,1.59291305069238,11.4314109280402,2.45744505375932,12,53.7687981536429,1.99308654020417,12.2493015675858,2.28905100540718
39.1153712055945,2.98079958450403,6.21244357898685,2.82378790263306,13,103.290401954792,1.18986258493066,10.8570939761139,1.71547296827631
17.5049057551229,0.487597085423762,4.79111008432848,0.453846061854675,14,244.763965106774,0.86786612173033,11.2399785372025,0.683132678843613
11.5721809423623,0.560103327362227,2.58247510422779,0.454674734723226,20,8.5065823350023,0.377925834963644,7.63365163707531,0.648286158991317
101.47742442187,0.640761178460756,11.8908100768705,0.82875402955953,16,60.1777664849103,2.50354863518667,12.364677590554,2.31476963338881
55.533119308608,0.410818766663498,8.5428771816457,0.84692087989722,1,31.3088674388379,1.60636954104778,7.08432136069574,2.71502898572923
35.9957277962071,1.20764766072995,9.59234948624441,1.11301763608584,25,40.7993767955306,1.78549838537489,9.14799967793784,2.14049037211612
184.214607527939,1.1811580932716,15.3649642288292,1.40393769452381,20,102.222803429336,2.46353502689022,9.89462627218717,1.99534136725861
63.4983737756752,2.95348669157749,8.10983084878762,2.41102997817212,11,55.3606602382373,1.29394264509581,14.9967124348224,2.78527438618321
34.9539196372889,0.552298820672407,4.07773789088924,0.436688388272892,4,52.8826057758622,1.69334041642127,10.2134232766774,1.39445046841235
60.8639785353845,0.80812366213325,13.3549926582458,0.882033478628839,9,5.81359712510558,0.323301514572379,6.57105491417217,0.810494226823695
50.0296842975834,2.02977441414018,9.61691543052005,1.25031497872158,6,28.3573702040864,0.406640586124697,10.5073204715268,0.672795877997147
78.6886969353908,2.85668820641532,11.7377377090432,1.03822335921771,21,18.6992416665693,0.469793011649811,9.51604349889248,0.781409735150504
87.0066466359141,1.3786080354148,7.27304567083914,1.81292394592601,15,37.6634795224981,0.617688972426233,7.4084085753571,0.818619578458659
33.5098988051106,0.886850595280659,1.45656993897068,0.315405256235234,2,165.929224380278,0.902480208232655,11.0004413353528,0.703332568293455
112.195760130329,1.76699130945317,12.5248114147206,2.61101873169,13,93.6668482571854,0.467392974585447,8.33027050423953,0.53313440666252
42.7131462859027,0.760386905122062,11.907149609231,0.906709516227237,12,24.6718510295348,2.73100037889859,7.58119958619164,2.92530825440553
39.0533194376847,0.4453408172872,9.48776529365899,0.869414886537736,8,40.2184495498734,0.871704901817923,3.09867609064999,0.428422253188609
7.17705658973541,0.333854346386342,7.76117199028103,0.57943859218239,29,96.3786323298465,1.85687204359266,11.5347571132561,1.16741364768415
108.013852247374,0.657278136125357,10.245206745985,0.660156126310918,11,71.4297697795631,0.701710299364156,1.47794858496818,0.32053808824537
63.7718393982617,2.74924831398834,14.2532878160864,2.50016885536566,30,21.0502976923381,1.4943150867784,6.3869300919993,1.65106336094153
51.3135686385704,1.51337419914519,6.26639816641583,2.22356257374152,27,25.5293929632843,0.478221436091771,6.71568115765781,0.962618745356658
26.8293088144815,0.821461015912895,4.89139419875673,0.636377841157507,26,30.1123213976231,0.420902261056904,10.9676833555759,0.997881252896054
27.0540296876867,0.55458383500951,6.03438953108903,0.544402930627576,4,48.5546997719799,2.98126157741663,11.1018980858818,1.45482693847819
45.2277683752832,1.85570789418319,10.0733715600375,2.67734665987105,3,46.812037019996,1.60912195326037,5.74268959622467,1.54817514249154
19.1417554718958,0.46371477930668,2.24039495371052,0.386312212371328,27,33.8074969075671,2.194010888761,10.8594247987783,1.94207173830426
88.1434304585514,1.82342550390171,15.719256773599,2.25891993880356,15,50.7443037904743,2.32122228449268,8.72467575687857,1.03362121456197
86.43648443139,0.784306584141491,2.33243508758853,0.344939017144286,18,29.3596375426629,0.713591176954177,5.89124279618025,0.898505936635513
35.803482611653,0.771084307242197,3.23495757270026,0.395229791032833,18,15.5789720368392,0.369319818745446,3.86850587202393,0.463502321122776
46.8924269043637,2.17129825144827,15.4653014059664,1.710432737695,23,41.8674132936475,0.64458933515148,3.04788091540441,0.447815770811364
7.11871961338568,0.312732599702609,4.7968410785662,0.754486809680569,21,34.2346678878461,0.769679984703926,5.75987438002511,0.600932909722956
115.363801316703,2.30005048420014,10.6004620895182,1.70227178565327,16,57.1742603278069,2.36805962522107,9.08085678686495,2.46837769858171
76.5999185484484,1.32302414705235,16.6525148906038,1.95359272533626,6,88.3225489948096,0.554030795443448,5.64300666142125,0.461984790030654
66.5663346739594,1.74556681445422,11.7847754841047,2.38681433589713,8,19.831509877187,0.37756977526606,8.8840581643559,0.754857597910702
183.770152489651,1.31172298345887,15.9734433319088,1.71368267194985,23,51.7858133644971,0.638340719936267,7.83846345700536,0.518952347358764
100.164133482699,1.996647529396,6.30142647361578,2.84061324486936,30,21.2629855118025,0.818051110551028,2.16336502672328,0.393054293882406
10.7909835891983,0.36536467399446,6.93430237704399,0.744671353769878,27,257.245495989892,1.95426732574525,15.1413591908736,2.41285388955547
51.9134202180832,0.595524320837953,4.59581806846241,0.647759045652929,15,41.6515443278126,1.22883180232459,10.9456449143792,1.97927387687379
50.2525381945205,0.537929521429758,12.099663372831,0.782642391610633,12,45.9169164353803,1.68592346813634,7.28936884350936,1.36261276451774
72.6148036620989,1.32837428850569,13.2939978406768,2.48762303260674,12,18.4400595313753,0.660661680621527,6.42712561470851,0.716494745012896
139.046259943031,1.93842659867443,15.16691634567,2.7248244298479,8,62.0832751932943,1.28427631928369,5.95202029437309,1.46484580462708
62.9403736724769,1.6184723811449,11.5809890247444,1.36706827523697,14,115.594901463603,0.950752283384173,5.75331641969033,0.440278829609911
66.6807772448341,0.674540692280734,6.99275748126534,0.569104639685916,16,55.0260377767288,2.90486366612757,14.6729638347431,1.23150711975326
58.3696627316479,0.627065319354558,5.5598689916124,0.780096433294213,24,36.1013351756853,2.50624302761026,7.4638199004915,1.6153604681513
24.2959341789052,1.49004824981157,7.15138190899406,1.21665669880307,28,25.761684272043,1.09880985860667,6.21686000418129,2.16532624626153
99.4784617906406,1.57625227509602,7.97859027817762,1.47421663370488,20,11.4737206985602,0.5577981134476,4.8160488627092,0.740382567723737
69.4608248046748,0.765101305788869,13.9359927350044,0.876954103546546,3,13.1976277488386,0.38006699504831,9.61433351849234,0.855351350628932
5.51526234672514,0.365560185527007,7.08695610280529,0.942733119820108,10,73.4503790658131,1.53341902605433,15.5413116682402,1.78768180838843
87.7938029305954,0.820754823019539,5.27399650880484,0.454717685176287,21,31.0327577494332,2.65879856317056,7.62511279013162,1.44030793055599
14.4014342304469,0.435446440225782,5.27191776816169,0.958063440914643,22,106.693338621871,1.5668578945216,13.0342991446965,1.40894343634287
48.392241767272,0.451516700893267,10.7367329919158,0.944383942647888,3,108.830864526934,2.38865210904828,10.7100683372211,1.33053471670136
42.7201057069269,2.32483862050122,5.94635380810146,1.63505790115145,8,7.9971374709547,0.370733125197038,5.59261062735034,0.740538703345553
32.3244128095932,0.934658000562727,7.91807308034355,0.954013778603545,6,46.2846489257541,2.48941790157229,12.0289388247068,2.91223342951564
39.3691961270089,0.769237814356037,5.32204143064704,0.796951608483488,2,5.73900951578795,0.372030108044647,1.3571638954388,0.379535432423389
35.8196288776972,1.16318559586367,6.89413924967693,2.71076429251925,6,14.7589638336358,0.383716879226794,7.08054365062646,0.574540853823159
7.42091945678716,0.4318866276441,4.44769029043564,0.709922869156604,4,35.0909109042264,1.04305709396244,12.639976434837,2.60646557672901
31.9764208959765,0.565551739399138,9.45177682383431,0.578935729088163,2,155.110100577718,0.831012047110304,9.22861641801347,0.781715017913408
57.095636556605,0.811630064663557,3.02498725234785,0.553275587908229,18,142.913404638266,0.929530316684742,6.77708462256653,0.677294059339303
91.510721140702,2.26023356014208,9.51576140330021,1.19901701810704,12,52.1725797637794,0.853061548380654,9.64432704903607,0.803300458045934
99.1453625269923,0.994487655784782,12.3934181844984,0.971236086790154,24,67.1065172929134,2.71967986029966,14.1674640034044,2.94259848586654
4.95501314914623,0.325948472578369,7.23752574900031,0.905296093184903,2,23.2063721109308,2.52099733726624,6.95635278154254,1.77935201746363
112.899270375737,2.34544118451029,16.1261057137013,1.34645055183806,9,48.7915795330284,0.924119438900652,7.45571143259901,0.848289994421166
36.5539544134333,1.25690727777274,12.333922789793,2.24763478470693,11,51.1689473034061,1.05619505660095,8.41477022237188,2.70439811282056
80.0639456809402,1.49146652471051,16.3047653548368,1.70860790510117,2,102.115977032335,2.70371786534808,10.5652152706276,2.47890801117467
79.722416297858,0.42161016139187,8.17082831249787,0.542791666525898,25,56.0511442368495,2.47641796555825,6.60304844765685,2.06355731194491
23.0506780057271,2.17158629979302,6.56229281349011,2.75990080647921,2,35.3921763714358,0.851789921440647,9.18747467345636,0.87500844785127
7.2320099382339,0.332262128895664,1.35836113606379,0.336338405120812,20,89.5168037941998,1.40347944064512,13.9926592923914,1.53053795309529
85.9524294347546,2.2676498179897,15.5864530694794,1.50417172377172,14,94.8823329052994,0.979155490657862,8.60777657352491,0.627152450474807
56.3168209874882,1.43399583640204,16.5704990222217,1.61689037103075,12,82.7738325762477,1.9357139808218,15.4699541793588,1.22441046854987
160.430690860659,0.956182673951992,4.92298341408871,0.414609216533357,30,28.8128744601232,0.560209084427769,10.9766688649905,0.913885737292382
37.9305381679003,0.643935932391565,6.99772344810901,0.677581366512309,23,120.330609599637,1.29250162710955,14.8014343864643,2.96403794617467
32.4932552795236,0.490128503671123,8.58799279869976,0.596953145146473,26,105.806607610011,2.65899925607049,8.1956611447737,1.61586356519463
127.971511488703,1.61786719584944,10.7248295942013,1.96220849675648,29,32.3425066350159,1.43062743382085,9.56706200500812,2.46999069976843
293.953219371487,2.61555238121747,15.911669702924,2.56420138927157,11,118.878435362573,1.14238592901778,9.08784960870934,1.81279480457734
98.0039446479561,0.84083051555408,9.34978302418551,0.92024026981822,21,41.8376619521467,0.399545875657587,1.53536690637507,0.305189904250596
93.2230270820057,0.808581134412939,2.88057963455556,0.372628670407101,21,60.0621821129143,0.948538457388667,8.76166257669166,0.748730031944699
57.6920103159272,0.992121960409251,13.8902030266867,0.864464368985225,8,3.70046437318959,0.310701597925155,7.56592089730935,0.937432114504312
17.1912702682841,0.802952294335518,4.26749977773771,0.622027799049661,18,102.652879385417,0.692045941730875,1.42841878810453,0.331376333302539
44.9709060085687,1.16231762737478,7.96737293328115,2.45666499577003,12,29.4626733089308,1.2837264340874,9.01491018506372,2.48320870934614
65.9816922828058,0.702067910282785,12.8701308847354,0.795870824498721,4,45.5649633295842,0.92031027261279,3.23448660810385,0.436961585833991
137.396404948035,0.647185518293696,7.75104042325882,0.670131260626021,12,96.0404328759231,1.55684105920975,10.4712707661415,1.20376601727156
80.7919030370223,1.25401880981319,11.244313027883,2.63944584926852,17,39.2422659497533,0.52381828388406,1.07844609619575,0.300562059426974
75.4437617588156,0.841903048096524,5.72391113024114,0.946431067872804,2,99.909295683864,0.975546915499251,5.97323616794404,0.47311824629681
294.447853422949,2.47582389985193,16.4978758116453,2.92708892117587,7,31.2253453067114,0.815851593399462,9.86718492522369,0.816528297345327
142.535291438538,0.904150713599806,9.5983733359462,0.721934101014005,30,46.6806401983605,1.00167623866785,11.8558636793258,1.79740035759075
53.3708408396607,0.785003137942999,12.7847410454061,0.777997976999723,11,111.860287754184,0.601280052972398,13.2101133903011,0.91453948935678
31.2317551471393,2.56328534408249,9.82091183054505,1.826334502471,30,104.326772107976,1.9680047433848,10.9995203764724,2.09911661584601
41.0832492676135,0.56899517627234,9.20975608625521,0.703037322531419,25,19.5741871707541,0.463164976353784,12.8198538631544,0.885343374723002
26.4571908638546,0.623965055052846,5.14785208187062,0.970419480406098,10,58.1138243259495,2.91451659252246,15.464524436712,2.10058971992602
53.7588506420193,2.45467203750618,14.7176906605333,1.10732255594898,21,55.7500750327091,1.87730461934504,13.5417075924185,1.89820066476431
94.9706917888842,0.736035279160944,1.70838558179605,0.313387239587858,5,154.795448099445,1.7984828585578,9.17687447519679,1.96366193003347
41.6120568819008,0.681328362661232,5.18375919390238,0.512415431096708,6,211.539754019381,1.82070897502818,11.2136865934175,2.49069130928492
88.6197515260098,1.04438637063734,10.1931629932773,1.81921397257595,30,18.7408929064876,0.383110690440065,1.79988344120669,0.412468089464459
61.452083840785,1.41242990014007,6.68259177769872,1.95445168573998,6,238.314673456521,1.34542136025761,15.0531833862668,1.40414334013868
83.9284431386966,1.11378667593053,6.65764503470998,2.1998664850073,18,67.5213425408711,1.68777152673842,13.3873366403775,2.95471109897141
67.0952993995277,1.26264786478959,8.19258478090701,2.87738478767603,2,61.0001341858578,0.75362744092282,13.1119312768559,0.886967693074865
12.417684615159,0.301879350427247,7.70780504365114,0.601739286659164,26,17.547221412165,0.90856046277113,5.38625120121034,0.903831074193771
28.8449948966124,0.504135675265621,9.23031256774235,0.845263066330409,29,29.8971676578767,0.420418313415337,4.84890482931009,0.577740046625685
51.76450857565,0.877370018927673,7.37907819269037,0.56674428550547,21,96.2708263881666,0.776511306432091,13.7354906858841,0.918493307182966
61.2698192767082,1.20769142073601,12.3063446750728,2.54053480368595,5,27.2399062123754,0.518853116638983,5.81210173140303,0.529833292998256
31.8366534865147,0.552653648914633,6.59787881389599,0.822771622681144,27,159.569797840937,0.957463834557618,8.39755010697343,0.885760622263334
46.4182237929293,1.45363638250593,5.83386759748305,1.74161423214987,3,35.9742035764371,1.80022693423613,9.86148105613758,1.19740165166935
114.827223805925,0.781569267023386,8.1255427269166,0.943778539481362,22,57.1788104858875,0.765400463976748,10.7507844211741,0.83761487137078
38.599525077843,1.83760298062306,5.80965211696554,2.68722895908076,12,51.210565382191,0.845627967011529,9.29190651517673,0.61957000462105
9.49737737952205,0.483978264561519,1.2734660620246,0.373554483581232,2,17.2813951161491,1.30197805513584,5.82380388527147,1.92260287659681
70.2702257453696,2.08171353631039,13.118363660942,1.65183554066715,20,52.2225952081106,2.41639676258683,14.0774237019801,2.19288059581974
72.7801862390842,1.90372670848116,8.35925776724914,1.09287624213424,27,24.6866529036561,0.852321254340135,5.13374040105154,0.915270435010131
51.8805249158376,0.946225667829797,10.627349740997,0.765575960203665,26,80.976775757753,0.683247665533562,8.45260597595528,0.682950701278636
16.1613472570477,0.506477831152627,5.26913934250573,0.784190556859096,15,73.8663451285364,2.9904014785525,11.3171721243705,1.75206808238136
41.8058641564885,1.13310758006174,14.0179740514655,1.48132768816152,24,7.93926667565,0.370073820028205,3.86874796864404,0.492208411713307
108.526465827509,1.90741110206595,6.31512472664446,2.93473978421524,18,28.2875063116821,1.71299799467963,7.67937770245998,2.10765432769936
107.313913227405,2.01666354544713,11.2142420701158,1.14874793905672,2,38.9221257570148,0.939724642189564,10.6292149670202,0.834797202020449
63.6219430679268,1.70411512741201,11.8197731252027,1.86635224055234,8,69.6044181754425,0.945024526101682,6.13309308344974,0.563531053444329
95.0782007850349,0.960008464621474,4.18511115773018,0.4668985595062,18,42.031386442694,1.68835847199832,12.4690688126756,1.31514084015892
93.32114942005,2.62274016577921,16.2669381282082,1.89893586836288,3,217.911381844877,2.42934022914321,16.4567487752884,2.62548324151608
25.9536206540742,0.439116612272318,5.15272942308913,0.701469125301796,13,36.0823784804224,0.571057117232342,6.87928328309341,0.480039975877731
50.3819917115964,0.589279718384522,13.2595127699217,0.931718283540184,27,61.1080021723681,1.11331337391607,10.5752099095135,2.95300884683786
27.9261122035845,1.68724687302905,7.38778936538457,1.47962888430876,17,18.501281813572,1.98010397169743,6.10977423377694,2.78986808323577
61.705452309811,1.67104337344749,11.3545346555064,2.9451129495225,12,28.7655162810655,0.790389230856559,4.03334288189861,0.456172884454317
86.980137390867,1.10974944869792,14.8634399845504,2.29932636301093,6,35.1908253242845,0.617933255190004,3.04657676695781,0.402094332456328
150.706245972421,0.960689656832341,8.46011856950899,0.952740705232389,1,66.8447198243489,0.920442439645377,2.21713131387326,0.400896917278632
40.0926769567485,2.39025034757213,7.61040311432687,1.83140879438436,9,13.7976851353024,0.542428519971067,6.04626390449796,0.683739697945305
45.9329247157747,0.844833424794164,6.27518747533614,0.654313087285175,29,36.2958548302501,0.798341192346661,4.978665693922,0.623133770190728
36.1132487523676,1.95047069578381,8.10182588744911,2.38913669443239,14,89.2878917958762,2.87924548244791,14.5186992683133,2.66499778087166
133.062878345253,0.927780852001289,2.60339956821545,0.379828693987154,1,183.602555361978,2.58452820523458,11.9402505922039,1.5690577146699
43.7355878066697,2.77607389789038,6.51576911507663,1.32297214000486,19,28.2213922625141,0.914416303587655,2.8142117968815,0.485568518052802
49.149690827487,2.05674993886931,15.842704643048,1.35945566117159,1,37.3001546373792,2.69232055145486,8.14015060605581,1.44293643628835
24.1212880750556,1.33800282613472,8.13748767784679,1.51221489951254,21,25.1339642459197,2.30865946015496,6.46410807185545,1.42355082872832
87.6201429087066,2.14226777601725,11.558776194077,2.60339779927121,3,57.5922482682767,1.06257795564751,12.4562885070468,1.2285121521492
43.9012183268343,0.714130176531036,7.79852127246986,0.761685950649852,28,25.0417486013847,0.304462099641167,1.59154740776334,0.312157386565424
120.733836837283,0.731735899976239,9.27920794228339,0.615302048312025,22,38.5900051715271,2.39331169404593,7.52001937671864,1.32926495763813
75.2318530323799,2.02839969278599,12.4871379844886,2.70490121336444,7,29.7719511481124,2.69261315957356,9.42936782971059,2.89111744770761
42.9368241592888,2.52610352758901,12.2129928802564,2.3437002067747,26,25.4779021193291,0.434071970447977,9.41248127948371,0.789949509215852
12.8986400656701,0.54493194544776,3.43224507482036,0.598743997473777,11,62.8561769186984,2.3949981937831,9.61388399683412,2.57059006794903
45.256779857641,1.71011558007317,7.08201875703368,2.28391173056416,28,42.9045871799418,0.889012443577292,11.4322612254271,0.807188198127954
22.9351688394708,0.479684006156608,0.836078094745289,0.330978516074016,21,61.3712708086019,1.47020127663301,8.25292924730052,2.74900387227169
29.494976222792,2.77516123363776,5.9404350215355,1.9048917091013,15,26.8857727178222,0.751123628016328,1.7757443408614,0.393290164320555
40.8599225225581,0.809167543704191,7.16334119314278,0.796430193427275,12,96.7375123508383,1.1059537797058,14.622446112146,1.17985936778096
79.3083076433704,2.40368339566855,13.5832374138742,2.31654715573035,2,140.046006541763,1.00138726929265,10.6693390637186,2.09467016572539
85.4189113224325,2.81796843350631,15.9048441694252,2.93911864343197,22,55.3493057116343,0.479082690823007,1.59653275075306,0.311475319814985
18.9104862417201,2.3784776904123,5.6628773805744,2.50142832203359,27,55.4548994218162,1.1297401080051,13.76099396282,2.35223200893184
90.3027023256078,0.888867562014517,8.58891060763128,0.755380682859298,25,65.400682544268,2.04420230569678,14.5558876790301,2.33597593720181
31.2002224207663,0.448790814534262,3.99476556162914,0.459820715752052,11,19.2679515307415,0.612685622258111,2.67500639970085,0.471452637967387
61.4480372134439,0.662472464517022,11.5434527355603,0.8185243015486,27,76.1330186730042,0.465729319944074,1.19931289075006,0.305775368167463
190.506453068108,2.10422463544213,16.2236181888711,2.44112452341787,6,12.747878462941,0.540848815376603,5.42312825817148,0.981832268324986
60.5030597738534,0.639013737417785,2.65982659705198,0.380032159757172,14,43.5687911698872,2.53388839920655,10.7964793458965,2.34748364334424
116.371468869836,0.552202040959845,1.60051688614692,0.31490935762922,17,88.3530813641524,0.520267318229497,4.04251760655424,0.417591266970459
91.4125359848388,2.53277072949538,15.0582507425002,1.87904534814895,21,146.694947114065,0.705872133919699,4.14671806810897,0.415258738186444
26.3853303173363,1.52681131867321,7.66949027586864,2.36002879396454,2,63.2747969025713,1.66445840475377,10.0369616841767,1.87242838748076
121.254403522717,1.55489269172762,9.77794945125942,2.95066775524205,2,233.220349484574,1.99471274024438,14.5912346105093,2.30491725553455
65.849084938861,2.94484576345135,9.62758633707011,1.120521104967,2,22.7075659193409,0.608719495838154,1.82250565750594,0.341406237474861
23.4427509414191,0.917347595239991,3.62606919657316,0.509463131492534,29,32.8362681761562,0.77845282605338,1.53052058037473,0.31779429980099
158.926317926558,0.879054627563608,2.41483577793306,0.347149844531865,7,161.184508326134,2.98191504048941,14.1065187723241,2.10204272800069
90.4019621935213,1.44555346119864,10.3746730145841,2.03363223980256,11,75.4741929589973,1.63318088498016,14.5032266941298,1.27252191303664
18.8041325269083,0.493728601451477,7.55126902070457,0.850925580471784,4,33.9865176400059,0.661414155626322,3.20860692309576,0.383453349486096
21.7756665603431,0.65141836117438,4.73055635401197,0.576167482391015,22,16.2924644292659,0.735516688683458,3.90155728178651,0.667774605596241
47.9994740890373,2.01447366217581,14.2328568343467,1.93148444678769,21,54.1543543924532,1.64267572369555,13.6635896553432,1.36280102688522
87.1550086196998,0.90495557366652,12.5331379395931,0.977002355197456,4,75.3416518895609,0.689722328367208,6.66766921385613,0.971936268687965
21.3455725976367,0.508819148194466,9.79776398207045,0.663033587498894,28,42.7541236904039,0.716917765603947,9.04011385420522,0.979122065921832
38.7422245344204,2.17088530416008,11.4854010928942,2.5477509591582,25,23.7100764893005,1.46095412142576,6.27154920732571,1.78934302255344
20.0312566536445,2.66012870272597,6.57215544375574,2.51822036810566,19,103.107780729289,2.43744381618438,11.414786194264,1.62981212781504
10.7431277716319,0.3663212129639,11.472189883199,0.781468814355263,22,113.181430005731,1.01922570021784,8.42672575415253,2.742250554394
75.7775684719024,0.806679417773971,11.2790327977914,0.974097309773401,18,42.1058396421884,2.98427596698963,9.9034133100013,1.32779806497099
38.4055418607083,0.80285256061101,8.00007746074949,0.661119339176789,4,140.288118722948,0.609260546498447,14.2968918956114,0.936731375959931
51.7372903882875,0.707110349081563,2.18834728254968,0.402234597392928,7,66.4363333318859,1.17346642612043,9.8752392280836,2.55376648933999
216.819779442405,1.80823892612653,13.9656649727079,1.58950963333522,5,20.7110421815161,0.869721804168868,4.71520070674471,0.652254576142138
30.0306696419729,1.03499912952244,7.14884316333252,1.46653890566163,20,43.0795063019359,2.09679304492632,6.92985866041254,1.88591276159075
5.17106731291765,0.413568304360416,4.68883113025931,0.823628898016426,9,21.3172683700281,0.922737248001489,2.60925541829738,0.467883255260729
79.7438478128797,0.947982875558784,8.58930632436873,0.573900723455078,15,28.7160120706541,0.955901647857275,2.52127800155384,0.381867648572773
21.6816685633122,0.496452244663037,5.03814929524791,0.843958511551559,20,66.7854590409049,0.740255185765271,9.30399885237999,0.766689272102432
39.05221797062,1.24724782003735,8.47398711008383,2.22737400113104,15,106.43138812696,0.872854282625493,1.7645867183465,0.344212266431996
172.5146137236,1.92749718299167,12.9719031454794,2.14176470887043,26,117.995744194717,0.817110442907041,7.63333575113385,0.524547206770149
19.1622737200114,0.481736533861659,9.41532623545931,0.629256905713155,16,64.037120274621,0.548102145995339,10.8431075849274,0.837506239607198
71.155286317953,2.86984865731799,16.5964003390968,2.45226685001385,14,37.0753761462142,2.42419646122467,8.24841323242521,2.76288006862344
53.864313158961,0.697441126917915,12.3859289205881,0.896075911736805,29,94.0802165281673,0.952008338608941,13.5172776164593,0.854675840568622
126.027912960522,1.43753927962072,15.8720787423548,2.92630346255682,9,65.0891265749466,1.49088316426902,12.5101452205802,2.67616118928545
76.0614028513869,1.6043197044575,11.3685612239491,1.90400071274387,21,47.6788896194386,0.924283228194641,8.24985149866271,0.838850110508528
84.594107587285,2.47623546093125,10.058602592117,2.9474155460889,22,5.32381832134111,0.332798299250136,8.35868284300778,0.972549728159015
69.2708004837946,2.24861500374506,12.1873157880278,2.43760689976407,22,7.70288141598355,0.342699711857195,9.13602112676085,0.768978138409435
45.8180254767791,2.13211332199193,12.0851479472446,1.70182152189286,30,108.359524748198,2.33677518435946,11.9988659113579,1.27480490193148
40.6636533649867,1.61388000846026,7.83129188719766,2.19991990670905,21,54.2588928132243,2.45668282404357,7.91618019748111,1.47030050921166
79.2990189080603,0.875809600840422,9.34357310834237,0.900044163030229,27,92.2044010797443,1.02368881483328,11.3921010740868,2.09439499416624
48.5346157255795,0.584978628610493,7.13189543507722,0.795028673245339,8,119.649997610395,2.2706030901814,10.9819790798565,1.83530396329022
17.0785918232351,0.359801197121558,5.7482759245116,0.447179983202534,9,17.4896353283072,0.341520862526129,11.164468867151,0.705013154434486
124.265508503152,1.60878920879176,9.06382146613129,1.09794849103235,23,40.2245822968302,0.594730452207488,6.2616302038738,0.785204424085542
11.6695035389237,0.329680794491409,3.10582698219915,0.406511795616489,6,162.412965438996,2.60096589247463,14.3754035041289,2.91434954575084
20.1414019001241,0.788122193404305,4.77997213400134,0.799415019555496,29,69.2421178497675,2.81812441202604,15.5676147987874,1.91734873244071
46.0659326621005,2.53700639135298,11.0242149033012,2.66033193761429,23,93.3002946167258,2.08971391322822,6.64509711045169,1.07734990332365
68.5421043693266,0.833598867118214,5.15045820396742,0.527967280306957,16,33.1277881287047,0.534703155709374,5.10672314529351,0.695136158909976
100.390604274645,0.496005260451713,10.3764523356103,0.663043424825415,27,167.027787216107,2.17523721833774,13.454786908681,2.37317881863579
78.5924393525173,1.55844040389786,14.2715115630452,2.58685417550295,30,57.0143382119922,0.950221586166393,2.7398059686733,0.399038488155226
52.0098566326409,2.07681559565555,8.76266717157956,1.49776758785662,16,34.506493013751,0.606212216112208,3.6239799435806,0.379346304466948
38.7393736662672,1.76252144332113,7.13803653182747,1.05358462276912,30,123.760581176852,2.04308563042645,14.7646198948818,2.60263986127887
30.9002045506929,0.667655726739736,6.08013823136612,0.677630990541168,27,107.206109869027,0.613499957936755,10.2486036830641,0.982215838760273
127.879812763932,1.41732909473211,7.86188572765274,2.71142868714163,10,30.8331622417931,2.57322006998599,6.2598012969584,2.17843645632099
63.6691392678233,0.595976478623163,4.30994911372976,0.393823747674482,6,30.985928342714,1.57775382330343,9.17487808310286,1.42396863875687
37.8522492631385,0.518420655943624,5.81642714305169,0.454556005788206,23,29.2913226335605,0.72818084013622,2.1235349060467,0.431035045892373
96.6410343286492,0.787469795244268,10.0489247662206,0.650197053540079,22,30.6508398280746,1.72498148202835,8.84488418542851,1.83633945851211
41.688871281593,0.802228640256622,3.4444699557278,0.407575153109133,22,78.6157330324585,1.35298280821117,11.4261209167406,2.83979705424963
52.6917925149419,2.69673526129719,9.87065116549049,2.26698007566282,19,135.014862584487,2.43255850759223,14.939171622696,2.07779693076723
64.3044203600506,2.50546769780169,15.7430345227068,2.98474093806316,21,31.43101341136,0.935226576337927,5.13103519373879,0.601025974223186
74.5795400560091,0.839801646259354,11.7187583876739,0.956757831704751,20,50.4543954058373,0.720607676872761,8.71246825088649,0.708341963146989
41.0214738716368,0.369118257845733,12.9953600510444,0.820350875105593,3,119.727368094412,0.822537873128051,8.12992505529459,0.598169375187218
31.0588532597654,0.783610353727483,3.47765991465247,0.439419511366156,29,32.2571787384635,0.338512329984666,9.72822398168169,0.775716763338518
20.147184323716,0.616095427513113,2.60298981794326,0.502263996045449,25,75.5545319555154,0.990390404239204,3.8172850227334,0.380165716396749
86.3430283575854,0.619242852620775,12.0068141155514,0.84942414961934,14,48.441482284827,1.33085392103024,12.3367506567818,2.58016390770138
38.8931382688985,1.0347958821202,9.38686182945005,1.38128503520533,27,27.918883094732,1.40637718131501,5.30477037206871,1.13814132325511
37.2806960305267,0.949088560440258,9.74594190666675,0.905435888984516,22,71.3386178822345,1.23804580128474,11.7444375846538,2.63478607895772
5.7220690026774,0.373478794179769,5.04105721569884,0.724173296731744,13,45.4362196780939,1.07668155125564,7.152189489305,2.39637879503778
27.0563015284498,1.81902403986625,6.58937470047,2.18511176373094,24,58.9547403909531,0.700664082011118,9.69967144544606,0.94917167139
35.0402361202756,2.43468191302092,10.0540656863305,1.66331316212542,19,26.8604256321991,0.379510881447055,10.9661087766932,0.801096741146659
131.919929575132,2.0119567487584,15.1848235988611,2.76066887615135,24,80.273765676191,2.58698675750441,15.2556257266014,1.35678894475621
30.8431703302546,2.27638762661446,7.34539976278892,2.87307065724753,22,77.1288245220431,2.73716301042234,8.75932890966719,1.59440928315991
17.9385220218156,0.683386624586826,6.42562915486396,0.977123080422152,19,49.9201291397324,2.8688437318793,7.59290586850373,1.75871145853693
18.7634111825906,0.47017276333096,3.1235548365901,0.483987951523967,30,57.5838621031333,2.23392797748738,16.7184643751399,1.92551474494327
34.5609369721752,1.44143157669005,9.38520694516345,2.52106612492924,6,22.2936103379334,2.51102444160474,6.91116832520075,2.72784652104904
111.077790378819,1.3884892750447,15.4054951439268,1.25446457446106,30,38.3201002585817,1.09842307335286,9.44391228390652,2.20733274434476
43.0770488484923,1.82567693928724,14.3174884132357,2.301766222899,14,66.4457081966375,0.697654151760006,7.25991666710525,0.584489099244791
132.042656832183,1.90489717392127,11.6055791741955,1.83315305252464,10,42.5988631666429,0.882152485965538,6.59951079016423,0.66324837083742
31.315900564156,1.86174153324534,10.0160781824587,2.64964750918134,25,81.2242913019835,2.63076153986208,11.4774913972382,2.20829979704561
45.624971455223,0.888637349633397,5.00573169920994,0.956565989289833,4,30.9592843829556,1.20142882098815,10.2620330389252,2.62727938183382
39.933360547109,0.606079848144129,5.33503948108003,0.918657820459988,29,33.4024059787552,1.38558564103814,8.18982024603915,1.07965033134423
73.1706434606725,0.726112246561549,7.85918396506222,0.576504599510995,18,14.2432910772206,0.318412796914977,2.263922844605,0.338818660777679
106.169457413499,2.21063980308263,8.11092079845382,2.87544791942111,16,86.2262126712963,0.94742825704943,7.62649655369578,0.578183815288143
40.7319687659439,0.990004234354941,5.66338885718241,0.513889615111332,24,104.056562107046,1.78905969414967,10.7310726435916,2.8396902393064
90.5535737367625,0.929788949284505,4.84345018182226,0.902546693846858,9,14.2412942343078,0.455585435110027,6.47954567836063,0.924502491230343
60.5116121445935,1.68752961425783,14.8127164692991,1.59059817996269,3,169.845217967063,2.86049822201326,11.5378534952589,2.36423742119885
40.8311194435317,0.522716764277738,6.60502815194233,0.874509050958984,24,30.1495270161607,2.88612494017004,8.72917187184674,2.87471123250872
25.7852464485328,2.36830651685847,6.9503002372819,2.12674951646071,19,67.79031475703,2.88704661780273,10.8867018869639,1.34395259371105
72.1142608939568,1.40476027416165,15.6388415829295,1.34973394235876,22,33.0722421832211,0.787503278539866,9.82306827514298,0.969922532864497
29.573521150789,2.3109688018072,6.09327869810375,1.09834262700541,1,116.79027679165,1.52549250324818,7.46176783399599,1.8930495711521
30.5426724352402,1.72690693335831,8.92437424596386,2.18199200800663,27,16.9546897613158,0.429995185174001,1.46497269930638,0.347305400827921
162.593127511532,0.578875095870685,13.0646675222189,0.795166471385782,6,173.567458788862,0.780338097935925,3.57445115812772,0.413836070505642
68.7094977981237,1.40229140611156,10.6636095720645,2.77482717449502,26,83.0163246750935,1.91178958670927,8.9613340172615,1.58369812339846
63.6115326671308,2.85972347166214,13.9607054779257,1.94568342850457,16,212.677022325677,0.928425506850154,2.85461602506732,0.357671256931008
34.1525661571793,0.806318964426101,4.21142890610024,0.432179045717766,27,53.6997536704697,2.37485165410308,14.6665043626218,1.9855615345221
49.2576854351672,1.75808207996543,11.8077377899254,2.2728793021054,20,53.3287142149261,0.482623938528309,1.34565439856303,0.341070416609518
61.1801633629449,0.910046938930887,7.12414578003747,0.578353405936912,2,68.978666275904,2.88555964025939,6.93840424323013,2.66709371618048
31.6042059845844,0.692856602910127,6.17591628652611,0.939934165407436,8,119.486586298784,1.26876520894463,14.5626613953353,2.22268713070342
38.5859593981988,0.787405186821446,3.07906304430022,0.413222072871821,26,16.6365399027357,0.42053497718794,7.611450739198,0.845755787670657
22.2198579373951,0.508035036707209,2.80875881988549,0.459549060581148,13,65.0448716296092,0.711240317765493,3.98791239584183,0.412757761370289
54.4045106927241,2.85335916617435,11.9857300720101,1.94962893157939,5,44.5845557817966,1.96175392317772,12.3104539888834,1.95641423192476
23.1593251009501,0.665288313860525,0.818308416275505,0.328373805839013,23,61.2109610298926,0.911954954842018,4.85823366158872,0.546709247059006
42.8507607482346,0.946736204316774,0.984479787343612,0.326395737075528,4,18.5558015056943,0.312511590747211,9.17082244591491,0.767909607665775
91.843506198741,1.63566374396915,12.1113700085953,2.82879277103099,19,58.2152436660514,2.99862351600251,6.0424219762456,1.27545384674675
55.2135759178152,1.4292306309262,15.3363622495271,1.69901875527294,30,31.6843218358216,1.71851730584668,10.0400025985493,2.45892461643435
41.0017042075539,0.818176771360811,5.87355841134919,0.981261614087812,20,98.9406335710675,1.75579375993523,6.31635987852668,2.26297513395002
42.7366144373217,0.650036519827876,0.884054439935469,0.32319561555199,8,29.8283140977099,1.44242711090562,9.34362996706125,2.05159985870217
39.7928983198695,1.37332786406655,9.95425630943486,2.78811013414632,25,51.6892071102793,1.30590236642071,6.90079171603417,2.52433434451254
67.322687338925,0.715564822319553,8.68536730492775,0.988423441134043,27,149.20161862677,0.696966092122498,3.26175862029303,0.368481174293259
39.1491046261657,2.15456565363584,8.29449821345429,2.58349120291282,6,66.223908561836,2.70984610224426,14.6975839869028,1.84529282806821
25.4800480395718,2.70567402182061,7.07362784384251,2.6956337513387,23,20.3740330114035,0.339876899805128,3.24703048206919,0.417854989897635
5.84163728067691,0.348401399581772,3.94527774758716,0.528811825578152,27,96.2433313507693,1.01237269629617,8.99639767569344,1.98711800739524
106.986096969662,0.831710543881692,5.74390663170773,0.664788630938249,20,199.387118465871,1.68731931366529,10.938644314431,2.25588371544848
155.964647552504,0.836597050956929,5.00181937903188,0.44552547611289,20,32.40125241088,0.806534348410547,1.16194348683676,0.333338588301081
116.570711498131,0.674841009699223,5.61846073599752,0.458708304894988,12,153.885179710905,1.80077928683799,15.7173145789215,2.34450511376314
50.5187129369202,0.995938894180795,5.10228782285673,0.486180997536575,11,66.7714961511483,1.7500365274316,7.8386360493763,2.59455457820662
64.3938419471288,2.00260430594231,16.2449501445665,2.54432214315037,5,69.3093524010517,2.62400203545995,15.9501035126591,2.92833227547529
49.0275080045908,2.01458389179801,5.23779447343381,1.0687817789839,14,40.2744692958506,2.64228030004413,9.36944794761743,2.23461428920524
51.6896999567189,0.481817708869974,11.3213308375373,0.924724651662576,11,65.0484884691924,1.34866235604872,16.3281854628134,2.2082977279087
140.835721043923,1.23268183021136,13.1026729025999,2.81845397766689,9,40.8271533391675,2.5264680741729,6.79084291572315,2.79428694642586
62.3769957035534,1.481476107665,9.54201757873421,2.48838176293076,30,39.7012827811139,0.795946071197645,5.0264869025252,0.496215696335107
93.658018947805,1.49334437610886,7.9833876922821,1.90939597283014,1,51.1147120516833,2.45720779002324,8.12707807598194,1.91678673054356
49.3233907942195,2.12527561277099,16.1598122879477,2.00987564449799,4,47.6373143922356,0.643492038980314,4.60997205378161,0.715291785077924
18.2749462559589,0.386050120773767,4.72666427106718,0.453913717269005,17,8.26037899106514,0.432093709492022,5.59710025908997,0.794990972458598
88.705419072096,0.7257059720546,7.35825489673923,0.764072241409469,10,11.6863466410492,0.601732783952996,1.77017042470694,0.421535039121795
96.8391852138371,2.50334851005088,8.24649295270724,2.31789596220259,25,50.4131000583229,1.90264067833887,14.8696552263283,1.40027758475142
38.515358450869,2.57976859608638,9.72058270340449,1.1970483708947,17,29.3392587692898,0.956678219206944,2.73124839260728,0.387623333638867
24.6885182588287,0.722424825104611,5.81687071481682,0.548235654784814,5,97.4837681371686,1.7666927848216,11.4809806932012,2.6444617472887
19.4258109965654,0.703561661711435,4.6732104538827,0.642676744631035,26,227.703208912631,1.70731561019571,13.21449420477,1.77479455227714
130.338704538733,2.31988718532379,12.4349457980199,2.61616869200953,21,77.2126517055346,1.72421168963434,12.4810007503536,1.13931544791458
56.1110180084438,0.718829303136496,12.4918272368955,0.939185610188116,26,29.1719398787544,2.6636543194083,6.9541059683568,1.92042499693806
37.6747305015572,0.807139691218767,2.42257074815813,0.353218984327436,5,43.1663511025164,0.622871334623331,11.4910937049477,0.902874443260473
62.5126860267975,0.812298882191081,5.8531957468334,0.980921585330632,28,45.3207071810501,2.0803445693781,13.2533682664714,1.78048382314184
8.2625522022068,0.441916612601288,3.19303826271455,0.485345210924323,27,54.6134648990318,2.93957991979838,8.11955925248785,1.45737106822591
55.5726274259401,2.08143913959304,6.55573695323044,1.81098074807151,13,32.7179016287936,2.37131600397316,7.45522889029656,1.75763902214974
115.042213015781,0.597266877999371,5.9714042645831,0.465067269622602,4,41.820291323234,1.89462232208875,12.9450518412414,1.36845489009469
35.2361190380216,2.56815785245673,10.5227283948668,2.00011734624858,1,19.3174400862206,1.40150706778967,5.89168309422977,1.22691306545127
54.300511512555,0.738510975419397,7.05830297058678,0.761777821010831,13,55.7986146546947,0.81597559859042,6.32072617449062,0.528986474611397
30.876561329874,1.93190218632847,7.33594964490677,1.00428115061938,27,22.7716943885757,2.24386071335768,6.71376504906025,1.77821733055004
46.3658562079979,1.7583429976935,11.247283222173,2.07436538622992,28,79.3657506260802,0.933611065655933,9.50613787928202,0.691637788576748
31.6326509363698,0.622868729662772,13.8546512103526,0.875049138439836,28,81.5501387450178,1.15013136107645,10.741346592602,2.51411145887014
37.5957663706916,0.874263295660171,8.87895563217022,0.922481781490409,2,25.6152264622753,0.667953936676276,8.6360620897883,0.775249830199933
89.5698872165498,1.52946773300711,10.8612766934347,2.08877784229249,23,81.9717025706479,1.6422933696701,16.0250841489004,2.66558336918298
9.54328409026853,0.38048833216904,1.51610302885403,0.380166180654097,14,86.2856943413082,1.41593755629367,14.062127814676,2.05797314260961
52.3282971844278,0.968766602925892,1.60680607130883,0.315507352722487,15,19.2028774359207,0.377455728964975,6.77272430058329,0.551163954488816
70.4818986465495,2.60629710401778,14.1876666256114,1.54403067629413,6,39.3149631485133,0.528839628269571,2.88864484875425,0.371566008223678
154.94241569051,2.27390159743888,12.6192105535658,1.17606546706522,12,43.3397409113582,0.791460090060341,6.33063233450301,0.47610801829375
61.5951833892051,0.884458676098548,3.66251302876872,0.488878788936281,12,227.185854692959,1.81715963590308,15.6932103717664,1.92892349393715
69.6700397112518,1.07464783096235,14.0549005804028,2.00403054909307,1,33.077664134846,1.63721419383938,7.05435420017482,1.10897242652463
6.73659882503963,0.324794529654397,13.6946164103464,0.978432101969329,14,85.3350049548785,1.52296817056015,7.09534147354029,1.26811052639699
27.8620440614767,0.481501223465374,12.2360777991765,0.907650553711783,25,11.1272387340576,0.374837374758591,9.76733795897467,0.621588978083979
32.1377765538052,1.09830580169746,10.0556063907703,2.3773416942176,25,60.1104404465643,1.008830765779,7.81472554244278,2.10939365303177
73.6666274210849,0.981229774729157,1.57618559984906,0.387473500735271,5,32.965481319056,0.609714290747557,7.73923349285082,0.536765601123357
29.1082873509283,0.686477433569347,9.5386861880204,0.795176533502182,10,30.6855278823316,0.936146542263124,4.39398201953207,0.477551989969709
35.3882928013411,2.06281330955653,10.159480179674,2.06954229802275,29,7.30782936291542,0.400186423922997,7.74060599790264,0.985726603929191
40.3143620503906,1.71658106481315,5.49753642168891,1.0890671606381,9,108.826211879929,2.07630632498699,14.2675573821727,1.7536993626706
36.7776557215117,0.893065606129462,3.91316068628464,0.647131085450987,22,42.6507093432486,2.14037665026805,11.1731882025021,2.05483103821098
139.16751891705,2.39851309495184,8.66588374256049,2.11670433025732,28,25.7210990782119,0.561112504901484,6.01515861514531,0.857296199428718
43.0137362488381,1.42996227803001,7.33474218952133,2.08053684573099,24,22.8371672963301,0.848498711186142,1.70278967444206,0.396575310182287
102.379580440998,0.917479801244369,10.8299506616996,0.786077748750273,25,37.778412177472,1.6693791771664,7.80636356335749,2.38931681063049
3.35625408774842,0.30975739356809,7.46547171953309,0.927765245779562,13,53.7182823347782,1.40394350090119,11.7503458293708,2.72860231013817
46.7439166802898,0.74657054098304,3.96207751840553,0.432262438588616,18,18.5232159826604,0.397856219334496,5.77192396811647,0.779956650008633
47.3071392943187,0.75014914018131,3.2355833117426,0.469239058367301,22,13.3262825897684,0.577030213987737,3.32253779308388,0.518585115700406
55.5602447278769,2.47669955692487,8.95059336073903,2.37759836084,28,32.7350848206609,0.99032213712696,5.52968234031186,0.69474915419526
59.9993619360014,1.81692088032714,11.2920067986358,2.09240719077301,10,18.4809749561138,0.676217628702215,4.37096589219093,0.568587885749928
30.0739517099389,0.932639268070982,5.80592111350007,0.981509294352308,1,30.4214330775219,0.43964683727233,5.55780151598686,0.558957451524988
49.2706283524053,0.669917214511675,8.6539175326903,0.548709004446235,24,87.8021404885817,1.64046475922758,13.8313390131772,1.6051683649696
21.427203702228,0.553519156337342,9.04740800689855,0.881787936957889,27,51.8015813106322,0.822458438988368,3.75238642968943,0.413864289305826
18.6844233444084,0.767638557553917,2.90990420724042,0.486247516270808,29,17.3679568334498,2.58311111353391,5.62132380689065,2.75445590241561
63.9004876398985,1.85787770199089,12.8153309182929,1.84016921429869,8,71.1181858624075,0.611580381415788,4.8276943074657,0.64411146391698
157.685424052104,2.59174196091069,13.0871764479854,1.69383030268293,15,44.8913400176902,0.53051132382881,5.08215106248823,0.432938183957699
103.024528400854,2.47335295694681,14.6422886990022,1.26142024616643,13,139.434084702239,1.5357062870306,13.82521563629,1.20177444682619
58.0702314598476,2.46116763629233,12.8076869554138,2.66660240808949,6,7.19324193924631,0.356724025673915,10.5077315896132,0.871522865114154
49.9071993840015,0.557643214531325,10.2827004115965,0.671823132559967,29,100.808472718505,0.4981635483727,12.3729685175488,0.768380933014436
9.46517121476267,0.304470578616568,5.16785547378149,0.659334849916395,16,22.685196450247,2.58099881554678,6.63731117992302,2.23715770544072
73.5298965058787,0.632240058941619,5.96298518850199,0.490403701573613,16,92.4694533024087,0.73004659363412,8.7599776303114,0.666763077783115
186.090041989649,1.48980645203185,15.605433967854,2.77113794496861,10,47.2278739773694,0.998193178102913,6.73981837670118,0.771910806903079
82.8467374323318,0.922262881883994,1.2848646157613,0.341826506479384,11,49.7682432195247,1.45566638224797,14.623611247972,2.20744919259431
45.341518894354,2.48620232063917,13.3981418883578,2.09289769680576,8,41.8196518562994,1.73490899418889,6.83085970243884,2.08633587390993
52.465503597257,0.830130281627869,5.19787614024932,0.476711265482035,26,37.3238994521064,2.21653568455048,6.53056755703622,2.34461519520613
142.131932059629,1.02309381355327,14.6560142561859,2.40500252280333,2,29.2498146538963,0.323956300754435,7.34488376677175,0.510604942897447
81.5441765725442,0.848585684460256,10.2537583455512,0.799040768677643,11,55.9699463203253,2.33482306968014,7.55590055639748,1.22375728165292
50.3855717706345,1.61789743543203,11.41040674,2.92826474150178,5,22.5061176245924,0.437219736385131,12.0199444940347,0.983412943581551
23.7353435213738,0.547745209843848,8.75802490161978,0.940354455951602,7,88.7677060597137,2.75997485817821,12.0492241582732,1.95202096909298
97.2357489385392,1.25773987788441,11.7330021023944,1.38073895194617,27,16.5109076443876,0.414411993131726,9.12456679819654,0.568534308011178
72.2603224710025,1.3792460678908,13.9620213516209,1.2389816112985,7,26.5171541100426,0.988138336032569,0.955169983259259,0.325674871673047
99.0135466795635,0.684162629043699,10.5716529494232,0.956489783348122,30,38.14479121006,2.86979222315264,9.02327648869326,1.99853606800503
43.8641284943259,0.995688236060053,9.84447673246313,0.64305171525886,30,53.034066692364,1.09771918236085,6.54218304864676,1.40526401364605
42.9695952111745,0.717642841882132,6.26881461340834,0.622307560421279,24,89.749047546327,0.915636380681832,5.30751717012379,0.53597486222967
22.4580117458877,0.358519874253146,13.0668158044388,0.969358791453422,10,170.192390050571,0.74213452751079,12.7353194491826,0.969479769095341
23.2329286201085,0.466879550399515,2.5604991949608,0.497360419496813,6,91.6372159610907,0.960545624638612,5.20813761819548,0.711262673563767
14.4223120765655,0.389311091384491,2.02040649704388,0.337536097961876,27,3.87762622275172,0.318319251520706,3.451423341702,0.59479708014064
36.0314582718373,0.905327124903145,9.55489426137804,0.985262416125098,9,26.958007867861,2.45189425123073,5.61233481091559,2.88587266269956
94.8367365669918,0.679301503386438,9.2161176322469,0.573666830226727,2,69.7032317951217,2.90655353059917,16.4461127507203,1.5697836949619
51.7147195959478,2.41349835724215,7.68240309559829,1.87139490177721,20,84.1956038756646,1.13205525106553,9.80535481804582,2.4446600067492
198.602362831541,2.06669202587276,15.5421126031128,2.33079108844341,20,22.8141282322319,0.79784143922691,6.37090171460922,0.942849407258663
35.4014409705821,1.84697711855242,7.21921002982809,2.76575355530218,13,24.2023229363308,0.538312422369046,8.27577162031338,0.572983929962709
34.9909282166317,2.08983603390038,10.7548268092782,2.38854253349169,18,30.7044196440324,0.751113078916662,2.23226038503582,0.345527233554647
23.2155743457415,0.717337151361656,6.01723833626412,0.759120574241503,7,84.0454889857516,1.99947134662909,12.2133698013612,1.57384621930942
50.1807986957288,1.96527188715166,10.965925654338,1.41007512605966,10,13.2716798940246,0.468151588692914,8.62233562070947,0.79054915403904
64.1885124950114,2.63599844241136,16.2527284157086,2.36667504321664,24,33.334582738069,2.162112827146,9.25791716628047,2.16360079619067
111.591382712738,0.880454854499868,10.1311950155293,0.898336229804514,8,86.3503080273395,1.56201302713769,10.7104301562683,1.84611754576465
53.8775159519344,0.677633218669939,1.51200220809999,0.318308714278038,16,120.558492132182,1.84260627866551,12.9115669736113,2.2917913196764
39.8841518708534,2.00007931187326,5.89061564718544,1.68111532161592,27,69.2273706700476,0.587190730554027,5.65044596150922,0.615566282313581
125.977202010138,0.635005454880531,1.33382952679564,0.307725745731191,2,152.882790499478,2.95823864134798,15.9434695993257,2.99274037086229
38.6720176325379,2.40195410011476,10.4383218684031,2.953161097993,1,15.0164170249802,0.47551385848634,5.89621136751889,0.560533186319065
73.4191515017803,1.22806080081497,9.90086672058812,1.88093454631929,5,5.94364268030895,0.340289258863012,7.10786071314821,0.753030757055669
70.7323192433235,2.67029171960825,13.3238116563968,2.53848103252466,30,24.5401285281633,0.943894755895731,6.3134808608486,0.816217265282538
34.0340369265964,1.27916863687333,10.1200104912382,1.2494175948372,15,66.8575285290535,2.00022416935334,16.5493904302496,1.84202258412694
63.8296932563244,0.537770084156101,13.5688733141551,0.940806878965867,16,78.396376671237,2.42508109049938,10.9345251647008,1.00676263157689
37.1519545538223,0.856315105457332,5.51474073192971,0.494830023100872,20,32.0880197259247,2.22716191849337,10.3899746410818,2.9595004025603
16.4811691213997,0.449409493210194,7.96448515120819,0.984467485517101,13,144.348667005312,1.69004245228894,16.0066940506405,1.90668853351155
105.70009822073,2.88888636324363,11.2856407158001,2.82097298313354,24,42.3348385343943,2.11560145968571,12.9185445693811,2.98486780848858
48.136149340094,2.01783493299182,11.4412230471012,1.75644144572575,5,27.3310946267923,0.41830884896952,7.08233978848048,0.612341809392991
79.8432960790749,2.57585420119849,10.2807823638234,2.93877421966517,30,9.44766014934909,0.447023473284917,4.06196709817865,0.568646501989036
55.9775710521607,2.60456365759118,15.674193124767,1.89591183965818,10,47.2291376153132,0.777067954437832,8.13368087678883,0.935028929004895
73.4453535883827,0.754453437931596,5.45296181076045,0.445916722335587,5,77.4681921828282,0.522145582616547,8.99749085782675,0.859040713643595
38.2478958668181,1.59879084962405,6.89658395940328,2.07070984571636,5,24.0117006120436,2.13402753690893,6.24800604341712,2.66872481686789
36.4456940283763,2.12452148193855,8.13017904315332,2.93427845878509,29,2.35286756614398,0.304202050706914,4.35601795665896,0.728537029068052
9.41361813538306,0.453517988471771,3.43862503445557,0.586521356414618,5,16.7512194864605,0.5291703227052,1.05548895065921,0.317431396308945
53.420846303109,0.508928354183146,6.92887671845877,0.918512873148077,10,61.4836705220296,1.35165526326994,16.4396763908888,2.82252870887767
159.561901848306,1.65020439043528,15.8488716079916,2.36198631007896,5,134.971498450411,1.80457213687188,15.8707187924064,1.71306297300019
81.9231479858024,2.0002306834631,12.99221205965,1.96645106863489,2,32.8107067411483,1.94423649456639,6.01979181515782,1.51458901835947
137.051881129133,0.703191531098129,8.02475126578644,0.688347105480797,30,151.906682251391,1.45823107657789,13.201189274245,1.62165582661841
249.304530060558,1.8315833210131,14.0109319895571,1.02138192371415,24,101.837280673046,0.950541654287335,3.95814686387446,0.493568106302313
233.503518661662,1.56201649110318,14.3281823549162,2.74194170632542,6,55.9778371499648,2.5977362458227,14.671521382479,1.82137964714103
44.7903876493047,0.757505464654074,1.43421872775821,0.354514871102718,25,172.687147558207,0.77246474908952,8.58876793347596,0.674990926849877
34.8392410196485,0.901148501879599,2.39525509286502,0.404918975014602,7,19.1212608208491,2.515685993832,5.56340899722198,1.21455619711954
58.2035269028733,2.27495072672702,9.86386378856565,1.61668130937393,4,58.2295659397127,0.859055147159325,10.0706562972172,0.886096312109798
60.0756910118243,1.39661985123292,16.6112374144832,1.60485973035753,2,34.8801086345974,2.79470001040447,6.12208520174912,2.77603993079757
39.3163461182424,0.705232779623841,10.9841613013988,0.704856416119478,26,62.4513809741943,1.91102992511208,13.531887155701,2.97728355902663
62.1955777705987,0.56468747888263,6.42485425237798,0.97189666677446,1,235.14306450787,1.33461692218367,13.3208318397788,2.3283386892602
112.158861472018,2.27109596418975,14.5444095861327,1.25775118423065,10,55.0130246981205,0.67970006094646,12.3924038788974,0.962958278204599
41.9010873208673,0.843584840770167,12.5414360822407,0.874528281879579,5,37.3322066829522,0.739527907670542,2.25147958467954,0.430434120001157
31.0878098380648,2.25674567164435,6.57265235477736,2.39359602790029,8,77.9133615295675,1.33874448063708,9.06687826625205,1.34471951698608
16.4008769753465,0.446587726538975,9.34254450547643,0.929739023313909,18,30.074390154849,0.970607289707888,6.86267773942409,0.731136392007782
56.6651927637904,2.6490602812568,13.9355445954807,2.08991037238372,13,135.797416002389,2.85932368809628,12.1051555801562,1.24049552696863
40.8357306863909,0.669803949612489,6.05767260849909,0.4885509261712,6,43.7792339609035,2.52106734446591,7.23557906250086,1.57267811728977
90.7921225773277,2.67959923617565,13.4391482236972,1.19501182993571,14,34.6326415079832,2.95640596850196,8.34078073966857,2.1741637378408
50.4713220789438,0.583034567892797,6.99727739050322,0.492886144572713,6,55.8316907164816,2.77791137547384,9.82225607862383,2.98578148946947
25.8702863119106,0.64613167199556,5.4255548239068,0.75845969667648,30,17.2982205970315,0.367810729925202,11.5253793635071,0.830640298829758
35.0984245488462,2.18416700551641,10.0266973648505,2.96120307533184,24,16.6075842766327,0.418164080290705,3.947407721601,0.688200444012556
25.5852473227141,0.646117010204649,3.82093833059539,0.62849116220037,28,34.176509442152,2.0586118025746,10.0909352150832,1.60456671032998
132.234889311704,0.900776970625241,2.39098799273594,0.351302110693615,2,42.1442718782597,0.755553053877419,13.0721369316252,0.962621331982556
34.3281479813361,2.40200694967772,8.37008307907828,1.83422862560736,25,5.75955605070106,0.324013072463437,5.72222073851398,0.524297194447825
130.710103287651,1.97000682759128,15.5562598606051,1.56363479041655,4,24.9758500698065,1.45948469082949,7.23035285105447,2.89608040097614
69.9887272377145,0.814890413229058,1.22813711817811,0.325013252942471,27,69.0865550390764,1.7940170652046,14.708841944499,2.79075716444223
49.763953053859,0.895673554034482,3.02473264478953,0.386354544097993,16,49.351977291488,1.08703999888681,12.8608461040225,1.09091566804039
127.155275812807,1.20292776293857,13.8553462785943,1.37201520484205,1,34.3084353000522,1.42743876798572,11.4061374507528,2.10640157938043
31.2860224123435,2.87530698052905,6.01332323145111,1.25254369005042,29,25.8734509593358,0.633912127073748,4.25545863577535,0.453709111935664
76.514994319659,2.77519191733361,12.2721636177968,1.69598588297116,15,149.430033460104,1.64133297953768,16.1573148808898,1.60499108886083
61.1944911986067,2.0087087187088,10.1355235723492,1.28110592477526,29,26.5873723426469,0.527775185094847,11.2401432770841,0.701529128286412
43.9749002160164,0.787057117592607,2.79047199429953,0.529081800690955,26,87.5298370917377,1.88507160757212,11.7171422839578,1.41584741693449
260.807006453915,1.64713023761807,14.0638619915207,1.60953550610649,3,105.00389999762,0.879866485361616,3.21611308555744,0.442828365679489
212.849327087829,1.10091872228654,12.4265878810871,2.92980326304834,23,36.213875464929,0.628879643588437,3.45434814163299,0.408683529091921
143.957546122211,1.31342818739719,14.6347873482555,1.61381474845703,30,10.6150124566886,0.339503534387924,6.32531396775336,0.577037244202435
35.7350817401194,0.477700092610186,12.4404311873213,0.918487484508773,2,42.7842298614311,0.618550731099295,1.04882758996407,0.340586100203754
93.2308508048139,1.65494434596653,11.8919305245432,2.1498305189956,26,57.3247600942607,2.61125254686856,13.0664731523219,2.31452679541321
25.3828921061196,0.470211397043144,2.16770470699237,0.329482059088009,12,51.5500161193841,0.811643922833861,1.52157444780316,0.359741660679621
21.9344590320537,2.56743273222866,5.885595824875,2.49069787758387,18,28.187153241773,0.519277112146633,13.1792636553601,0.973187125400648
116.945618289239,0.605370085650054,11.1675172416976,0.940651595174962,14,24.0896980945511,0.516704308708793,5.74235719097636,0.504623119975701
74.4424916281323,2.75010946803376,13.1398691327725,2.81900389895209,23,14.7847388291655,0.405913008374211,6.47255132576263,0.748247420214085
124.259928572659,0.797268316443825,8.80292571784957,0.744333549909695,9,125.705137012129,0.759812511653986,7.98083478639106,0.973535416280625
25.1165691549991,0.369727026691569,9.8395946023231,0.910931217331627,19,76.4566560474182,0.881862990563337,2.6537193766277,0.339179985542091
82.9300448011261,1.62758381405971,13.3377088668178,2.81223627225492,20,182.626872243994,1.53844849658436,16.7729771406029,2.60663328379885
12.9424733202231,0.537501242719168,3.6482644276674,0.523839164140479,30,34.7469867878983,1.17470072230456,9.57185042192349,2.21389791159648
30.5358723885103,0.448607519443015,4.26912478853142,0.470634333219292,28,44.2146606524994,2.31266328414037,12.3929433300787,1.97589105677967
119.739141054104,2.66251327986921,9.8052767850002,2.69711967872363,7,45.9214682421595,0.853136566006461,1.62651013889368,0.302468306618165
29.2247216074218,0.531078812378821,4.49093701204602,0.60693068128433,6,129.097192043748,0.951848160332543,9.28905235810991,0.632707985891805
69.6012176564879,0.9609295448269,9.6771436110317,0.683833750501933,4,30.5480926257822,0.403291540148879,13.1209714508385,0.998114264813651
40.9895711086692,1.87169164477838,9.49611433766267,2.8050461874926,25,46.3371722262648,0.75859600921467,5.81127894678311,0.878902285918643
124.178913030014,2.15259917762556,9.5327638015739,1.05084372234386,17,42.9244210471353,0.604048324482586,6.89749099114867,0.537526954866506
18.4535868725175,0.609310888645968,6.40333967078605,0.836566215991392,12,54.8542172113979,0.568383187453444,4.04400591779189,0.400371959864289
14.2850167261152,0.322124854085291,3.79761513577798,0.475259803443307,14,11.3431831465931,0.558636642357649,6.03149203258429,0.965745896185635
52.7311959089559,1.64927836725025,14.1912653332187,2.30640710694037,23,185.057181447818,1.39129097553981,12.3272345112457,2.69870759217197
221.606274626422,1.97807330838302,15.7254593380157,1.77346542380481,13,145.452944769905,2.34133715321636,9.58358484255068,1.8110251050261
59.2209092090717,0.625479363987683,8.55054181268523,0.739912404595771,15,34.4249173208894,0.31299593272595,11.0750772619816,0.65831360550292
12.4231891354355,0.548292777239445,5.72649609670274,0.773237379029239,19,28.3047346363872,0.66534158084664,3.55660406748073,0.510206690592141
25.640753109685,0.936098262420004,3.85177292887779,0.532984784205853,2,31.2372663821835,0.666353350908177,10.7656053927221,0.837966812932483
147.962765415502,1.81023070832215,16.336883756545,2.3284613185083,4,48.1722811738616,1.42228441638821,11.3597096347422,1.19845529357744
57.2645537612362,0.561218592002273,2.88721003314878,0.349401041554472,25,29.740233900364,0.81303453621221,9.88292836883205,0.887481920359394
5.6288223556102,0.340054475350309,3.66950973442809,0.458320317173302,21,20.962089141902,1.48147907962238,6.09175988292895,1.196566430164
75.1933926402013,1.09012603101282,7.38646774586426,1.26981821748258,22,122.062356848942,1.28626954347618,15.5537863734896,2.63069007370118
49.0396548913251,1.29826977789801,12.9806274652488,2.76190625989588,12,29.549761064079,1.87979247331975,6.83530362527547,1.8269947115694
83.2251749946421,0.831268954933224,11.9496718729823,0.795683246978568,16,138.421280411245,2.11980762244749,15.8446337447025,2.91957348579061
7.40608397537607,0.327337368154489,9.83539151230855,0.653080877598112,11,32.903084740576,1.82025280699129,10.4339504478959,2.88609306768239
75.1806130717795,2.40444950454053,13.2004629580043,1.64745342313393,9,34.6670907162716,0.533056641825824,5.79785495627755,0.783006284981196
70.5672947001946,2.1030470220426,14.4270150680772,1.44320386128691,6,46.7761197988197,0.771811210743572,0.826424916906219,0.308137631155107
37.8596433260435,0.433173825870197,4.61143057500083,0.447765724994081,20,28.7253148201135,0.803168167376985,6.64485243816635,0.990098790266937
43.020263728727,2.89733457066097,10.7660547948175,1.58987531935535,3,83.2744394430372,1.99879900496014,14.4572379724818,1.10981213189043
29.8775165137934,1.83691648994905,8.72367248414552,1.65306145692112,24,57.5642600450008,1.88994842532482,11.0972524361506,1.68182480669684
48.0879046332543,0.598980751248793,5.16320417217219,0.448651132723036,22,57.931304845234,2.47010744450949,12.5053060868247,2.42742188211608
21.4373865805297,0.802163147910095,2.74185050228282,0.471015563830815,11,61.3464904506882,1.55628351799194,6.01720210510564,2.0082737491411
26.3716507039312,0.82768163967181,5.78343210521066,0.566159821095137,20,30.3541328061103,1.75775148931962,8.14830121934443,1.02052007187475
45.3708945885144,1.98075889581304,14.5177991734648,1.87128253897346,16,84.7001512550792,2.31834165689946,12.2649121952126,2.97519980122082
54.7021839139884,1.57436483563757,16.3782051720074,2.53145571270254,20,68.6634518504268,1.92683831614949,13.2106653453783,1.02108196298239
21.9176320494381,1.29068605763225,6.96189059901409,2.6024739791032,5,34.2225482487511,2.99690401205235,7.01066502772468,1.4319711763252
13.627151627207,0.776125347703944,1.83666120773048,0.424527159617491,7,38.1270636579441,0.376464497861714,12.7849717215501,0.905637984185895
22.1877174821108,0.647845367450938,3.81538091103549,0.459875340238137,11,23.6444110862485,0.501170059057957,9.8046246991628,0.98067897436269
21.8635251578494,0.486178303589931,2.39119936573005,0.401381083776198,1,40.5800759024628,1.8296330899868,11.3217665717518,2.88669314876487
47.7365981171354,1.13161211568296,9.18613326181121,1.18637251243078,29,34.2032312099611,2.97569615781311,6.38831446771896,2.33876515580317
24.382600156243,0.927969310008665,5.90299903953938,0.640312944984143,20,34.5585495665003,0.599706834351957,1.59852606320293,0.327966275071667
3.46562750441792,0.311380423950415,2.01252839796438,0.390535126340346,1,91.1905966687422,0.936437146054335,12.8541052475351,0.778455678349774
46.5496104946987,0.974176705437898,9.93896356086685,0.715524648008553,3,89.7369121108294,0.99333326439421,10.1380613129845,0.921641927866382
52.696909552097,0.594916285636354,5.39109782474178,0.576553363831551,27,85.7208417474395,2.03537599638486,6.45398232039818,2.954169112509
42.7768747278408,0.445441142155329,11.5132394705218,0.892193077318503,3,51.4388287729553,2.18501367996808,11.3964333607581,1.05597270794859
36.9077755661426,1.29522135167842,6.26501364887105,2.28411611636051,17,119.670347323956,2.41193278042217,7.7881567106681,2.26229343321928
47.5843352800851,1.5689034978145,13.5402221391611,1.52101140857234,19,28.0643685920963,0.639353939956378,7.47247622582499,0.905046562215746
50.2124887554311,0.842223842237085,11.3265911255231,0.789444576284676,16,28.3805049046251,1.6923765259415,7.70444974868128,2.00294240431524
33.9152907363429,1.12160994011652,6.8298515161695,2.13636011443833,22,127.680632115163,1.26925248454365,12.4882356886052,1.85567916345121
23.4387795636668,0.448877054543744,10.8621960644446,0.785966305929033,15,111.565808116928,0.874088679414194,9.39109675800634,0.787042043752527
76.83769919217,0.796676480772394,6.72910641093106,0.627327093833429,23,6.278172197023,0.325854501297887,4.94392579312767,0.528480836542932
30.5159144315353,1.85646058933818,6.42962112494935,1.58736934974886,19,33.0792471297403,1.50409096860667,7.69678015831743,1.04481847204233
24.1264339221904,2.87143915563401,6.19699987063459,1.44560736125849,7,55.6968161220484,1.94865157038179,10.6736784724679,2.05168978205076
66.5225452819293,1.44632363353113,11.5885753048388,1.0419365306396,28,72.6362212801915,0.853294999464617,9.14170773844125,0.77208101583126
156.258025050151,0.964636583932807,9.32807925065201,0.901104066417457,27,131.201325196423,2.01346866396356,13.4360319737689,2.42605262482311
33.6548875594283,2.05238905886909,8.89316754252903,2.26457291715196,11,244.862213484537,1.34523239830536,13.4541994114382,2.10482015452773
36.9314712048374,0.950866743710522,2.90229082244368,0.519878380825836,14,18.8352212739404,0.430069990925686,11.064122450921,0.973644177975391
34.3501267139117,0.68168009658763,1.59117477170396,0.316726168982872,26,34.9449647914672,1.52039872581346,9.90589804997045,1.57853556151851
160.344829396678,2.64523089515154,15.6510381976149,1.65681944506418,30,29.6436575156388,2.34098134838971,7.72866230008524,1.44359494674583
38.457641903043,0.693918402964157,9.84520618317649,0.775047139437367,24,44.8812286444181,0.763871035818,4.72903571011097,0.470507363327078
6.790122153256,0.329920768236864,7.38879626108418,0.962858678225801,30,67.1065536576574,0.568722643921793,10.1737366458653,0.814244462126064
57.5414921740642,2.62190839889599,13.103298927436,2.33223304354425,7,4.00768808659437,0.336257849299275,2.59002161641974,0.486537117543761
43.1892032661705,2.38530858359686,14.0503352813529,1.74391769938299,12,119.971431254365,1.88287713089097,11.0558830418274,2.50901442900198
12.713027761568,0.665827104054895,4.65501515985091,0.807512129585247,12,40.0269162545706,1.13496290446324,7.7610092473169,1.10247405784619
16.3793918501267,0.391918158854702,3.04638071460639,0.374069243326633,7,16.8810526443465,0.560741820643392,7.04403662938205,0.688288898702889
23.9999819337088,1.28632879810668,5.94298627184946,1.33203564952568,28,266.246973611198,1.1636617171735,16.0724324945544,1.2726639531182
171.485499345426,1.98609927183168,10.0898023529455,2.0497447847639,30,24.9352821142004,0.489886518433831,7.77580633556363,0.518631789237449
40.5862113647309,0.511508589447194,13.6213412407048,0.866235112115441,20,144.62371823121,1.16948281672595,12.5310936869911,2.68952664381546
44.3694966680127,1.49769352702459,10.7962240439636,1.52147344994842,28,65.0247571817168,1.64870925187293,11.5171901055787,2.46211084286751
21.2517641117891,0.583214086337968,1.5099052279368,0.336773093819636,14,26.3470168237696,2.63319260882713,6.66394131427428,2.35204922691338
142.342326480935,0.704288282290668,1.6358106403395,0.302630030145301,20,62.2780870796859,1.72957289805922,7.88701939329627,2.58034937294464
93.2722558315125,2.02816992048084,11.8813902747647,1.04568594608002,3,167.506789842121,0.862419781329792,3.92494121759443,0.415209652527382
210.109460977586,1.78727450198381,14.458419076165,1.20041004335349,25,73.6994246137497,1.68934116942227,11.0136815396624,1.6166358318118
95.9236954469244,2.01181731248152,8.30419777906348,1.31503121678438,25,88.1582863971313,1.69817224509977,6.62559501597458,2.51658269345411
149.427524284548,0.776422844357732,12.6124428786589,0.79869460788928,30,110.657847486563,0.965830594430015,10.6385130463028,0.705469246470279
26.2729047352355,1.33260937674926,6.52749765501449,2.84100739830192,6,37.7499123279456,0.610854694578382,2.70523836731642,0.490667949154076
9.17974044875855,0.461545013730336,5.44056491329787,0.810692355459171,27,26.0065599036762,1.43733807482264,8.16340808914786,1.36187172476186
73.4935062948191,2.2779902811649,6.39141136337389,2.42891613106007,11,166.830303448584,1.72943293708887,15.4975199837503,1.68949137807394
4.64787886702284,0.358080405270853,1.11984494616929,0.327413230800584,17,58.1919996791207,1.66646943042085,13.388095042215,2.27550069029353
11.7827407454169,0.349323377344906,7.77410275739148,0.566162721078054,15,78.5682008507896,0.651712207641539,6.03095979270356,0.543096315982707
31.5106489717766,0.752733613571695,9.66056562084022,0.94372648626868,20,84.3332307760978,1.82923496536464,10.2646963575705,1.46139535781025
6.19332271447588,0.321151086811195,11.285607480923,0.7644970483107,17,3.84586143073929,0.327510207963058,7.46543155035689,0.891630939513106
40.8262827099709,0.79556267707955,6.05664091745325,0.861873876954574,12,43.1426595866924,0.958889682232928,4.40652549638826,0.536742860405976
28.6501476368807,0.450314156711915,9.5494698243794,0.702736054832244,15,36.9412336274844,0.615838148243225,9.07847504182081,0.727846213813893
11.3363959091965,0.359854377683343,6.48325042272832,0.48740335489189,8,39.5989471536596,1.73215488913556,11.4226167736049,2.0703656818687
96.5842427668367,1.72397936939185,9.73604351271277,2.75063748606012,13,19.4982653173955,0.495493119926959,5.20986764705562,0.462043264466147
102.108053576143,2.18068855422039,14.0841542899289,2.74026213404162,17,193.929211614767,2.12610416748837,11.2165267816441,2.3762446737084
40.4695715044383,2.15979631200458,7.64627107587097,1.45403278198868,28,41.7400393945777,0.372183987789668,11.7336410331897,0.745624406588501
45.359600925984,2.18347877570063,6.91257432658793,1.58593313264307,20,33.8072035454466,2.34544231799957,7.21432674025039,2.49024987878503
38.3749140698417,0.856222404264326,6.11235266463722,0.593610148550619,10,77.5206136735866,1.89820970054774,15.0909005759056,2.93318364658382
77.0706593250747,2.57907859086603,15.8069028224513,2.69262293891084,24,10.9006861513243,0.383448023210855,9.85757742939572,0.845021594015573
7.56947867280662,0.385270139687697,7.47100590180804,0.807463551844593,7,35.1160741862744,2.4131335521287,10.4610964460856,1.57310402355574
8.13483309748769,0.358582981764655,6.44811746861087,0.798907055836087,6,99.7471494751286,2.2522743493542,8.99094066884491,1.09671606749801
74.2555908675457,2.84373765280161,14.8246484245476,1.34453896651498,22,101.266356388754,1.55232032584958,14.3572417106822,1.98673570568494
24.1723802223737,0.706967929670686,6.98229003848221,0.749951634082444,5,136.922008653948,1.01081929219802,12.0652758365288,2.93458075992523
53.2976473001811,2.06564152747903,7.25306583550398,1.30780989385543,23,165.297260634928,0.630149725749005,7.5857093117765,0.544062318569039
94.0131479082523,1.5483122222333,6.31586307043992,1.13333150987108,16,63.9782234706862,2.39646542827989,12.3028173932992,2.02143928600303
61.9792977560028,2.93434976950419,6.05068689157104,1.46125164788377,22,51.7590623173869,0.983286172596752,1.66971885231435,0.327569550413735
71.2587251783117,0.707739842311267,3.42644325834586,0.565184950050144,12,23.7180034673716,0.882283528816243,3.89889774113635,0.660864210604559
95.54454124224,1.88104060406596,13.1645131906769,1.09664739142674,22,9.85903413996504,0.304202639436,2.58891503228368,0.378019415235389
17.8452918685119,0.757141341028064,1.90722885789955,0.393133368028458,14,83.4913774589069,1.04303725463544,10.025581134275,2.40062627504385
99.8489834996908,2.14704675447894,8.49603064927311,1.66581333332418,1,9.28701581940911,0.311180430537934,11.6683576805648,0.904046842954126
15.7788046054043,0.66460155925456,5.67023537991325,0.751905123106677,4,43.0906986755971,0.594742230744014,7.44114234074438,0.541743898865778
218.074978792522,1.32024894494093,13.9530254035329,1.4995199437704,28,47.3497375113644,0.85340064854698,10.3026233169865,0.642824233336562
25.8640048615548,1.97160560896188,6.15259644386572,1.69401424815563,30,23.7065884918976,2.59100553964911,7.5115401915914,1.5687964686986
39.218378381259,0.702989682265685,5.3012434635525,0.488458582524235,16,175.154854635322,2.90476834370234,12.4116081255767,1.63689806604277
15.6070227071209,0.315344257615817,6.2831330461645,0.506257308659087,15,251.93219863695,1.26975546663674,15.2014092380259,2.11648611434331
59.6064597744489,2.77337358730065,6.44820685786062,1.53837122834588,1,17.8775386847253,0.97672712966192,4.95341550876337,0.895946441508947
127.644605433008,1.97579923246944,11.5454294995667,2.87702787262359,19,48.088325642714,1.150584089108,13.85164444658,2.41827891287391
34.21041450782,1.84114108028108,7.00443521933328,2.17395418904983,17,33.2753339218414,0.379011432119227,10.8005874852392,0.95376953868684
45.3122554314011,2.66554282597755,5.91156712778345,2.23757745172627,11,30.3963989321903,0.580305918253394,13.3571300709916,0.943758404553869
56.5533657271867,0.97447059664794,11.7120296443461,0.888145293899591,26,57.1643872691779,0.660612088643392,9.46078004756314,0.925087551653715
54.9421757230644,0.800125863388435,6.62908244359671,0.525456127374444,18,45.3102821830243,1.11944472440278,14.7964136525261,2.41201607355535
60.7576002055774,1.18148957885114,11.5299516933291,2.18081289182108,5,114.014680623025,2.3614298658668,6.31011488332182,1.68813858899009
62.1381011054098,2.25957373979398,14.0407644988394,1.88761067056789,14,50.0242318857858,0.817159442108104,6.1263464720175,0.705019314099805
12.7266700736745,0.342739244443863,4.81970758162626,0.855560589067208,10,51.2684727452714,2.30568221688551,16.4346446954766,2.07892116311484
25.2798410749471,0.717001189492461,9.40984364667885,0.828806751961909,20,86.0189836330863,2.64979354474907,11.3124264146827,2.96866228232593
22.6926223193144,2.54390655781695,7.36674584825152,1.74984513853276,30,61.2568198605897,2.91413528782576,13.2612485673314,2.89618870002659
10.3207371794684,0.33704876783904,6.13194630108869,0.884562270437596,23,8.72823640407323,0.369932286456413,3.82861040868138,0.440791661097112
57.4429901710972,0.822018764446306,14.0316661680589,0.969140382087035,16,96.0990330023357,1.14770107305796,12.0706688782254,1.03999281069693
48.4637796645209,2.59103098040186,9.94554297833863,1.61737958134714,26,67.1374303207112,1.75538618011405,11.3503940252874,1.72958923107061
73.6538416108004,0.669112612422058,6.89621204136825,0.690500810335304,9,66.2806196876191,0.578610168363587,8.09470770660858,0.933275954965074
45.2971883940874,1.2852045136275,9.98168407491773,2.64098236615777,17,50.1943591401412,1.31311194049969,6.89229838881995,2.00195639333327
29.9118750558553,0.9951929620975,5.97357339515201,0.596687261320818,4,92.6620602560234,0.814529175959083,4.67788300308343,0.66820134990531
24.7479798980394,2.41884715406766,6.31630894167483,1.88007270865075,15,38.6202790038616,1.15086822274274,5.79257481311448,1.40706677812537
39.8064013534825,0.905545307832167,9.64342991751955,0.889457686539225,15,57.0117941018925,2.76934445502588,15.903794643035,2.06759136828679
60.1976757745399,1.9226721222346,13.6277980359255,1.11046507031104,8,17.0351985084797,0.943950684647825,0.627712787181006,0.304341927627805
32.7011182778381,0.543819355849048,7.50806747341564,0.623833874373619,3,55.1687810620513,1.48137271975646,16.8956144040185,2.33080939092263
47.4949130575752,2.0944014915391,7.38775637069412,1.91256002911749,27,72.8986710725215,0.563818969138602,8.18008567107966,0.798488734445745
148.178896677463,1.43196646874927,9.35103184347911,2.18992063922666,12,57.9698767981513,2.09912441828347,8.20372790015768,1.13447051147559
86.7860014902952,0.764123841343424,13.2236070254901,0.815469127214358,27,14.7791553743695,0.762846649160137,4.57372771805504,0.838450874456779
34.4512925390054,0.544997101631738,6.89024089641263,0.91156775026202,30,35.6176996879684,2.72736926164117,11.0791372687924,2.41393890990215
66.2357266751953,0.822252011693673,11.6545631619626,0.984605658255693,13,16.3583234271222,0.408550856068198,4.04708455981039,0.475888390528814
39.5305245493735,1.98322832772358,9.40650776548852,2.79788839329868,15,41.6453399238016,2.42177681269043,9.86235342554072,2.67932531465864
84.1135567823049,2.1246051218875,13.212315328414,1.35833900350677,8,45.303140957524,0.524365024685273,4.15720213685092,0.426990669060774
208.84866521636,2.52680701569526,13.6982147011816,1.2136126459299,16,220.00511146542,2.38427139838996,11.5880304602427,2.60133527468377
37.1890279809684,2.28674286483989,12.3148869846607,1.86207430669201,27,162.792350545803,2.36887302657054,14.7660612375289,2.07468810884743
34.9757064638392,0.678387788555068,8.94547563577184,0.755538730843997,28,80.7654607999057,1.99485425443039,13.5354235137792,1.71051422403617
160.244618457703,2.80572199055791,11.3983817287551,2.57481889012086,26,52.4442768000324,0.808424398511094,3.08426186357127,0.421220356635109
20.1298147003086,0.5803564238625,0.982235806623905,0.320120415517301,5,35.5969966950584,0.977964682437152,6.49130267326693,0.628243234945166
279.163300830269,1.76792915494403,15.6252019271785,2.04133915886697,22,88.7287940373564,2.85081204484134,8.56088848243611,2.59686477995071
18.0010219155589,0.518183983747277,5.08917075244051,0.488423796894907,7,15.5843081502857,0.472934942455692,9.5004730475889,0.745943299385886
6.12121802806862,0.35018256382404,4.82439743910653,0.901477713555882,12,33.3320840758581,0.802421945912831,12.3449773084064,0.989262080845814
140.925220928762,2.81787026626644,14.8916040363556,1.86001824352905,3,39.714806088927,0.73915329607698,5.28758081417599,0.526925391158579
120.896602533123,1.32569799349652,13.9508994544278,1.20676690924704,4,86.9949179804889,1.39459376227421,16.1595273490074,2.73341888473433
23.4102673300376,0.507425041480675,9.6474398507389,0.809124347208442,21,33.5185902079698,0.718439979420768,8.18223465976886,0.655577523056844
77.8224152921941,1.13974127778673,11.8127696510136,2.77933667550564,13,41.8493361172374,0.607705840477333,3.19737719399902,0.429564369961651
65.4582360485029,2.24486016109275,14.0989015683833,2.55347500323732,26,62.1937150119488,1.64954089557537,13.5298719168218,1.30849925488226
29.2872497736333,2.28149829627574,9.65385468610335,2.86159503582765,20,49.7717518367408,0.752900718144846,1.6417965895279,0.368384630576199
39.1724891076222,0.54083179878551,4.33296276996363,0.538217046640582,11,47.4012087651616,0.498177413240097,5.75766985859693,0.751992734896521
130.961063488548,2.16839434918611,12.5613648711411,1.61057662258531,6,16.5711798718791,0.777380151651195,4.11157398387553,0.663419650510493
96.006034371859,1.92532256234086,11.3645237199977,1.85939618577592,25,119.095248167303,2.8824502055346,11.7083849862127,1.67626919739087
8.23917742563976,0.361980732273607,3.35690164799549,0.425822803998282,8,8.42448704783168,0.367925682036266,2.80440043604287,0.377028592412267
53.0789603955817,0.862669091593766,2.67843721769697,0.370274482436554,2,221.871939712963,1.52749868761855,13.0886842777793,2.98950435073426
19.7327011454865,0.587317171652105,8.03726395616228,0.72192561764275,11,115.384051201914,1.77148020616687,14.6399940361978,2.26163209561338
139.125026548362,1.29975327836054,11.4260350765033,2.52353258587865,4,58.8625806553516,2.81462238485379,13.7698743952119,2.72801744414197
151.40587004959,2.93351477377954,11.255742531191,1.51867948557514,27,135.398036293279,2.8131078977967,14.6517777933076,1.639687734444
25.5164096812119,2.2659913426997,6.76339835094799,2.70935499712722,28,10.4238867931142,0.337362012661893,4.06806574729378,0.565604496466707
32.1324295480862,1.08612005526148,10.7313797523918,2.29188247889601,8,15.9178633152406,0.413637427514509,2.77886957057228,0.437237617889583
22.507068430487,1.77300714305864,6.47637698132844,2.87959129889726,22,37.6628885151086,1.81333688114357,7.10871242606723,2.96730909716212
47.876717739958,1.71609310928679,7.69732927043423,2.81195752803075,23,47.8770908388045,1.28408302666735,16.5845707532479,2.56499247873401
32.9091941409732,0.794776205039096,6.93881075363289,0.846838519586659,6,44.723290927355,1.04935524356368,14.0429841776689,1.24521947044014
56.7396848228538,0.422068724331071,2.49332887484023,0.375685704808913,25,44.0282749972534,1.37030576333183,12.9041605134223,2.93141232589088
75.0276549394118,0.724801761125493,9.09515106672158,0.687958531224789,15,58.309115615333,1.87560698605043,10.4477358893709,1.26391615884813
40.747871385917,2.70380793583232,10.1810028682847,2.94494755760423,23,85.1100751740235,1.28392809330545,12.7649206788913,2.40594983456545
46.518698905818,0.801578242928637,2.56975237442954,0.381255955818823,4,69.9442177403118,1.67185322652981,16.018015168054,1.72083754513044
177.047913217643,1.26098067786418,11.9994269949559,1.82279708213928,1,13.3931326789108,0.594771880963098,4.18559266109678,0.738349475845942
70.1462990109482,2.66401678320688,16.4328081529261,2.57591848474027,16,137.207606484334,1.99439952384028,14.9791437605825,1.16772137886924
125.50789002866,1.11535212978651,6.99608166618516,1.14242112575422,24,121.528026084407,1.89626798238088,9.02873684780105,1.60220489008754
92.5329779221297,1.56902266437038,7.70426845819964,1.53947277217319,19,98.526097282564,1.93455956385351,9.79143162508262,2.81663994799403
33.212949776254,0.512544485699883,10.5873743913094,0.845611857107926,1,62.4401284750631,2.8311627945101,5.69653198146448,1.67376371647701
39.0908845523772,0.957556720942976,5.70494255486362,0.57561520855797,3,31.2295303232466,2.12362947129826,7.7943316246832,2.30319815911815
7.72505511376877,0.350954079107744,8.05379525742664,0.668825665823827,6,27.0694456182977,0.783114692108,6.42518879822607,0.751394130309295
33.0822693828448,2.87283333896729,9.82401192335172,1.11238962007679,23,45.4725857631283,1.74443478952671,14.9178427686776,2.82073457146334
44.057880537904,1.75618643936007,8.19353381553274,1.99337958675543,14,77.0148171460768,1.34534762471936,16.1082507393261,1.61526319581807
140.767761495131,0.694033098977289,5.99675205270932,0.499040981289959,21,10.9375824060143,0.481769369121593,4.58267150512964,0.807681538574164
6.5631053593066,0.44408924133572,4.84141174854102,0.825667381226994,24,30.8238308768089,0.775233813963417,8.02364661541399,0.834156461885233
55.5485822104936,1.21767599919659,10.2350982168328,1.34283129522356,13,113.701495437478,0.714058990871456,6.97633668867449,0.806466604225799
36.0955034808324,2.38317692071566,6.22212454433661,2.95720818777789,14,23.1765694464561,0.419794759720726,8.4783647957284,0.800346858401318
197.699522583976,0.856901663862251,12.6042327182765,0.941046998727738,10,59.1381091203141,1.12522397172149,9.44579370657578,2.0689565451462
19.3230082266631,0.73587537590178,3.2636553312936,0.569902589887445,17,61.5360493081846,1.69345663688074,13.8093995905806,1.97023290643126
76.8014592578185,1.20651060922835,15.8864567134416,1.65689241488042,16,49.3116510867123,2.59876561369353,14.2299614877406,2.39807966976687
45.8078383645591,2.89505221286044,8.47625098442744,1.49871582265004,24,39.5124937438152,0.747102190588045,2.84319579037878,0.449480972392678
42.9055153020766,0.700957721113374,6.99456700557431,0.503585184567612,29,96.6692949874389,2.48071483703303,5.94849611279438,2.71233942912941
21.8608987097204,0.671395584768462,5.36234635476281,0.615901019076036,21,30.482119729838,0.701136160640809,5.65360013701384,0.50424703673373
9.3727704891507,0.318433527332757,6.21627280141914,0.566201232245514,7,60.1846834432145,2.23505822966049,11.804539758967,1.59765770742843
31.0851909502809,2.96225757447174,9.42676808869263,1.80627661028934,30,36.4023807641462,0.974360013060798,8.39579956881505,0.827746313388298
101.293179894072,1.43952964886716,12.9258541537057,1.24130307479911,29,74.219155156994,2.11617385280488,6.02883288666098,2.79275686443287
59.2237465029695,2.93663510985498,16.652905186358,2.92821544868663,29,62.8625622524702,2.58456445746115,12.9716930683595,2.03141785193783
31.6147922467468,1.51730170777951,5.78376492449606,1.47163244664341,29,25.9859951824584,0.920658946938835,5.30380950879553,0.986803841372548
28.9146871828783,2.54872571578008,5.53201697567521,1.18549561144295,21,31.7790833751649,0.388020518427231,8.45017477391026,0.688327441998602
22.432401676,0.625976551676968,4.014063116961,0.499238057609723,1,84.2254680501894,0.976357060910527,1.7763223949509,0.320713004719196
42.7982773656993,1.56831178535057,6.52633866371295,2.14483631719997,9,89.6104324687841,0.629969413309195,12.8723526157483,0.868069676332082
46.971486250576,0.48450254293316,9.00654734671273,0.76408628196672,4,133.880709679204,0.902898058455918,6.69060843358313,0.748378274965674
47.0314232300852,0.920268006398287,6.51374846128754,0.575147874152517,24,21.60776389978,0.960998583094446,5.36156025463072,0.851987244548996
102.533538522998,1.88661917501703,11.6127450333754,1.02600223374651,29,53.4375727020315,1.31342251522595,13.1851518145157,1.62467229899372
6.93438649155044,0.346410456494964,10.8356244816648,0.893084637811708,2,101.116156206802,1.4865642218288,15.6727998819972,1.49322157291722
9.33680564278943,0.399021635690004,7.67406493085671,0.843414440254286,20,91.3405527316817,1.30447480190028,10.8403573529125,1.90104272606917
47.3243639686676,0.956115575188344,9.68598884318039,0.932729083355868,17,72.4690532963519,1.1891469811946,5.93482133055002,1.10142227073103
39.9415068222111,0.506953311761902,2.31314864315749,0.470286893347299,25,118.756223560646,2.87406087909313,10.2316237997687,2.88470208142216
21.8076060726392,0.34853253334107,12.4194532880433,0.974747096025278,8,33.951592645423,2.98851949224287,7.60568880312891,1.28967867451037
232.497383151927,2.4174517836789,15.9657755584323,2.99333067033436,21,40.1246724556867,0.832822292149021,1.36637205987249,0.385653875580943
176.535175305108,1.03228267688277,15.818070873674,2.82519514410506,16,59.4857892184299,0.679428705472707,3.66733970306095,0.447700045559288
30.3773008983281,0.462298817548001,5.97266917662811,0.745677616555982,2,72.731370801548,0.949241654908677,7.9239923496412,0.738972389982574
99.29226426805,1.54498193728032,8.10147247136867,2.94523110922793,22,34.4281137993783,1.66472418074196,9.49962127063165,2.76113833246948
107.022045859839,2.65612631673533,15.2616995055965,1.62537061491729,3,102.928699609086,1.11862917607992,11.5524303859125,1.0860446636277
25.3845265783306,1.95550845134925,7.99696800201004,1.3579375667466,24,18.6448509144211,1.0438220400985,5.91184736388441,1.17198993048958
150.061972592521,1.58822723924837,14.5390561533807,2.71496533979174,9,23.8749496922091,2.73200159950275,7.77213037156835,2.3078032572312
204.826200410323,2.27718954533928,12.6169882946838,2.29011324536214,11,41.0194958605839,1.71690984035797,8.80557489429625,2.27728739180082
100.342805535952,1.31037758199425,13.5003624565969,2.66039519854941,3,112.818707665749,1.9326386910111,14.664957912192,1.24981578618069
127.123673750666,2.10512010570636,15.6225180287545,1.39956104077256,17,18.465011966487,0.569296933297769,5.04442180296236,0.575542611605903
65.3132150833314,0.630412760962295,1.36606581089905,0.300277451401033,27,41.5775191486406,2.73694653403301,8.75184716975066,1.61319081987766
9.68788171249759,0.393893301721655,2.46703221434973,0.435360176646929,1,33.0294105931299,0.690119058765215,8.41577397239568,0.793074909832632
123.495233965879,1.49057580778751,11.0343905700636,2.58547347318207,5,25.1510645856056,0.862351412151786,2.9204585673174,0.441254786139595
58.9396346020887,0.62766591189375,8.86773690934367,0.62467945006085,6,4.92147332211593,0.315084805477508,5.24353948579347,0.673315548948472
68.2628781984049,2.31425608017684,10.9444109234135,2.53149519574554,28,75.4284922038024,1.95685400308459,6.97053274268698,1.85072799693287
166.27387973614,1.2044506138128,14.5292063258753,2.87866980126137,16,38.9861152793565,2.27009471552375,10.5454175103094,2.19388463970851
27.5309577786593,0.510897783790379,13.796175771686,0.935948773421194,8,69.772486682038,2.92380716603457,10.4179249639373,2.34069341398642
41.3607929773672,2.04278351897222,6.4066832109039,1.64186825112685,28,47.2240637545966,2.02829259134273,6.05431633996498,2.08283317025396
64.9988171898462,2.68719194746269,12.8768443130099,1.72789197759646,25,5.74271035024507,0.31880970858552,11.6740488209873,0.897815340119401
51.4313047698788,2.12491253326523,12.5627530489998,2.39020137987083,10,131.16024047901,2.20753617186261,13.7269082488518,1.57438931614825
62.1687381394577,2.50794279467349,13.5454585624819,2.09294398220491,30,107.20947122671,1.32706163994582,15.9506646841614,1.54045874297932
26.6606787516717,0.972764196402527,4.10082927616738,0.512919038019138,25,70.1370011463259,0.930074759736911,4.3691560227784,0.53418002790888
38.5683343942787,2.63786991552814,12.2534974000547,1.65034817581784,10,44.7734831197688,0.982104153491288,9.09016767283782,0.759131275629552
63.7453232846979,2.80486291168747,7.02947019357746,1.75079383288285,12,45.3378942264538,0.758843178594359,6.5287660288339,0.697044627058514
31.1764930099072,1.18097199809024,10.0635641669945,1.38057804088271,7,35.2259296858326,0.723323353439845,2.81450372599189,0.460292423200933
34.6637960495997,0.868676122960775,0.678272106538331,0.310582942287741,27,50.8561718464289,0.873280216068201,11.706699316951,0.786265124262037
257.293792705444,1.65867468762953,15.157640949065,2.52196654040291,24,55.9171635030517,1.64895998226063,16.4289649768799,2.63587629519487
13.1890228075734,0.569875010434821,4.75013248731021,0.624971524861933,6,45.4945953054683,0.862411451579854,3.04888313874905,0.355227616950539
18.5293410831737,1.08153654419637,5.30877895915161,1.19110602002662,20,123.431975709763,1.88017200594618,13.003481060101,2.96315938953869
205.028009322655,0.93010468271221,2.96804635455518,0.350241967783069,30,91.4571647413969,1.73432998120169,10.3102894268403,2.11251407859759
85.2625310381741,0.988614622636115,6.78199498347004,0.5167057664842,4,41.329232222152,2.69973569056975,11.0902422893721,2.35022992339678
27.8141539468256,0.584077166807236,4.90860221097959,0.583032518303952,6,102.465455920344,1.37442532054494,10.9178279663779,1.18768618575586
71.3002527305101,0.544713814337687,12.488241315927,0.982229158294675,17,38.1016541588591,1.2934946977066,10.8046971352804,1.04370853026761
21.8842640852291,0.922143402731068,2.50666917806722,0.499849522149146,2,60.9923775721991,2.89239492836964,6.98517108853012,2.54785290193399
129.8264787352,1.82335335195493,10.5841909031181,2.25363630354288,28,77.4693256655037,2.96177423142747,13.3091855712795,2.79519086115235
195.498652383614,2.11523908773259,12.0393937555732,1.00238904515999,24,37.2307433650379,1.2319804679412,9.30189697282801,2.57103560157936
46.6676392601647,0.8039108037617,6.36314776535344,0.518641308282609,28,32.854840634536,1.83964000162256,8.7904869788524,2.20271313419153
106.698834280751,0.619416456156272,10.0798133216432,0.610718482963024,22,21.2084749988683,0.547165653203407,4.623488477971,0.784702990060323
14.459048522689,0.508385717807149,3.38130651314338,0.539906747549474,8,105.023668939424,2.67737341059195,8.00798303696125,1.30757046355683
28.0928676497483,1.58021179690786,5.58914558054663,1.11069514599862,24,54.2335107155747,2.27987834969025,11.6236802248476,1.59389042864974
19.0866224176735,2.77283679828499,6.11926699834676,2.80778263895718,12,124.026849492076,1.28903280179676,7.47236717845017,1.51865816745761
44.7810752351461,0.963187276434694,1.80727942820109,0.356563283397404,6,47.7512395625953,0.993088069558378,3.05390069161813,0.476074014513587
56.8895062164436,1.12789893653476,8.54634824962425,1.44093414379706,9,46.8206945853451,2.13669419379806,11.5093053016915,2.9324012614422
61.3992508656776,0.58644219819174,2.15618004068059,0.328281550669746,13,45.4222171973434,0.866611761548433,1.61188247018565,0.316757464860869
32.3200936533934,2.33725903772392,6.85630634287943,1.24496920392423,6,42.5606135854407,1.73961974005188,9.67756729285958,1.24047899191726
25.5771244854061,1.3841810554164,5.70823593729351,2.13162333803438,18,33.6550048831717,0.648496710022116,4.46222711743184,0.58884380674213
19.233053640287,0.60136632344485,0.913810712317182,0.33713810945557,17,46.6262299742259,2.90539145315802,9.53584215028315,1.66465769965382
23.9278731402238,0.536156827669299,12.0878302915601,0.917898062977128,11,42.8222489968267,0.403808704868885,4.6107994433975,0.494925654802427
13.8724469550144,0.334406199904588,6.76450217288032,0.49473502424529,24,86.2908906423264,1.74998315251226,9.62363105740688,1.79458429668086
52.4066280109143,2.19735466512387,12.2043723877504,2.07802623911864,30,46.5533010216386,1.15673536200511,14.4975803559882,1.06595045101673
48.9585401364272,0.588727484778783,5.32573023327814,0.438727229066471,29,34.0617849627752,0.682291993323592,10.5846100342449,0.680389926340773
108.249812001496,1.57581712723017,8.61567689163349,1.8655854898571,2,127.132028263818,2.18545937574354,13.072362133351,2.26269612282951
134.49108927753,2.78358589526514,16.0138923608496,1.75006465011673,26,20.6371342976705,2.62797973128365,5.78620027630806,2.73390638686588
42.2739594254905,2.2941914001738,11.5277677624886,1.39232246930177,3,126.561470218086,1.91929115347167,16.6541318686531,2.05290507126666
173.99964195833,2.32276204503972,15.525247493978,2.49463523752079,5,37.6267246841562,0.793095436947883,5.82595431606223,0.743644199760978
28.6589107147108,0.368432509013933,2.42409359865658,0.387620351613166,27,161.37568495431,2.49364120148675,15.6520580485573,1.57522330718341
35.1336231633587,1.74522688618246,7.8649166994286,2.28778693872642,5,60.9686911144365,2.74370782548628,9.78158708227882,1.2050680291072
25.3168975057391,0.322996963658014,9.26557661139213,0.873650714513989,9,55.8089220756202,0.985229874340615,5.73508102502139,0.815762909134601
35.2373411549712,2.68557548882436,7.92176194387812,2.40077821811337,17,37.6837094212458,0.537000563747806,6.50161684249259,0.581277704979442
36.2355919223895,0.958618652129711,5.38403162431364,0.46982862349635,24,49.3367715444921,0.576505522733815,5.50070576292907,0.764081273835643
20.0701410552611,0.544720017856474,3.36259187433077,0.403150065222709,3,30.8049293455915,0.387122124986141,5.89998923223752,0.514373571450229
18.6446302715194,0.698339126195754,2.39501130741249,0.475993892447282,22,74.0381272053144,2.39435384670834,11.3932003345603,2.47341721151473
67.3980782842586,1.06402238258702,15.6911648033384,1.52291438967297,30,63.9073307444471,2.06442197767236,7.03312779271412,2.46885247416972
48.4714878959562,0.670240168566208,5.89334169651791,0.507600559359251,28,94.1335069978481,2.29263293475689,5.92216180359007,1.42621941435027
72.4543710556694,2.1947653900985,6.95196199779484,1.57195787423419,29,31.3653424709058,2.56225350867538,7.03940345117234,1.66377449776806
88.5049640198516,2.80715467486645,13.3900759969415,1.35932862651925,21,46.6621679322452,2.01411998594441,14.488804144604,1.58649469435391
73.3041798001364,1.14522803932098,16.8541679479309,1.94825677990289,23,42.4771285669592,2.81161521315342,8.88380281886421,2.33683621431974
63.6040386797826,2.46622985839776,12.4643836202087,1.22543390464572,17,205.301992060702,2.64999634343038,13.3746821373968,1.12545221540129
86.9523313891146,0.964546295191371,6.03592573054623,0.635765034045536,29,67.8659688900763,1.88217050583161,5.63995088369546,1.25517052288217
90.1777774390767,0.987421197880117,3.27152148440772,0.456823424496921,18,198.102277979773,2.55293949137177,11.1553034486493,1.80276997164707
59.7814598237775,2.99338464712695,9.49694472670391,1.19929666990341,19,56.1016488502901,0.637865656342536,5.7000128911149,0.82996543402249
46.5253815236929,2.17170193614305,6.60287468580041,1.26596419812268,21,101.573507234208,2.01309219730783,14.7500826129152,2.07390026117806
111.974611488441,2.19823694814392,14.1022354872009,1.2129346951343,6,38.7725471093378,1.9822035617072,8.66543186410305,1.13617797162073
11.6224008270525,0.353882828205111,10.2290737753348,0.899494543600058,11,42.2406811707624,2.15075497694357,7.94330388873075,1.77048257972387
133.463725630787,1.57226315949071,11.2679962510868,2.32999659619638,3,27.4346153298067,0.575185123258776,2.87302822125109,0.357635726048885
115.464404413762,2.97055266179358,14.351018845041,1.04685935362315,16,117.879146465013,1.00790577894223,15.0532140673925,2.5451244312458
64.7730742841613,1.65490204505217,15.0111562203049,2.29950565904615,12,15.0727699905176,0.366437720891708,9.51969997005774,0.637902304838341
215.072076833058,2.05894097682254,13.641457774506,1.82637622329015,22,74.6913593802584,1.65277706849921,14.8429653986028,2.55370372020835
58.8072361627462,1.57263378532712,10.9348290866852,2.52751954550068,17,105.41549085351,0.91649704676448,6.77511841411016,0.82990166613064
76.7646459310389,2.17279410654749,11.1186428385584,2.19772220527922,6,50.3573852238639,0.454078072137994,5.89254545850895,0.497849342440191
33.8852023211913,2.0603379434216,10.9949282920602,2.72724292790903,3,77.1374076438235,2.88848520156195,9.90733896201673,1.33447617246852
9.05097204974168,0.484064922960886,5.25390690524499,0.803906534677055,25,67.9936850336803,0.842760076562618,1.4569694225883,0.318210007497794
25.5073513197144,1.84918484396721,5.60765012711605,1.25088103241716,28,41.2875424911393,2.88168845837168,5.81887449946252,2.79326312630299
148.387997366177,1.67556675565029,13.8980768987522,2.3076907547073,20,63.6501291640566,1.92221735340904,8.34876187041734,2.98046624514019
34.7683353464462,1.12566459313542,10.6110193517588,1.33884555701638,28,43.8170728918246,0.968673225015612,4.51774708906027,0.738729235258674
27.6006373871867,0.360246200110587,4.98306229319294,0.442657332149477,24,72.7108281028621,0.838495895086394,8.69879619579047,0.594520552700069
28.4490767489095,2.06406546905963,8.04310871015931,2.92277176879541,20,46.8711233883445,0.830228901424843,2.70912927060258,0.421538880774027
44.5746813340107,2.82171388688648,7.47558459875379,2.14148346387665,2,7.60725597339732,0.327540521445085,2.16184130303375,0.361867744385229
49.7006581830817,1.6130372367169,15.8396590113238,1.84451079107892,25,12.2485818918371,0.381270905639488,10.3316678369725,0.74866858469532
121.392544000159,2.54303923887154,10.0521992575089,2.27723740241862,20,10.4562173994947,0.449783366144718,1.72144780272699,0.38761943008143
27.9257639977898,0.488022554736011,5.22449504123448,0.444312269383291,26,76.1873543474245,0.971620789060879,11.3765123988332,0.822037891085195
82.0356131883798,1.98689064029636,9.63043170429812,2.10158398082261,17,27.8621281532059,0.412355008776166,13.4109588715254,0.960115914931703
20.5484397304086,0.418433745711423,7.37549539387081,0.552197882146086,13,64.1123151696495,0.750594582293506,4.83034346022554,0.714480448711051
150.445346918055,1.57781140497468,13.1935973058015,2.89150937277762,24,42.9609039848672,2.41224988837581,13.844495631945,1.62514137519464
34.7890521128532,0.75422647787569,4.78693603457026,0.687933481122787,9,51.7689180722132,2.25449981919743,5.66244651343199,2.58708556726174
8.60572073253634,0.32996459348335,6.12111773834012,0.467494554527239,24,27.330389885247,2.56233540614824,5.60834125090584,1.60262757349172
31.6571130604286,1.39294105017113,10.1789883689981,1.94348166759412,12,65.0145669410754,2.87710430533092,10.2004317903607,2.70344276419686
155.963232252831,1.62910353788108,10.2871641770165,2.31826029235742,28,82.113244804754,2.04678035713494,14.5251560239429,1.74321810041098
34.7520669890173,2.156503577743,5.7232337320253,2.09097167776531,27,55.0450327281401,0.551057657922228,6.55425460799376,0.615153072933587
14.4885503632579,0.438317919048894,4.98246126804543,0.454926881292793,27,27.2332820098828,1.33403110178889,9.04828907224094,1.35524596954191
159.154635278564,1.64732907041928,14.5833791998176,2.85098901518717,30,48.8407928505224,0.648817018976358,5.53694961355905,0.446881482501971
24.7975751802506,0.344506009911958,12.8003225695574,0.88600921896,5,34.7246956739706,1.2708591697565,9.11816559671872,1.80557411867553
52.3148094433644,2.20872681245727,16.7343229188775,2.71496859113929,8,63.0525227263545,2.8385633850981,6.9106154481465,1.79565655848343
60.043729820598,0.81981802607404,4.78644597414065,0.756283588991671,9,31.1414314994643,2.91601051115151,7.94991357293769,1.63423050465997
58.0362980654387,2.72094096016084,8.9425997799299,1.8828668808652,26,118.648487997903,0.756169064891939,6.85660907966675,0.495917987365807
43.0025245838713,1.86397650433798,9.26884373335939,2.37342575721091,27,81.1303528814368,0.801667865126566,4.79057043421179,0.492866102884204
249.282772516774,0.978685334775404,10.9557687075352,0.699516926602033,22,92.3063637674115,2.8672789722532,11.309432200807,1.18363126532134
50.2095661010789,0.813456871768269,2.8704178832016,0.517289213255136,10,97.7223111009448,2.96672657877399,16.3945380980119,2.2606412640864
37.9726187793643,0.808335561104759,9.32513349731197,0.659247263586698,5,32.4815663256749,0.585032967591688,8.07555691633029,0.565054472289687
73.8503838019129,2.25158145416952,14.6563880403884,1.76954860200586,8,42.3245344241126,1.19861526870423,7.25773756412301,1.68471475014771
32.0405496718369,1.42516401625393,8.21525907085488,2.36351236464929,6,36.8538253541445,1.33943869559361,6.11342356067551,1.0534231261547
69.4588337549167,2.2869962662369,10.1628256890955,1.02602464350027,15,28.6711575643076,0.559152376960598,10.8026958442959,0.965122569547316
75.3065947229246,0.777044381764616,4.57198231493133,0.780151301887866,12,92.3191034454104,1.30329897959811,11.3890481929476,1.8717877311636
24.7221022513766,0.98398577141559,5.8938988643128,0.72961121310406,25,26.4991860341604,0.47080482916971,2.47646226627368,0.389986227616199
37.6205384586391,0.335830832183128,3.31399643330495,0.385450460320618,27,10.4835516138732,0.371413977468575,9.61436624375785,0.669252406003984
23.3271559066129,0.380026638383372,4.62811059526997,0.414719591146793,12,176.481406221657,2.45089771162371,9.97895355740258,1.52191282147453
50.6060150317559,0.999394771573409,11.5982418359926,0.937398783741941,26,83.0723732665928,0.933000723037092,10.8115092852729,0.968687265414797
39.4928089907615,0.410039830901072,9.68935430891995,0.965922355685902,3,134.813713022974,1.67969755165497,9.96097158177959,1.1297124084463
93.4993364859209,1.32420818119512,13.2010656782176,2.71643273150318,29,42.6084934996824,2.85175977808295,9.57658750294528,2.36580443919225
63.2888658161763,2.86568445397759,13.7733558558847,2.68487847490238,17,38.5446409021405,2.81861918345374,10.7810082569621,1.8274649404756
24.1984582202103,0.529996897627023,5.89422364485362,0.717946998692959,7,14.562903607229,0.353236476389639,4.54206543810027,0.683872081019519
4.13626410927253,0.382773821635698,2.06077896712912,0.450973441641097,4,35.3528933419445,0.773735313415176,11.4661728976415,0.845351146489855
32.2238209494421,0.563354551748098,14.6537547418172,0.955676907266816,28,57.357016504011,1.90253180307811,6.42952384587196,1.76786024146737
157.96656265504,2.65568495872407,10.5633081593246,2.85373939644848,23,56.6741367816923,2.82174999082951,15.6941866551584,2.22582862554988
22.8500482589255,1.16740543769536,7.09302942948194,1.32018878599083,18,78.6202392052448,2.91500883722109,12.2490704249286,1.07421336669588
29.3215330118919,2.33216957450223,7.83657215642856,1.16524414987849,27,5.43987122777237,0.325772881536969,3.16871210668136,0.452510899881455
39.5189429513943,0.537412595507736,6.39980548392717,0.537747273738625,28,47.1241273238041,0.96725481757145,2.54096661483203,0.435861431066446
61.6349407725532,1.37986561615673,9.58160568529242,2.69954596987166,22,131.578418788027,2.17563602240176,16.9015713976034,1.94843031108928
74.0902479490196,0.803203057711176,11.3242656796726,0.849605304091551,1,13.830522083383,0.472257782701104,9.25607283875101,0.825619620641428
7.68881020520698,0.34795998206022,3.05439552231855,0.529884600258545,3,66.4176653829512,0.880370880522997,5.51872275698106,0.900708797464473
16.1207662385891,0.503424259785964,5.1384816205855,0.913835698347432,6,136.785666341757,2.20244962256325,14.3993642480395,1.3555957151548
227.615475354124,1.3707929242356,15.9480979336802,2.29954253783854,14,72.9284045949007,2.21314877718111,15.0250729179123,1.03349509414729
32.9818505800541,0.446216560418036,6.28536775685118,0.957196694285583,20,39.8912324272776,0.951001006753161,10.6130568279606,0.726223563975806
10.4649900273834,0.434110124723978,1.18333060254602,0.335574827384405,1,38.0286812453875,0.65496972554712,2.41271758845315,0.456312272860095
56.8021612738255,2.07778282922949,9.8485806919213,2.51701202807112,19,32.9048737400984,0.412428001472041,1.9812335981636,0.325049807145144
10.7960620444436,0.523837361765969,3.57765710219937,0.522207369877238,20,40.6783608622286,1.86984555722118,8.24537683637617,1.09334784057328
40.9203200043636,0.980579327135283,8.07070688356063,0.881940492310467,26,62.1344182978784,2.88776194190093,13.3321023339933,1.79111985996372
193.388452059072,2.73361807982617,15.1361933030708,2.78613747227487,18,259.931139031401,1.52480723683481,16.2307192552632,2.1481146092383
141.334830553439,0.686073252838112,5.95067345028746,0.543072947589814,20,118.234546641161,1.94995896414808,9.06752957394729,1.41428490437396
105.431260108416,1.56662452151976,13.797046834823,2.34570376698338,16,14.0890645787121,0.364754596444203,4.98762918956185,0.601392998806474
87.0719258842722,0.514142484600164,4.1325341402613,0.425547222271304,26,147.231547635967,0.747706826073708,6.22560847094058,0.493740495045547
34.2423811869264,0.581511980326613,1.11855756871551,0.353151696332834,15,37.1432188522331,2.53209724397921,8.71107279100404,2.98040084034175
10.4156199608127,0.437249548965942,5.56038816165775,0.718103064568221,25,42.2370034698717,0.956103174289846,10.1289623317458,0.722697771114878
74.53459004419,1.27073500109994,16.2495665891998,2.53470667379107,8,39.808554415652,1.44653493493609,13.4987705548273,2.79839584469739
210.847549397741,1.7097684888786,16.2968260906508,2.41520181842545,4,68.3388055100527,2.05598196276616,7.14711197413978,1.28020089292331
53.7886216938146,1.00999624628266,13.4032955443992,2.56536500357556,7,30.8991923201907,2.30268164952215,5.92044843642763,1.55579959842053
185.163486998717,2.32993528553257,12.6284175804714,1.34833871572852,17,36.4999769872286,0.79956520987985,1.00318293534331,0.312531716758018
33.3144669332209,0.466037180213001,9.60450046950398,0.845794296977141,15,25.4719384321181,2.32046896198291,6.71790788114764,1.26436510537091
66.6897644586032,0.764254350664472,5.65732594645232,0.735101565173035,18,40.7462556730376,2.09459911453238,12.2931598192743,2.85369923580375
46.9498925131293,0.778008879559774,0.565593099025482,0.301679026377383,27,104.12689611617,2.50176485298974,15.2189795420156,1.36567808581267
28.8552257197634,1.6949422950154,6.23648118395271,1.35659200432824,1,24.5486033465293,0.587071098309883,3.38898466255653,0.489743285643445
27.544511731757,0.693170421364089,5.1800025049876,0.520560340665913,5,35.4537143819098,0.562390742826891,2.36606281454313,0.330045659838743
16.6382392212988,0.337519792659395,8.40466150434992,0.709259956489069,28,7.94502225457528,0.447456794845178,2.07164316239251,0.434772279194608
63.8325743801011,2.1973835546418,16.063066566749,2.98960510966554,23,11.760378873909,0.381360259137661,5.09956900960328,0.446655027675247
55.2913086459127,0.801324678125898,5.79882567070076,0.50878114297362,4,96.1970749281212,1.54105203705686,9.18643406663775,2.21272566694109
51.7067149472667,2.10264676320135,12.9699321034122,2.88517636839875,20,86.1255726070348,2.81043203975327,10.1236852659424,1.73582766296105
43.0317616956017,0.826199849273283,8.04317013151418,0.581400836433691,7,32.9194716135359,1.76524241809229,8.84041535135685,1.44863210847366
42.0879576743662,0.974759982613976,10.4177124620752,0.665955302019514,7,19.4433128578749,0.474775157976496,2.34423855950467,0.458416636094029
117.217835176453,2.00394176616617,14.8928072219351,2.58263557688179,16,49.5257255507012,0.530369982772053,13.1319967676632,0.814038355752332
23.5311760298341,0.794130510372813,1.39445638497644,0.364873125914631,20,23.4459405315757,2.55986572225219,5.85701940365719,1.28755833970902
46.8123664713116,1.61798405933907,15.1858468545623,2.00541945409508,15,14.0297717085143,0.451311526063125,4.81080536206369,0.704326586945028
45.7338305332356,2.27773497281662,6.77421693684693,1.02748256382037,24,90.8853586100791,1.10935860478609,16.5972671529834,1.87227845701264
34.6180777934552,0.846949814441852,2.50120671782302,0.416549771958624,2,90.1498389967511,2.80331941500906,16.607409132846,2.80430251217262
83.1368138385261,2.20401654520173,7.82750613603507,1.00305016619263,5,119.813283650718,1.69905593989942,9.78427462876484,2.10818857874075
85.0118050553021,2.70379362265505,11.8419887689466,2.44302044498733,14,95.9513690742956,1.83574174599317,12.2661601082977,1.36034745520482
30.0209430856482,0.623659966552012,5.27354337916251,0.455076667108666,3,28.9977193753313,2.62826345743428,8.48326844172185,2.5820445767493
40.9693656604883,0.686905123995319,8.15349741175613,0.953708680164776,21,7.59832369570942,0.325565924229357,3.94934498837515,0.652444344276264
7.34880180281512,0.433508019818332,5.51764516559404,0.886466446384839,7,82.2683024734373,0.846834731880052,7.77075537566409,0.707094696033191
8.40141237280504,0.383112494986066,4.95072726090087,0.60921792896505,27,38.5699250564817,1.26337301480949,9.15684119901732,1.15469642358366
88.6260638763905,2.88288694460335,6.68554840580473,2.26993265894809,23,57.5047687887448,0.973293756493064,7.31191672263614,0.636191770119617
11.9924366255535,0.452388040480252,6.68640316243002,0.651818314415721,13,22.1597256595273,0.496173025118393,7.5466006379755,0.516291867744085
65.9164011411862,1.94547880969843,9.43250918896326,2.1643581064054,15,12.9906198362008,0.63162644601618,1.67288914249907,0.394150128014726
24.6863843849724,0.609354296410244,6.01905800990672,0.611588737404996,15,51.5864150718958,0.401361640460624,14.8454075077606,0.989715472255438
36.6028959839176,1.74991992807743,7.72379331173866,2.63511046210349,30,10.6152654134475,0.391915917361969,3.48402967971655,0.612068994525709
148.309215254692,2.33645449089474,8.91456452711541,1.71222780841834,23,30.1536026341515,0.540685519029238,9.58441803988068,0.852343960784674
40.9635380463263,2.48379215544194,7.17829650482266,2.14442385770386,25,16.2320274656357,0.788901050225385,4.20235729444344,0.70359447954218
8.77195322764148,0.409947599437419,2.57891778686193,0.422402858478803,7,76.2319486390421,1.18091805486697,12.8205646986743,1.2023133843272
153.025603059902,0.891864460691201,4.33816354153623,0.395932116466038,27,56.7312698494084,2.23727740476762,8.35261785549506,1.52828663951796
64.0358975099835,0.927025047958699,5.63760406870337,0.842509225000225,15,35.7390295547505,1.53029787052872,8.22267141559139,1.68136612911317
22.8197891014103,1.87650383716259,7.44511224504967,1.47361657440593,1,64.1077399501244,2.42919545206159,8.43131914616316,2.87309117794999
60.9905711307393,0.495908878818145,4.22162300469445,0.556968114300849,30,17.2629822698141,0.409848814384342,14.4107660285199,0.944547749184911
96.1961100029581,0.932304098492392,4.61887303599845,0.525046171198913,19,127.225316515014,0.594956770625879,12.7369310680469,0.778129159230296
111.232597676382,2.03488032015067,15.1771217632863,2.00980251530023,7,79.4542669206777,2.97902761446271,6.7163543821885,2.55200439552275
31.9781132682786,0.736519318685307,3.69629140222648,0.44118417610674,4,52.2465331461216,1.69824458088394,15.0518994321255,1.39649185227782
55.7388475829715,2.95728462530428,15.3640739911871,1.36249846774865,1,34.9065590683277,2.7204056575555,8.37177763897507,1.09064703223076
117.896281476348,2.54099310943199,15.8908870478439,2.38198451718015,11,128.488726228291,2.53017270606746,10.2438545943847,2.48690937989579
191.068411503121,2.78945369596819,12.4877711087458,2.34627413761024,2,27.7263162296127,1.57884658149841,7.17988591234716,2.48607800790311
13.5955433931117,0.488284323886304,5.93686908692147,0.802167260901132,21,13.8292502765924,0.358957891053574,9.50183207842846,0.893022646494331
24.6204282038696,0.939795556713147,5.70973097388535,0.902866477251578,15,26.1976847213547,2.64932542457016,8.63849258709514,2.61063574132155
72.9207055551822,2.77714780818358,11.9878333477701,1.80543413061527,28,104.735282006865,0.652155634798085,10.0563537994682,0.767130306274086
18.1988970851257,0.447817025314339,3.36625199630176,0.531367918194134,13,49.149888223709,2.04678934606634,15.7815387735128,1.630480296741
15.8318500423315,0.320024483681826,3.94301240070173,0.403661850894039,15,84.2306280149551,2.05945760982559,15.4757338387899,1.33220134562796
106.502528649268,1.5160972047986,15.577937171321,2.48919154178093,1,35.4527776639747,1.15864802868072,11.8928413693805,2.57959053670692
127.298031079298,2.19436387176482,13.8369607412099,2.48292183677288,4,47.555687498072,0.675203590372744,7.75876451252712,0.772016062973543
20.0870854839015,0.945234404604365,5.19024810108301,0.695425973114385,18,158.570693412924,1.16038292038344,10.3811543634852,1.96243370811699
119.197780231472,2.63221114226273,12.8719318769253,2.80184766587401,30,28.7398289884338,0.770093231230188,3.76268850400962,0.449200531397918
57.9979512524229,2.22403128381847,15.1028914719817,2.39374858272507,26,135.625664913246,1.87484050267685,13.6655022194502,2.87008439359552
104.127196571778,1.07706091271952,11.5804208355422,2.04497090842425,8,166.369488553276,1.88086934121182,15.1816308821036,2.30224539437694
115.75444477821,1.31813962550403,11.6853522598763,1.21767833179031,15,107.865419768675,0.957283578466229,10.2342729509036,0.739533026486749
111.798935243169,2.50922701950417,7.19279798584319,2.30165370557397,12,50.1433744759651,1.30381444171837,11.20828378605,2.68574241622064
41.1860681305215,2.24882818501078,13.4054062628168,2.70414479817218,17,182.025432162868,0.797014942456209,10.6719239800992,0.735821484655439
170.560168297471,0.968752619106535,8.97528205433388,0.833376023108773,29,104.522734537866,1.21057099638734,13.1853452729975,2.10177284078986
60.9626219567952,0.590766493361733,10.9443435947136,0.756019133908655,20,69.308098397906,1.78843466307661,12.441959409731,2.60159428884027
39.6766383419391,0.57573972758667,6.4169864165804,0.630390150434377,16,43.6075345377279,0.831764979834005,9.7163213914813,0.831318646003828
20.6232903098725,0.400748400076008,6.59982154561733,0.862640592449714,29,43.9230474673774,2.52345705455803,9.42070519986748,1.25522516577741
103.715864153254,0.683209865135734,8.5790875028388,0.599078467615157,27,31.2268541658454,0.367336237029278,10.4272313907765,0.958194049112659
135.467105501987,1.48766387420714,10.8715352367746,2.16461953022844,11,113.772923340755,0.626604123241214,3.26751430995684,0.37112164045376
175.855015874515,0.871697004643472,9.30191531697479,0.701439165648254,26,25.9000208101402,0.492012809101334,1.72705724176072,0.306785799869531
48.3763427750439,0.692560928298835,5.25514532008284,0.875147055458507,18,24.215970014314,0.45562346336271,2.60979054701001,0.431379748318922
116.295107613622,2.37310284682008,11.5506689605508,1.02608338016686,17,47.4638926489348,2.11853486491203,12.6621520138314,2.192163605371
8.20573858933971,0.316906692511618,4.31836299497522,0.463546767459189,3,50.0371596735866,0.848190375005418,14.3573075992292,0.933085473154048
39.6262575294415,1.35766580684096,8.12362183763491,1.40714776806537,30,57.2077624918577,1.96585416167966,14.9234749616009,1.55605619446439
47.2481666687186,2.56266999648906,7.77980039408301,1.29371049040546,1,79.1745575734881,1.06948727113578,12.1489125765488,2.72289087011236
103.357678998022,2.63043027247683,7.10469237395749,2.39852744501688,22,93.9745394841956,2.20431919359671,11.7193791141215,2.65439361578354
113.552965483736,2.50034492237257,14.5394290841102,1.96196637602475,1,76.4335497218806,1.84840695321482,15.6952837926155,2.28697813240921
269.963381609657,1.40438114653055,16.4953354710816,2.80759760888731,20,76.6766614833894,0.700262864362524,8.87054479618539,0.824336205257113
52.6537179326439,2.01896701088329,10.8393250283173,1.61931339707571,26,5.71757442717428,0.401852961099024,0.761423081800954,0.312893781339628
53.2514913074074,0.529996960245589,12.7518081016955,0.837024710167655,22,20.7806496285221,0.504344795417585,12.1855590127302,0.87798711189485
127.912824412285,2.96686024809536,16.710930232878,2.65616288468105,11,180.25133241672,2.72445241638054,15.5603193785868,1.70179282561877
112.458871581696,1.46069937375602,16.2347934143938,2.92824264565551,26,70.9835619669699,2.27689154499969,5.79461205832296,1.29206617493309
11.7072247561468,0.571517896651616,0.619156903886405,0.301649549526441,21,38.8268865931025,2.26827636651232,10.4564054798541,1.15041963749498
39.4701789135177,0.756383960685552,6.54642276276674,0.963150966645272,24,78.4944881215237,2.18502863875605,15.3651337157904,1.60957587787583
22.0214994162231,0.55718388710849,3.11979924397742,0.482866391917355,23,24.4744141446904,0.657698295766639,10.6016001629582,0.928130243119072
172.275428251192,1.52735622900963,15.356174636756,1.18688535582937,5,73.8061134251057,0.848473975887257,6.79332343303306,0.802409265224745
52.2198592902565,0.753456697345789,2.59405037293015,0.467139578030164,21,69.7611400024227,2.52428786832457,6.27682238818961,1.72137023113674
106.837604328982,0.861773748629608,5.28616709060441,0.50329846962098,2,46.4764709460076,1.71604528939254,13.8239281648647,1.12606604427585
51.8368200580269,2.1115263481546,16.2568388217308,2.36272968422568,3,36.415394059968,1.98535337107895,9.80235287381067,1.13093506325366
39.4774236084392,0.748824597312371,11.2338895589619,0.880201125004451,18,127.496693577498,0.729928297607356,6.08157863405981,0.657981840610945
147.691067726559,2.80916476212796,14.4518557474607,2.01499611377507,2,70.8677499311596,2.93251859768711,13.2081585025142,2.54526227450146
13.2192439677965,0.684390548917056,2.29101555175461,0.470767602914972,11,36.4046805307648,0.613856538022532,6.52094864162151,0.493519978315968
53.3624074016155,2.92414383848149,12.9296090989217,2.50175593832148,9,27.7582268234727,2.83972658256655,7.16807712566188,2.3409976748756
133.995322958513,1.54869211798448,15.5050892738465,1.84233731393397,24,66.3398531424177,2.13989068283502,11.0138808466915,2.0423866028859
74.8146648608924,2.56587036967641,16.0017623756044,2.89777373494319,1,41.0813034614629,0.836590210100411,9.40227370970288,0.585992675628342
35.7438400821307,0.471927763347385,14.1938299277895,0.92589724456965,1,65.4502965967689,0.655405259187275,10.9414339210511,0.930816132855634
98.3022308787646,2.37531425283691,11.0998469350447,2.32573768743636,24,102.3262593438,2.26473287857562,8.36733092337694,2.84165547388468
114.955547874793,1.21389010214237,7.95654271578521,1.99371446617517,13,27.0872208063412,0.78510271025415,3.82391685692945,0.600071046164447
151.762086286037,2.69408784221003,10.8218164870902,1.86363906577157,7,41.1913515046297,1.1570307358115,10.3328944429237,2.50818785080422
30.7373117065996,0.583537417841892,9.01452426652015,0.804979121381794,18,58.0869406740495,1.19789718884514,10.8203703116213,2.47728974512088
61.853735350232,1.8424597756178,10.0029124627163,2.18618409891671,17,38.0108245653245,0.935733204354264,3.44921587165667,0.462384998357103
15.9465659550782,0.914656945758083,3.43361866224005,0.598750700238707,19,69.2602365030547,0.744779925785534,5.4729780332183,0.433070139058646
24.8983075718394,0.706313742923887,5.40464645202858,0.562615066633212,21,56.6161955270007,2.84160519770329,5.77198800259432,2.32597000987383
41.8215767549594,0.619350417973246,9.63547764706082,0.854751870382044,26,205.937241159092,0.951002794210362,12.4007980387912,0.876941928921039
39.9538994212006,0.681315928606277,9.47719994930616,0.696038398780833,3,29.0051795679344,0.97030192993532,5.16897450094725,0.562683723409945
12.2478140606095,0.397238843903188,13.7647808295723,0.994394713544889,21,12.8655864378097,0.346679820956585,2.92482305452699,0.425549215467063
28.683721673311,0.404592168706582,5.57529174652645,0.881167427072999,6,81.3340683217254,0.607198377114444,8.78549248305446,0.875214369942499
116.600330300433,2.66939414363674,11.1871414147283,1.47507523106905,11,102.868423679957,0.836123037886189,7.58596142973025,0.681753523316101
110.58716721974,1.58358105876397,13.1943735679124,1.7342634143875,20,42.1876602985229,2.22596398414686,13.8556801998048,2.88367621073087
59.5475440513239,1.9490296927256,8.22297240476704,2.14866915530813,14,48.7992506344656,1.18527191536073,7.9555210941539,1.15685133427839
120.476535485455,2.57735264486993,12.3712642060525,2.9447863473719,7,49.9611987845995,0.529371792540856,5.12224541021865,0.427312028562496
109.236093381192,0.8215278615517,7.4136984435153,0.776596661707588,12,53.7238163291172,1.67528002005725,10.9620355806479,2.73018992181964
98.9576671438716,0.560698742882661,3.95237151767113,0.400695802453212,17,50.6698903025319,1.10618561516556,9.98333781278767,1.68862094922628
44.8347617596393,1.38320572435238,11.2785376583486,1.91827498410569,11,233.953072336619,0.87287873635024,2.22752993694039,0.333319077648197
85.90883481525,2.02183174047539,9.32695329621057,1.55841551601844,25,67.8061652246308,0.526044011753599,13.2374351277246,0.977654532352601
102.095336571939,0.573050647805498,14.5479451925863,0.981144111966686,4,36.4612205906446,1.32809250760068,9.16519158856334,1.33234890567368
98.6743030518484,0.858062470162021,11.5674054208429,0.77285715326456,6,24.7931466521634,1.26863348075653,7.86791801208505,2.55290424455318
48.6172424514968,2.46240733902182,15.2344372248841,1.19979590266664,20,46.7106636134853,1.83570629887419,12.3418317314538,1.59120264064872
11.5245501599803,0.48390079027804,4.30232167648553,0.554317222416046,9,23.9745482658402,1.06504206723846,8.20729012021006,1.53553346835868
34.3113515892111,0.771798211616462,7.88640795921821,0.616343418377269,2,35.0293314159948,1.54729192488149,7.4402756443748,1.61899585272845
68.2029708304081,1.76086473707927,9.55201268415244,1.4002889046652,7,91.2816115587144,0.986366461668594,10.9710083391995,0.777594385506432
54.4466419441725,0.778634054650574,11.4347141828816,0.795346231491389,2,96.0921191559524,0.803308489961141,3.123693440745,0.427202113547799
38.1968624277215,0.483471497445043,7.68813147478927,0.655222949898262,4,82.6916071023565,2.68391950724637,7.01931064056268,1.9221338983611
45.4627461809129,1.90297885192098,12.5658515396574,2.30510147169639,17,38.286577348882,0.982895569712547,2.38389266590195,0.386774889866111
15.5344749480659,0.431441573153669,8.91551766875645,0.867038770328767,12,42.3607219299541,2.98683949711687,13.2526381318975,2.92480631678778
38.8824733054745,2.08178069139401,12.4991863331338,1.46189738265685,21,39.8537686205485,0.625740006756004,12.2127901951782,0.866229777034069
67.0665434513269,2.49302818708444,10.1858048964659,2.71400828267856,5,32.4261863536547,2.55301892958057,9.30150593456321,1.76682340565818
28.3809621408024,0.436990409112153,5.16246180973092,0.740623254057257,8,49.3081635750365,2.36308531664802,11.163618911868,1.69702040305568
71.0618961974755,2.50520956593999,12.8135771550541,1.22068604075257,10,75.9416096370125,2.22384973120303,10.5881125974819,1.01558840579112
32.0912893627777,0.82167717892803,4.96066184101806,0.57398434129231,23,46.5474971672728,1.27454361357976,12.8699252790875,1.56939155089278
65.1050358458918,2.44647860296163,9.42437653853418,1.85063263737042,16,29.8225963254877,2.46729380386861,7.87266873391587,1.4275229975895
147.681747124609,0.948125364551592,4.757245031237,0.450355754394783,12,18.9169489647129,0.36693749269866,13.1689807006618,0.986177201739773
3.15756176613762,0.312034688962983,3.54825803885053,0.61549759372154,21,36.472073811878,2.75399281648997,9.59034826438981,1.06939727310249
38.6396013112072,2.67884030161723,8.99593174645811,1.48020675286008,12,66.5035143014971,0.92785565316041,10.8903523811317,0.91808789321375
31.0187098697874,2.11351192326188,9.56395059239746,2.05929177072596,16,13.7162640121833,0.427377072253628,11.235890196111,0.823003958052274
136.071405314413,2.58787555936865,12.0430602699854,1.93953372074183,24,24.2837961752932,1.15365428959732,7.55428549323863,1.29061493994492
60.3492754477229,2.70462810866445,12.9284234172843,1.41444406597883,15,37.2005155526149,1.38764513568868,12.6822924902303,2.31591867982906
73.4394768397954,2.77351579736343,9.21674425470577,2.9460964748568,6,52.2166034719383,1.31616402464681,13.1616675068098,2.44384061473399
54.56642078676,0.674924103450774,6.27876276965759,0.903526448227727,8,46.0577577917767,0.810355378525782,1.67964650110832,0.337740404991447
46.3489494136901,1.7617705068083,11.3665690841725,1.05750867116413,1,74.3029628521108,1.17810136077971,16.3329297098681,2.87862326313149
49.3798640850648,1.49860234782483,15.4606530983088,1.45351938219375,27,59.8902637287924,1.59163524391661,9.92958606391013,1.13207252340058
27.0993432489155,0.792806285122672,8.66098947946348,0.940432962136864,15,139.556896364129,1.24650908826203,10.0262056916547,2.52871143673733
17.498405503829,0.618414077196172,3.29109619104014,0.453368376711947,23,106.964692846161,2.56734262175854,7.5811955320524,2.80724659304121
25.3255997989283,1.57989856862305,6.02390564423379,2.0790145454721,22,23.7070156547156,0.807830742673235,3.86926505490856,0.666921739585503
13.2343427390139,0.454387752108718,5.2527483600213,0.506243740554652,2,45.8902989015494,0.81367260791601,7.6654953812975,0.894731181873415
8.25853935046476,0.305526231444308,4.62638801511085,0.750832651291897,19,19.0430834652299,1.14512066594607,6.59621195650911,1.55351815099461
84.2985895600531,0.942737573499503,7.21389457513083,0.527274209962189,11,69.3855319517571,1.97902868447079,15.0559264806495,2.10409195377927
44.0191731977571,1.58557229660474,11.3922788870994,1.37208042406705,13,158.168469049834,0.89257488200565,8.87573663063296,0.690051865874132
26.0537488905112,0.546191371556235,8.14912928068773,0.731495693867922,30,36.6988892880785,1.16996982800918,8.72217509897446,2.74303646901018
28.7564318335012,1.75004510962976,6.08843342662431,1.7959855900769,30,113.203713069522,2.50476636938342,6.93406388791174,2.82314603572524
24.2858363059153,1.60456757250836,7.88516098546859,1.52306222187331,20,58.2376308719478,0.583687920592999,7.05560175623912,0.565019270576943
33.9607349262181,0.54027983654507,10.5186266633327,0.982103653139383,9,38.0985244436722,0.975467031479097,6.88075901841552,0.664940293320074
118.102894873238,1.69909475482999,10.6669974137197,2.5665246811938,29,49.8600564027001,0.59024138990756,6.84121609566271,0.791633177151922
76.1695872189333,0.778172868589855,6.8317085354898,0.691909486342372,17,12.8965095924177,0.714136249594445,3.57827014787835,0.604318871762783
32.0322128244625,1.78737109161703,10.2225101626658,2.30953097761673,21,47.0805660203491,0.510318250017133,1.54315810455845,0.307645949152054
54.2529054337232,0.367109615277783,5.92046026439423,0.465632956124603,12,178.007969122942,2.24114112644656,15.8153494846243,1.32115696066922
3.6850117501541,0.315486569899743,1.95550430715375,0.38943317579758,17,45.3941898675929,0.729110367647818,9.94346160231603,0.898259321598169
51.6343881425882,2.12061346001999,14.1776052677407,1.72910397580558,4,38.4372091953945,2.7692060371698,10.8435430640926,1.90712784552242
128.403650853744,1.3303459872854,13.0853479826053,2.65746235045686,28,53.7539228444558,1.66862080500334,12.9620264711148,2.574828281033
29.6287148184572,1.72832644412478,7.99069501060781,2.64092462303592,20,47.163257161638,0.550482764930078,10.3034171221973,0.88174820957478
54.5459776134927,1.86304836435662,14.7211045861112,1.10639303019077,11,61.499825970941,2.34515439312344,11.8373851809917,1.24790303640605
43.949698126044,1.33788926788636,14.6594584325225,1.74967410600164,24,62.5395727037372,0.752714069540614,13.1349068752402,0.852751279490613
92.2114555998376,0.748108398843925,6.00283458925464,0.636779100102373,17,45.0962248181877,0.740290406416506,1.45761167073401,0.377704406654837
42.8591710615419,1.28845529160328,13.7619568869385,2.88191110129427,27,76.5853989890464,0.846102295763021,8.68818225411234,0.871886615928437
43.7207052999629,1.83085286467157,8.96797731343042,1.16108933491049,20,35.5118066679097,1.14517728807287,7.52778582745834,2.33187346762121
81.0303958543089,0.874925492068863,0.920274636946836,0.325776288410014,2,52.9557139135217,1.29928847491215,11.8367684573231,2.70724416814237
24.5363256779244,0.648751227429333,2.12702408718977,0.426691633485242,27,124.183696048325,0.99433305779732,9.19623242584696,0.841881420090106
23.3749232003446,0.787827212216147,0.656881001363121,0.310256666857091,21,76.5413753091904,0.97746399076455,10.9375904459068,0.873409741642398
80.3073785136149,0.990835128105134,5.24958785618317,0.425301272126778,13,166.725106294453,2.71978856360724,10.8960659470989,2.05574170163387
22.0164765207111,0.539942529880275,9.57767737719247,0.700246009517332,22,41.269541254899,1.36219741376689,11.7600689130916,2.41992332028093
50.4975374554325,2.79177825566524,14.8365069425202,2.73642619879202,11,44.0530160962001,2.18455117115266,6.07469626904958,1.46685165824425
31.963172877011,0.557653820044647,4.61265057295958,0.510262183935866,9,34.0175193524008,0.621988918893978,11.869799607342,0.776842180688452
13.1623154602311,0.3867779851924,4.94522110327923,0.539909574271889,26,36.628080836176,0.801320816564107,10.462848588817,0.940290850814046
17.6207624431356,0.575214019976621,3.60770450239914,0.487466545173468,24,33.2217351176575,0.973361969228438,2.39414421355916,0.466779154852299
59.7672511756006,0.925020584117764,4.99568667285892,0.522511211568559,14,46.3181581228274,0.969047531063607,7.43663696197811,0.745556447904851
36.8417028995678,1.56926117718166,9.89575008011203,2.18577031059228,17,30.4115353075461,0.703532671079831,6.97751031152673,0.893323603463117
134.709141384134,1.47064913049086,13.2468966212605,2.70572829242461,7,13.2189541008924,0.383464754108172,4.31141353266719,0.632523619442766
60.008271272973,0.814486294003749,1.8451639677739,0.324814871381632,22,16.8946696248705,0.903287714265236,2.16675989620327,0.438028209557213
60.6519796923307,1.27894285918658,11.7215710707783,1.1720245855136,12,23.8347711923966,1.24838189850281,7.13986141827973,1.57610041899186
40.4308153137351,0.534003107802924,7.63359374297634,0.637219493430723,19,36.1734959823369,0.409988523965067,6.14799201293278,0.704798206632366
61.3118235889212,1.98948510015062,14.585820158047,1.7378844075939,21,162.424841388254,0.821152072336999,2.03429613431069,0.320438243572907
30.7400010157471,0.504780367979183,2.29067160856153,0.335768463180378,24,76.378441302503,1.93983582056672,15.7021262219297,2.29207919393008
60.0035019641145,0.633908372994242,6.0354011828805,0.964162733612919,20,34.7616151865357,2.7502996558207,5.86095516843442,1.8783216539318
108.395410656013,1.4560449093691,11.2312803016432,2.27681575928374,15,152.2247252775,0.905283770130506,11.7475590432696,0.827773104018583
64.013464100523,1.27287820292467,8.00291456005221,1.91165522646863,12,39.8603664096201,0.873513230604388,9.51588988193632,0.729591577956007
49.2107286770796,2.41245178640561,13.2802669257355,1.46944296396826,10,80.5331693041882,2.04165130285946,6.05556563384132,2.22685800109671
8.07652570983273,0.334980156747391,11.1370687569602,0.886975629078262,15,110.134921609222,0.896917327752372,11.4522814674862,0.933968451644203
59.292868914708,2.85552967344949,9.44264532056047,1.96644578605719,20,40.758873152043,0.817186227308032,8.16181948827778,0.938218942971858
113.688983676818,0.865843128728352,11.098697878234,0.761895485211657,19,50.565982711504,2.49968802882898,13.4031133610366,1.25853986064202
185.727374306541,2.41936099586215,13.945334342285,1.66034340791481,13,34.219851119254,0.971492828598285,8.75077985555203,0.695013148905922
31.5415324733858,0.686226533971947,4.89682882670572,0.758375087961503,14,53.311556623059,0.5780767542226,10.3347674220668,0.947173121369652
44.6937293542154,2.5990381620006,12.6844102019538,2.68454968079021,26,93.635167769363,2.69857770906174,8.64425818387383,1.33474149717845
56.7746965601688,0.760311165690302,1.16124804393685,0.312771360337006,17,57.0607601261098,2.84514715011439,12.9012425876289,1.38015219465412
43.5475149734783,0.623029370832906,12.0725553638324,0.945064305146929,20,2.3098689975918,0.313186210463813,5.3784145006483,0.998475695183362
43.9257836936925,0.589253244912583,3.32549452062145,0.364333058526744,24,40.9130793396096,1.12556094613701,7.88667074434266,2.4032430149143
30.5913760844034,2.56339821236275,8.24985154849012,2.04228661019167,9,90.7539408061283,2.80447828910507,5.69856113685096,2.953926151594
29.9593603363918,0.486922031620337,8.19530966899842,0.575990442946472,3,99.7292318557461,0.952985759698109,2.45804731079755,0.351493001006611
47.9436496588418,1.05578270260123,10.9805025285049,1.5123421839045,13,75.8832978900724,2.14530901636268,13.1469415468813,1.01166512137508
51.8178748668786,2.96889592860229,9.75932669120199,2.08076482724463,21,42.5376861169632,2.91888639971061,9.50750405816639,1.03834865683665
76.9068660842341,1.19870895819345,13.8669689386052,2.86669429532794,29,20.2720907197551,0.428208878452057,9.80614907150075,0.821843213119583
75.6600157686452,2.82533872211382,14.2732946050621,2.01601792388175,18,11.5253485954389,0.350041886191035,3.75491774174239,0.424144456965405
83.3672087870177,0.929060773357527,1.69181459799626,0.315245234671218,27,68.4850220489005,1.18868877063915,11.4186947220849,2.95927913783927
19.557923384824,0.358217778251753,5.49891409700217,0.434877499151226,18,26.3585711101759,1.98508769987682,7.0352858232157,2.83292736743972
63.635565219679,1.92105697052655,10.6408720853896,1.75063292449515,23,17.2109542942435,0.441239600410552,3.9875652392786,0.558796948522662
77.5665841877435,1.50833360714371,8.71566343264168,2.10057375358853,21,43.2495467355301,1.50263845302083,7.05164301561697,1.42051915111855
6.87937818636169,0.321566505429491,2.17959604455088,0.355835557695499,25,46.4668839427605,0.976568749437744,8.10727856709764,0.795819353378193
43.4722887138592,0.96660869843714,1.41783774256078,0.379609673064322,3,64.7249963121184,0.838289032135772,6.85380754855252,0.479627998104849
58.505657997973,2.52590044388984,7.38954309936578,1.36337191040573,2,72.6479943830003,2.79509881563482,14.1332840198656,2.50391698917012
53.8736801880263,0.403257983182996,11.131503733439,0.711347921106802,7,25.4354477061001,0.579817730254405,3.91759471804847,0.528805848134516
58.1453605619332,1.89637490234547,6.77043191840708,1.87941711847344,15,28.0229744777414,1.82452338247887,7.35284529067542,2.26163585176158
35.1506190746293,2.85661783427482,10.1002313327333,1.62321398666363,19,77.4324331450332,0.784139744006104,3.38597599477602,0.377107345379269
31.7623248134281,0.664485497454594,1.91045414651465,0.407194016883466,16,46.7632806339473,2.40693329028168,11.6464250084682,2.58049286709188
17.6838601204713,0.429238419747148,1.71807905245515,0.322032637961597,21,55.3216247076706,1.59967414803525,10.7583963483493,2.46983026463679
25.1678260032563,1.48055446461106,7.6441261598688,1.05900118400548,17,47.0725364278151,1.65482029603156,7.95123090544206,1.02469489772904
194.407733324328,1.43975393571974,12.370615098713,2.3264102170629,16,19.8718321184513,0.347938761502306,1.08788912689353,0.310369067764749
20.631090412267,0.62464798079192,3.3124034670367,0.470763538669287,9,70.7005704938359,2.21831511982231,15.5857124875907,1.70582034354528
13.016083325918,0.383742280066596,4.72212939098946,0.807223220813054,12,17.2036075174118,0.883945281551616,4.99558352839804,0.803690312465334
103.264583112489,1.85959387795042,16.5542168135604,1.82606305225665,29,26.8072193828736,0.416257461899332,10.8348652805896,0.659546303514183
40.1207551110805,2.96652783948142,6.02314579492309,2.49928154952335,28,42.2482686406121,2.09260046667922,11.4733851208415,2.6059764034864
14.5798230207514,0.411564677938066,8.36986640622004,0.946457573000683,16,36.7405745556213,0.879013311729355,9.96961183117922,0.974268563674282
36.3642541551382,0.580578186545427,10.9185393027505,0.683197482373597,21,42.7334708655399,0.394440492564281,1.84050360194096,0.324150823361918
22.5378800479243,0.426389166428313,7.01671555284524,0.90118098722719,5,22.1934125342476,0.458065705494033,1.71989976389369,0.333583993728638
15.5432535048042,0.391932388846541,8.39133487673035,0.647521982200528,23,56.1208948251971,2.9578428807983,7.01449789821172,2.19115104235169
47.6037013814428,2.00777252331838,7.10883402547448,2.14760842464816,4,60.5504021007405,0.707483118657147,5.67116368944237,0.543421115083124
34.8159162308853,1.32503327346682,9.31033146998118,1.64483525568221,25,50.8989607899165,2.27579819542186,13.6500157993087,1.56569247611501
60.717548826867,0.973877031982654,11.2379364455398,0.676101083840642,23,20.5292952248348,0.498574915809872,8.31815696539067,0.792356226171508
48.0184413444788,2.86102628625532,9.22035047506153,2.28381973620445,10,111.347437890211,1.45384985874778,10.5548822954541,1.37715954103167
41.1607133112977,1.57697701385076,8.68310629932423,2.17088147350019,20,98.5321873504412,1.45592813111637,6.08431624998413,1.48924502892504
5.77943329898587,0.32448240877205,8.82884168511061,0.839235329944257,22,12.2892593187824,0.44023331516157,9.43408309899143,0.944479706309457
83.5950051790973,0.918690963670074,6.89864587993908,0.97771329905796,9,43.0262880919895,2.8165443586066,9.5300302234794,1.41035820206384
21.2484563643076,0.391463748339062,11.2732059930969,0.773072750696201,20,50.6309818475769,0.872294212421966,9.16474792476897,0.694595106763247
112.507805522288,0.83745726285006,7.55268946051641,0.763933799171103,23,49.224749467491,0.555620552690771,8.70142213979145,0.581714328113426
42.0603395998523,2.63687234205956,10.4293173245518,1.44705918745591,25,38.330093244419,1.40865962572301,12.8952002817518,1.79565320377533
68.4137892277904,2.17241624323751,11.8650476661858,1.21014967443891,23,2.66113186424229,0.301727434850712,7.15865643113347,0.939676537252071
55.7381014162459,2.65348121466189,7.58240460025921,2.79902662013959,4,22.8693762869217,1.72498779960034,6.24909469628129,2.18620870552967
45.4615287897913,2.29117833680149,12.2769286088129,1.63509826439614,27,64.0655110812176,1.59245971918048,12.2134426529306,1.9114817526413
158.831196406193,1.62122288917169,16.4066464230058,2.45939789121251,4,39.3964922231586,2.21430151380062,9.606385140647,2.04560707332993
16.8721399736898,0.441350511093379,3.26556627169977,0.501510094327446,2,68.4772709398627,2.51612847753161,8.01522686007671,2.25049495935561
51.1369298026773,0.463980453993429,1.58577593388,0.350028344836468,30,60.3787762931107,0.626692034944723,4.0104943965227,0.487148736890399
92.4642314446009,2.40593740174947,15.6936471830521,1.86976051489101,22,55.5688374213018,0.720816900798795,6.29318370342291,0.482610134824086
142.877055554814,2.45010267587976,9.61903830320409,2.29720088889249,15,73.9437923088687,1.56633343853871,11.774307307071,2.98051583787042
127.175145441307,1.59572743598193,12.5830129766902,1.73801164439985,5,176.521009612197,1.30569215065702,16.4253557129987,1.591878291669
21.6902126908718,1.72960085922483,6.05558147967357,2.57113518888593,19,53.6311003893806,1.92814653028327,7.6208071939655,1.28157185195781
37.1362116785186,1.77938421332542,9.0098960274849,1.84385016531286,25,39.0098164722062,0.966223492131577,10.9427662777879,0.94518705670191
36.9179780254873,0.936497591830956,2.79144871551046,0.375323773669484,24,39.5172702279161,0.945637108094533,1.93020834205946,0.38337196929294
43.4846767898243,0.794612788081778,13.5027323727591,0.865877945864151,28,23.3160360796196,2.93081859989894,5.64985895364681,1.29345508064601
44.5854502737396,0.954230832387244,8.74940137339561,0.769908765295999,2,39.058632078674,1.8385484376628,7.20000479452785,1.81270757526173
46.1674509887943,1.23598892101551,8.33309648558921,2.85870949668268,12,53.8664300343997,0.795152854101247,5.09016513691326,0.550750253547964
23.5874939318659,0.667343734382459,4.08528797081491,0.537054320561732,24,32.8920503104543,2.20738571110896,6.23321423532483,2.051879527614
21.0906770398755,2.01439361695355,6.45370246053925,1.81741453687838,30,32.9575359657755,0.511480809807925,0.685146319944301,0.30707729191856
47.4482262127438,1.92200358809412,9.88702302865638,2.22715459869499,22,43.2626002279758,2.59026964081499,7.05333291377585,1.9894566413822
99.4890616333814,1.21230014359493,15.6633542292052,1.35724537203519,24,11.2222369057614,0.43171339096668,4.39978154711704,0.61852343651423
44.036887293735,0.811486334048015,4.65461704803131,0.627495700700794,8,85.0679795741657,1.49834054934521,9.79102137834056,1.70618331588552
162.526100644738,1.35239794972612,13.8875462121847,2.36991861157127,2,117.394782803337,2.78377940821414,13.9456228638667,1.43076392081112
108.928847172869,0.920070884698906,1.61614205665319,0.329015960289347,23,130.350923139989,1.53699071277627,16.068008098294,1.48207843913829
50.4514439152126,0.623911231211311,8.35970531060393,0.876891994018721,11,35.5452171797489,0.568633924345998,7.1048112081809,0.996021817640379
20.7942582826291,0.51619583223944,6.16266690066115,0.505975614073998,18,134.525684475018,1.19040193364752,12.278795076979,1.70667117724675
94.2877812754781,2.42277986740947,7.42171939549628,1.34373880369492,16,61.8508613012532,0.415018793578591,13.1516196021794,0.844642976161602
92.0616903588177,0.688140718842224,9.66873708346163,0.832661272131204,16,50.916054322254,0.39011855489028,11.172576523848,0.683158415588645
57.8530957335874,0.534268386836608,10.8054020440296,0.708446007027499,11,13.5410710614544,0.372190606821433,10.787990662285,0.834150499254898
18.062773331045,0.456636448629457,11.0587840904493,0.734409159328243,24,6.26011788984691,0.306504588346249,1.38442684441702,0.326572416156535
38.3895259299903,0.883275320093949,6.44544097852993,0.998106453162614,9,90.4289562310979,0.945848755788989,6.01963543625017,0.571420082312636
30.3162646575502,0.586554477159595,6.92815006233164,0.803389516770644,21,26.0262477188319,1.42857634802862,8.23526023392809,2.31845035980694
36.6235397705494,0.406974209773449,8.31296560872034,0.916214529592541,9,99.5015378053966,0.859130733538188,1.1006525638693,0.328728789529919
146.183084783751,1.13719935687169,13.2178454010012,2.94039971202206,13,61.2472098605779,1.13199848513577,15.5309583929857,1.80497307739679
15.5565955769089,0.527587630788602,1.35745434104155,0.367792815141078,19,19.8430545142751,0.558703125199712,5.7751226084874,0.814775791520206
85.0931514305829,1.16854740123347,15.1616088179732,1.8334909455327,25,6.39176301655379,0.385329927813544,5.52573738359484,0.800630699729607
36.54171396495,1.50688741457863,7.65191184631961,1.07926968618593,12,31.7603450687336,0.59472729208279,4.79032615843612,0.499631729717058
172.395175502296,2.07677449808632,10.0918421398989,1.48206238312612,22,64.4088141988851,0.753878460590316,5.69256608544415,0.95135182709649
98.3692562944985,2.28767075287529,8.90655851495122,2.47592013710158,4,47.0144611844944,2.0993498687912,12.7669980640988,2.57983265542231
60.3917632302355,2.81650414629943,10.0340002592449,2.10106948955297,19,47.9068550329188,1.02509127138542,10.6505613336105,2.34247474809306
51.6986842031775,1.9125620174414,7.37490009650909,1.55998629924865,28,95.956618327037,0.908891321251394,6.48911426185252,0.973750788537419
22.9225559204436,0.907482365706186,0.767267215481209,0.301294646008619,28,22.2867813469023,2.45863033204004,5.81882679023112,1.23183637334102
37.6593617078887,2.77402790900288,9.93989019293578,1.21305863722164,19,72.9163390979486,0.447876665060679,10.7635835697616,0.735493591331448
69.9419618763284,2.4765983989797,14.0317557628173,1.1971361082014,11,44.3522354496202,2.70854662916828,11.7289900293185,1.74893064029729
11.6852613818584,0.338466404956289,5.92379926817825,0.598925346470451,28,70.3009221254418,2.97711539470095,15.2047958287368,2.66977707732919
17.8390515083591,1.26646372244794,6.03303393054199,2.53003643702254,15,24.8346478390115,0.467682378332414,6.61567257686664,0.693531105788278
43.218856040672,2.37440909283218,8.9028861151409,2.4291686934576,18,19.8268982797925,0.40209213229049,8.03507765766811,0.632941422092671
11.4598626785155,0.373228281988233,7.87240517099214,0.843358828807387,12,48.4501793125754,2.48675042914109,12.2935912379527,1.96809472532158
40.7195563506162,0.477677714118844,6.71240513987169,0.717336396452022,9,40.1534066067828,2.25456875201872,10.9466816988616,2.94529439227231
41.014962924487,0.686571214086887,5.0836714625353,0.559827548863459,15,154.482560068387,0.99980686235319,7.03423267585707,0.743092550112893
151.868203414171,1.5617970882459,14.7188538175351,1.37838602841226,11,58.4998698747452,1.12909331992842,13.5294614007136,2.02419262265677
165.724660854583,2.73431055755918,16.4759578031496,2.08883708717892,23,92.4200342284102,1.91530071323667,5.59053652492597,1.40698606135225
225.421776316239,0.910978470491899,13.5921418535585,0.894105320708693,26,71.0059077267404,2.2145717908094,9.48307323646694,1.80815464902509
2.7899686900379,0.324166242377057,5.16154430440315,0.803627151714835,29,17.5344124862442,0.322436174348553,4.49445994563886,0.454598639031372
54.0982283138288,0.93491031783256,5.99462466728761,0.947954202469004,28,44.7037126450324,2.21672619693126,14.0460176586722,1.51501464431104
36.860217935033,0.57867717657431,2.07293036396183,0.394475937878442,4,171.762771497334,1.74152081274943,15.3351168584405,1.41861987230396
24.9862755514955,2.75614264309981,8.25376810364234,2.4575432430686,30,89.6748725598778,0.552507814259523,3.99017745242891,0.430547455120494
36.2990357346573,0.424798589907789,6.62002159938081,0.623625046071852,9,28.5697581586596,0.498956313596896,6.27894021142287,0.593035263324316
82.4557329641139,2.7876777220464,7.53671600561847,2.85888653289573,22,52.1252956553078,1.607989555103,6.97256668100399,2.43238527888198
44.0113601663953,1.24303150397093,9.60657908361836,2.01775826926677,18,28.661773445001,0.576835924779976,3.82311960882849,0.377746835724317
45.643269994175,0.547041129992028,4.15613953440589,0.70198526717028,9,57.3350359148418,1.26185305094249,9.14600311215602,2.22925488351591
42.849925783634,1.20841448951445,8.95188710262567,2.58735313489343,17,165.798738380022,2.42954607611476,15.7721076120381,1.22331235007572
45.7050907469606,0.956467811113449,14.1192761619231,0.947938613618184,2,49.1044312441921,0.424853194933654,8.42129826936074,0.591454289409078
50.6552178636453,1.87603925229419,16.8201839241558,1.98304685004,11,30.6477643494887,1.49766361347447,9.84595280712196,2.59879909166285
52.5978709832028,2.98441009668078,9.84284450568205,2.44924207435512,24,62.5880446332642,0.444727154231811,2.35555212280782,0.344365313319741
124.466761110284,2.30603412437156,14.0200101535228,1.81679872262062,21,104.047553805414,2.01171691396184,15.6046362258243,2.86757477364605
34.3048781371321,2.33657522448797,8.45558907256834,2.08456739028654,12,77.0766509702443,1.58650094822491,13.032309973725,1.74274037712659
52.6305761036139,0.841619513620391,7.17331312573642,0.977479684333438,7,122.129571707357,2.57936194575818,13.2982899788325,1.94334777907955
66.3173214425054,0.519254291228404,9.46656535659627,0.585661912510761,25,266.290971130236,2.71392891278994,16.2465190430653,1.53744599867059
33.9674717056046,0.417195748047593,5.66941305813746,0.765072179374317,19,90.160436011223,1.61207293655136,9.96579858806768,2.91090589882965
104.103214197491,2.12045292641641,11.8828714443115,1.3071005967062,25,118.320172584049,2.9536598833652,12.0135202286394,2.38343261787209
21.946352468866,0.492148261802039,10.9843809689762,0.666405968184783,17,80.110276678854,1.12557193319742,14.3345361350278,2.33859617895471
40.9832303908081,2.41029452634052,9.67341052745957,1.23406080202199,13,162.106825647111,0.989233764456092,7.07333144366435,0.536304967971812
20.2185344259337,0.931033221979052,1.0508409859677,0.338412372742674,9,59.5025882701636,1.12184813224387,15.1981130653452,2.95793868369564
36.4531321722888,0.604957621418962,3.92593027854199,0.450982193437842,6,35.3920012828964,2.9371380289703,9.95962324740511,1.71550303403575
105.662230918951,2.9342201260668,15.2411682235732,1.60904783290647,10,22.0419738793607,0.554275478840982,5.09939759234374,0.549042150264906
89.8191301009444,2.66552344272198,6.54314287002577,1.49163200895855,21,6.91607522123381,0.340501675306823,3.29460630067128,0.527462862344928
19.1773969671034,0.345488647491639,1.64082487703286,0.363063295596945,20,11.1424692613345,0.435590616716244,1.20713599610777,0.311952437480084
198.588408002717,1.43256483155364,16.1543392051733,1.51453601587312,21,20.328411299816,0.571051397320599,2.39174161965527,0.426903807903184
56.4805035376419,0.811298475103301,7.41635452284568,0.659603869712434,5,63.6314198424284,2.14813926146688,15.7990811365248,2.80333111622449
98.9223017411091,2.12910118367413,15.2554758168613,1.56444521717528,4,144.842680569001,0.77001836245495,8.8838949515259,0.72693221889188
93.0103879557808,2.28724632761716,16.3735938787486,2.5368968434082,19,50.2171944026911,2.74130335183384,13.0462128115045,2.04591348022403
11.3223058052805,0.380516961153761,4.76079595864643,0.634006442955732,10,104.023788300548,2.01776940193911,14.3012588776574,1.92553698217292
22.7176924457533,0.626396770539434,7.7824073577584,0.946085418202532,26,103.67800687242,2.13255894631951,10.9407943854628,2.60063134793966
46.7195900941007,1.23013035319136,11.1431864192365,2.70765138529857,22,30.3257360090827,0.872058281552969,8.68779946213789,0.765692608325474
88.5217219263231,2.54718531683096,11.2216184598552,2.11779388685193,27,46.2433351458817,0.530871416248858,1.89897800148884,0.353351789626396
60.7467656900696,1.34275347841608,12.9213073589883,2.6227549327944,5,19.398984516372,0.492740269002351,5.56981558598291,0.757062251525165
11.8800283808718,0.339276883310779,13.492490463891,0.95547972349096,6,24.097585144486,0.443314264522108,8.65356750210813,0.918694117354648
81.2071483209636,0.881244395896897,7.01449682534008,0.633535460178565,10,55.214598758089,2.68514274658506,15.3264526252709,1.48360315725643
112.61066658407,2.02423724289913,13.6272461622035,2.41899289178138,6,77.6080018584266,1.94080404149498,11.5424638588746,1.39261594981205
29.0054292380635,0.762413794927365,0.80241876104512,0.317204198136213,30,51.8335091535941,0.754341005490882,7.12745014709067,0.663321719476589
157.9843539095,0.928503877156935,2.08228296148054,0.361889906289532,21,44.9133202830904,0.458024120217495,8.23754878395002,0.55647713482606
65.2471500848376,2.87923220082515,11.8268381179028,1.15958189021199,28,77.5443798844454,0.942971690235646,9.50433273297861,0.951255210834562
54.6908835902286,1.6824227816814,16.5282035500884,2.97779119767155,29,55.5615837447225,2.42378395454377,9.49932387898028,2.98683687072906
87.4240578346829,0.644776219557848,4.71034609088692,0.422110276842589,20,33.8172401968285,2.80073944734104,6.25725341680973,1.7426063030202
221.932166071284,1.7495474733401,15.3906819397622,2.54733652283637,18,44.3668679121134,2.35069739078056,7.35336182393764,1.66818917792322
86.6316413271382,2.47002967097461,16.8409058851453,1.88147438435525,18,259.678532422316,1.97502178187391,14.6023710833322,1.60525099307837
29.2384434580676,0.926297045575539,6.70953291097119,0.650594783020757,12,82.2744741981851,1.89480623370675,15.4736785802289,1.42964547593178
37.535142674933,0.849046814464855,2.70098984373784,0.370987843430894,4,35.8955922577521,1.48589495849742,10.1988133461939,2.20951292226374
21.7296322809509,0.668569786855949,5.21883515039774,0.763238694194477,18,44.4473708379585,0.516667649610926,5.29062129363775,0.452710637074969
24.288076021014,2.45437244475038,7.45479948267655,2.09210750132204,25,73.3008240068588,1.26837075370336,16.1827526557294,2.75055155539592
109.321714536588,0.735881843979741,12.0037120735093,0.93332771094662,18,118.018219650824,2.87557779749033,10.0933565000908,2.5781482629267
30.1362872160518,0.995352868608823,4.86629859778648,0.589442243136122,1,56.4045193923405,2.2340405322761,7.2970224533839,1.99265590487012
32.373303739459,0.648012737857845,1.36017804760845,0.31837549580267,29,67.963018707517,1.68449958325226,10.7975230595473,2.87654439266399
37.3331899557089,1.30191435427799,10.9170508735364,2.42069539818977,27,36.9598278383978,2.64643766841815,11.2598256466106,2.77446433848188
194.811759692876,0.781316739192964,4.40922964293542,0.400760320278474,27,195.599034508446,1.85648816033068,14.1356573452304,2.63994953976909
55.6957232707238,2.47239736427504,13.415503951524,1.31499208028608,27,13.4008013896165,0.414065297145892,7.53918810267099,0.561695212938563
40.5309889089725,2.72149138851274,5.71783880351584,2.73359985439923,28,12.3765078491359,0.395822390777545,5.35561850067615,0.447908919283276
40.1550664397813,0.770017884773056,2.01401883011137,0.404942214269463,3,34.8710367749685,0.504154351706404,5.67128966715706,0.67721098272932
37.0264150373311,2.87000981679875,6.97621967248151,2.15181663737797,8,41.3775749658219,1.73104680671851,10.8439004469722,1.32678208564824
26.4581576961821,0.46905492588106,8.24780401835563,0.532022105673332,14,49.6552951728948,2.33554999187739,14.7425329781411,2.71605356849867
32.6201008790518,0.477231220420241,8.39328962732096,0.949209036937665,29,21.6962631317784,2.2542815153184,5.91890163678469,2.79137790877907
64.5156930795275,0.613217937287346,8.19550100462317,0.879324979797716,17,90.589741852295,2.70683546701967,8.58247565012095,1.4787488888999
73.1372394831442,1.22305351351177,16.1340467764413,1.69930551315007,9,11.1207299277494,0.464491859563717,2.45105489733176,0.400127197455406
91.5527456432668,0.713333531314455,7.33180023472047,0.747292808362475,3,91.9604887603767,0.780508185743271,11.5324874778012,0.940549462509372
28.2406772067893,2.67216553254306,6.26609039343159,2.83883762419876,13,66.605548885704,2.61276993066555,15.5614367241886,2.80459219928711
28.059795555189,1.15013801817366,6.05697771247465,2.85549789816836,18,109.499899496457,2.44442351468918,14.4162628169039,1.47534313672065
56.5433210264534,1.04317691074854,13.5117163740138,2.25459712343413,11,68.2561321177014,1.50234266421973,6.57368409728162,1.89574861300452
210.705971800544,2.11272959459476,15.1726076783292,2.86513945447543,19,5.64071127323995,0.310765860114988,1.01214038828705,0.346441812091045
40.8496148204309,2.14666136552835,12.8115886262864,1.23979221058323,14,54.5673586724203,1.00546238089272,10.369932488769,2.58340172960996
87.5808171759964,2.07637384578042,11.1570463341801,2.53212433222714,18,73.8789729930385,2.29514944772234,12.50434207402,2.7452193665216
57.6678312315263,0.764695066558029,11.9214017708712,0.952403871388398,30,83.8037114061256,1.45473319135956,14.1373029624755,1.7667269644604
109.575228134159,0.783730194052241,6.2224840018173,0.576439119047035,30,144.075410920928,2.91190915847496,14.5206157943451,1.36955174391104
61.7775231963528,1.61735784165523,11.6266616904255,2.81281054764645,11,51.6450674739518,2.63568320790433,15.0547608886344,2.23890293897248
40.1077158420175,2.00805626529527,8.71069099381669,1.77345277886327,18,56.2629766448292,0.763532806491887,10.6906745021811,0.723129236397429
26.3016065087119,0.670248361493281,2.14909130365694,0.459714739340501,9,40.464845435347,2.10812040581798,12.413304807324,2.16148745828914
103.64042747662,0.934859787407606,5.75980840685278,0.574780132521704,7,35.1653475551162,2.89767519328151,9.51085860975251,1.75962957202974
28.1954872305309,0.52750819183641,7.12046293384892,0.505803446765952,22,52.3886944982016,0.861000153180849,11.957623981556,0.873685844811075
156.992581946269,0.800508801472878,4.29171652155074,0.425524411558529,21,15.6361689283132,0.68892356301463,3.17105630533244,0.496817725598309
72.0824670105541,1.35970192152404,15.2201051516421,2.64844246158831,3,30.9121583190108,0.44769763222313,7.6606421585658,0.892577907410678
136.74917458643,0.990240032117971,8.83381896502257,0.633032415940003,6,59.9186022383421,1.32754154104096,8.04379693807263,2.43691040425674
23.0190574722978,1.2772209277396,6.4540883270327,2.73308410719328,4,38.5687601638923,0.436889914237869,9.6864605473064,0.743530196231702
34.2939868557888,0.767732762631466,5.34542133089791,0.602781859311248,8,38.7632866068519,2.74101348038001,7.33087513815885,1.60626889887236
54.3769522350472,2.91627688382482,8.28513538493936,2.32349103159954,14,94.183990410147,1.37008792190904,10.4062199540981,1.95069174550979
162.282486157444,0.822894659851751,4.38877746599967,0.45342821667757,13,13.2049874859891,0.30476564326726,8.64711135879121,0.959445670165248
47.6436272917604,2.81359686400726,11.7345621557561,1.82745123953203,4,35.8043157043985,0.896765677508936,1.51331015689236,0.322845459159212
67.3403061325793,0.61795905704769,4.8012594580699,0.442245314206764,19,29.4991797853641,1.0441833862033,8.9415123999986,2.68657494390373
53.6497273135006,0.560941556311814,13.683579761425,0.870691806110621,6,18.905153547738,0.940485841516726,4.88786637389077,0.897750068220756
62.8350343947121,0.460862971528165,7.90837342104187,0.520997330562663,14,48.2459206035811,2.46399113483936,10.771282180714,1.06595840543013
72.9688625116258,0.921082637840378,7.54249273962276,0.543939246196973,13,47.5326482428301,2.29057498989488,10.0969565556773,2.33128234032165
37.2197587725916,0.658381453721497,4.11329831096579,0.397151769830621,16,106.352931513928,1.12633788591831,14.2616484951558,1.52698618475737
34.2036350908744,1.14322217993518,9.60177228896507,2.30820786502157,14,143.875290666643,2.75109993372418,9.09190800606443,1.92798671470868
163.161982071985,1.73581725985379,10.0096784967557,2.42715547657492,5,12.4842579292447,0.412212749889277,6.70367416580382,0.567976884748257
42.5799242841384,1.01049359003355,15.8035463505979,2.15924466688314,23,31.2473642045426,0.92868355900321,5.84412762027351,0.956051069084344
40.645728957324,1.0776962161351,10.7296002899012,1.57901978446504,27,49.4715343215652,2.52920651083741,10.74152047818,1.82316711018628
11.8619274896905,0.317002656029943,4.69831959932399,0.583992204023918,27,67.4985225931208,1.48020913921003,14.8767280983815,1.79939507507864
176.013845995673,1.92541485465482,13.6869421301564,1.5369782173462,17,10.433460786442,0.560141100273359,3.43557987234274,0.60368692303484
35.4477887418649,0.816367348507553,5.80835460106659,0.538866571597464,4,98.6679861579109,0.773394901639312,9.82682693883118,0.798219120388326
88.1829485104317,1.83627514256979,6.01439958269842,1.29151112292115,15,16.8130568287835,0.579043986734936,8.31899492763313,0.969841974208349
35.8920558476208,0.788344649304479,6.55055268583371,0.570309801367911,7,55.8146782457835,0.583002220098422,10.5752767400219,0.642521800707533
15.1869907030304,0.544492388682806,3.85210205865151,0.579117223386019,12,56.2328180788774,0.804403942524803,6.07133116674159,0.637642930195106
37.3509204119802,1.2324206693143,12.5391690588185,2.41347137725003,1,54.656829592412,1.20576914090968,14.9437500414461,1.17405244576759
86.1385399267262,2.55137898583308,15.4832386024801,1.33218929083204,19,116.122364903309,1.02262429699386,8.33759455288617,2.14979716904898
46.5019379605512,2.50026437677798,12.3510883994291,1.45974993909007,16,80.5743063334448,2.94570186007052,8.5264642564482,2.50439709335206
56.5854858991118,0.9664247180631,6.44527871608215,0.8071528661419,11,48.7577549098791,0.532377502561093,5.84531391413957,0.52343441885808
128.852668308279,0.718334521818423,3.00185155980116,0.351157003828164,13,30.7304619672467,0.933758767361017,8.17197299411244,0.924305008725795
51.6072005310117,0.387346620887628,3.06272026893032,0.354937613056191,4,18.8141477261182,0.501462703561952,1.61552271014766,0.378497868283978
41.2969184563628,0.459357527108983,5.85046369105805,0.630006808277855,17,82.289053618864,0.955966431070795,6.84957069945736,0.539183625604144
72.932137622953,0.577628223143554,7.90922960911522,0.605388369426676,21,48.8176384273819,1.47290354933051,6.80703193818787,1.00974423621926
16.4553279589621,0.663166909812508,2.94369763454065,0.508601516844476,7,35.4822114422843,2.10096488064122,6.97041101562759,1.74770845363541
17.6566774476397,1.86611081130341,5.78271104300606,2.15569138883493,25,37.5861442061318,0.768883583900495,6.48015852694779,0.478997627755758
86.4255353341372,0.836304326474473,1.3012058293837,0.323652697652209,19,31.2664982161476,0.72908777887524,7.69487983380709,0.641149912625417
84.0900265705576,0.97379184005098,8.97292423211866,0.615952948619654,6,109.355172512524,0.706165431722387,9.07997322287298,0.742950780079984
67.1831371265492,2.11073055914274,13.0432275236271,1.11415986664048,30,10.3783102447988,0.531378297943692,4.7942953952312,0.844699378578392
48.6950260929806,2.46201104827594,13.274350859185,1.5752438562978,20,28.0299134392762,0.388111173795474,7.46894174892437,0.671607849648462
154.049825852916,0.672635735765013,7.44961619332391,0.622654747922907,27,139.301317358433,1.62630530440266,16.3019833554893,1.89661458969801
54.2016447353936,1.33948210622928,6.47461574328316,1.83493748598197,17,20.9279720917148,1.02266592590975,6.58852005580039,2.7128085340716
38.5659935722828,0.992037555819319,5.29026769332442,0.862585272347274,23,5.42744353908544,0.366798150944487,5.03016177452677,0.805095537161903
39.2633784045499,1.90470765508932,11.5878482020579,1.63306987158243,18,3.56830217119018,0.351132805133405,4.66688755394124,0.79763449740265
43.1328044035947,0.985884455972598,12.4180861621713,0.949734249721091,13,88.7033588260066,1.40058957470544,14.4808600141447,2.699159779498
72.6327287128411,0.753466788773133,3.25482291561802,0.380510037474177,8,45.1933737430773,0.464731039279013,8.2483942663123,0.863152661582686
52.9619916355865,0.5191709203588,8.99581883805539,0.672214259108988,27,28.9344237101436,0.765600822639763,3.27116479822155,0.498907679455774
131.724943985455,1.91592215452782,14.7406609291159,1.98349029926299,27,128.685113093124,2.79999066730231,7.92020396706427,1.52875299031964
184.896107372245,0.981931121364071,2.83966403225781,0.350226052159354,29,87.2708595295658,2.53417654860942,15.7168019807676,1.14100472737773
164.287935286465,2.06527346188925,16.0721829326608,2.15467040957288,3,29.35324914127,1.01184555646138,8.55314512724101,1.60929974141221
5.87523112218252,0.318926522587136,12.481220908653,0.982807813340235,27,21.7103131475137,2.71726150015484,5.73929897731171,2.2102479652242
70.3626468573112,1.71032338186287,9.76071033148015,1.98742492080823,7,212.030390762883,1.32545204644459,14.3206051375394,2.71914042379005
41.8267597686278,0.418165521081673,12.9734585539761,0.797720899710827,27,28.8123516590158,2.80026531543893,5.92720832475644,1.29118206342216
51.5789839891811,0.983867681945369,6.66415029450568,0.810928489211515,3,119.37199195811,2.05658650945119,12.8913517461096,2.07333612263636
54.1532227145188,0.801804901765671,7.14632793178561,0.712524077774511,9,98.6246160689592,0.880445343755123,9.09599698325366,0.79979574951371
43.0999149942254,2.19986175920115,8.30949401451966,2.00342527398274,18,30.1350180151446,0.498563274289538,8.00021322529673,0.619412685947668
77.8773639940476,2.81799279167774,16.6754975699481,1.57899388067404,24,65.508940625684,2.74961352557954,14.4811780074287,1.58071754254333
30.5655438659848,1.79068886215285,7.19118552403659,1.97604317662596,25,73.7359839682061,2.02900862920347,16.7232675996789,2.06518919003941
98.6567849041417,2.97167151813724,13.6912687336565,2.73594330779832,19,64.4155830144002,1.82264269566562,15.16875825043,1.83346274397975
21.1692642957624,0.570831623784525,2.45654172279448,0.38913084980739,3,43.7490728826303,0.456441256432885,11.2844875866813,0.693983918970589
50.1714322342498,2.70435224532251,11.5402590146718,2.20196822298057,28,39.784431674666,1.05819232997938,13.2995982391296,1.46209554982991
48.2633391412317,1.68121397774398,6.7301029937386,2.12449711296359,19,115.698565773485,2.938817434279,13.766724156981,1.9865102126334
33.4192282750505,2.94935328247062,6.67917112435963,2.80370120314604,27,111.199933690328,2.02721144307513,12.2306532566666,2.39243781299304
16.8786027625513,0.462290552726965,2.65508626870675,0.377865859331628,10,28.6339728933127,0.536382242097121,11.5523841552437,0.697985323637885
228.113401523676,1.79198792248279,14.6038846670465,1.94139613757784,22,164.96976976614,2.44007140481548,15.239882794042,2.68778389171874
41.0366133747662,0.960892108210748,1.87187721643495,0.358971897178565,13,87.1281346877054,0.677207807902003,8.2185012766498,0.695832408891319
71.7390017100325,0.741361485887868,11.3823910136822,0.983659991080677,6,32.0309380368025,0.521500119454791,6.88669888129582,0.892123535800737
13.6766241561496,0.445504618938227,2.10789221931774,0.352494658731281,14,15.3422866535311,0.700463472948095,4.49786850403323,0.691624049082911
55.7292299995416,2.47458644596155,15.3694635397271,2.3674616671551,1,18.5122906221842,0.595272387087509,5.54834016942749,0.968672048235025
29.3731470720385,2.67745908217565,9.09006064569662,1.61668958133581,25,45.8588911343635,2.78437270779941,12.8333483888271,1.08437427130349
123.541191678127,0.954032978801802,6.39845323047425,0.569437600588641,7,131.402490746821,2.89501613690333,12.5202612757799,2.89266990843897
128.35617817542,1.1025254950698,10.2294226082612,2.55735970387426,12,29.9957166325203,0.596947877209446,5.74294356860213,0.529141006041551
50.0210377939629,0.807654037025434,11.3744831617314,0.688637170098308,24,45.9421689582209,1.81521151565562,10.3739621104754,1.10236363653531
119.947843923237,1.39014393923022,12.1216965801697,1.83645920753964,25,62.0461285312104,2.85829998153541,12.7849643163738,2.39057142082641
9.85430636509471,0.429324637629043,4.01011547396995,0.545548199097412,12,28.9022943069801,1.95198619060768,6.99244844286758,1.59117054799246
19.0182093425732,0.5838177205141,8.4580818087737,0.875294384895661,2,111.313258937894,2.66946334304183,11.5751913458303,1.0349002942673
51.8632004807267,2.82904309592576,12.0093637886278,1.23100397425247,3,26.9152586031949,0.326134459368571,1.72291956446074,0.32045623642626
31.9253400785636,2.67245114236886,7.35990288982097,1.10891096446131,1,84.6273839055048,0.848926615807522,5.96054380770245,0.559629280329317
37.491483302227,0.558242089371942,4.61174539515268,0.412778761494999,30,64.7072877482804,0.954895675484466,4.02509408635452,0.431122432424114
156.312517463241,2.41664254823944,12.3614178056641,2.39395282506406,3,176.268560114833,1.87468712932167,12.3838019440809,1.73623049897062
121.568190552023,0.769086378218572,11.0843989296826,0.677564648350856,2,8.20426490810328,0.344047788756792,4.71711177521188,0.765379027420254
34.2011840506501,0.436598505380187,11.4772639617936,0.734130120244293,28,100.276707676446,2.31135828462422,8.9932349524047,1.94157362693515
27.2257215581469,0.576685692701931,4.33463274077034,0.712584448386628,5,160.276656532217,0.946407775657274,7.50765247704519,0.649288198647562
10.207865856789,0.390427259573434,7.1904301131287,0.641450467014971,9,80.7991529083276,0.698415909649573,2.53465437226021,0.373001562533652
6.20147800589446,0.354837917698485,8.37527643045403,0.776305858908549,19,64.4708215242383,0.386456339770572,13.7231942125067,0.996247509846534
21.5298366628836,2.6107512064363,6.22414572313871,1.32095161251269,11,36.7987276606707,1.6114190127982,10.209023483171,2.24167304388138
8.12195480101554,0.34505346625752,1.70885698304113,0.309785928461919,11,45.6278814800462,1.5304796710547,11.4813941912903,2.15816222838775
46.810394573568,2.39524692110341,15.3669236225369,2.34323599737607,3,49.7495879079275,1.83111467552138,8.06681141440406,2.97563831805524
44.4265866746334,0.572352403459562,12.3925622082832,0.906583286335988,3,228.493242194276,2.81908547637226,14.6345875063033,1.4855427574226
36.8971892301298,2.21422917985243,8.5017312831886,1.54829044379787,13,47.4666576187253,0.849550515858745,11.2468120191817,0.729274257089561
38.3555090893544,0.92711157376684,2.24751767512065,0.40780137970645,21,162.726208963163,2.81866277232812,10.0611462846266,2.11334312476014
209.995961781901,0.785473632094665,12.9127403916923,0.835462508740439,30,55.9075370432117,0.619846528696895,8.09545946225816,0.876788152492843
80.3492544791946,2.58519229278891,11.4207628580929,2.59750463282895,23,101.26920112767,1.28297492496132,13.3444934185955,1.31360170109518
20.5485984225442,2.15438978051299,6.07664542692839,2.38008207068669,29,23.6386425679083,0.661367849931789,3.46795285806191,0.562685797764646
6.63939269567231,0.379996275055179,2.41251221375774,0.438578225621965,25,23.9041598156403,0.525762287807733,4.29768200990794,0.614911674308436
29.7137300102473,0.800077615429172,10.304330930866,0.865264378763618,12,25.1170474571955,0.895652563951845,5.851827909219,0.787127716425357
42.988552551146,0.605174915399084,1.30563337281467,0.318038311025601,3,43.1507169328241,0.975844666623077,6.91370942121884,0.585817064435982
20.1233668598215,0.777677675708372,5.01697947348274,0.80232713401284,10,21.1549562618399,1.61264246113173,6.10136543402947,1.61597378691617
80.0948361648931,2.39395427351672,7.50862403089759,2.78982985558709,29,33.5994358426344,0.621384966931404,4.71644768158276,0.477140344412615
8.61505793441264,0.426306777061792,2.11601407227981,0.383973049262159,27,23.6383164168725,0.657346142187468,7.27497601520956,0.850843367402189
38.6475457967545,2.16343314084041,9.23409307519084,1.55897889887374,2,47.288482101811,0.661699906967612,8.03736196481551,0.67625577924235
42.1513876382664,1.98116218116644,12.6753236682948,2.62265927292358,4,59.0171030138364,1.70746217173206,14.1226157394859,1.10387638831093
57.6213299022303,0.741260084084209,5.89437408703049,0.454243736951293,26,100.841870378012,2.66011165616944,11.4280703602292,2.09309224968865
46.611400431626,2.13169442180963,10.9015491880175,2.50017028233339,12,58.957266365209,2.77009379941031,9.93113327867646,1.75960001135896
125.328990004654,2.87369477765782,13.7943896685321,1.95398013181998,14,41.7349248363225,0.841220980150434,10.7104056530714,0.945245597144991
54.813026367106,1.28083992127671,15.2049880985234,1.83323247103141,26,52.2825788017911,1.50823550410655,10.5044941115203,1.04105894626258
16.9773950149296,0.666318439519146,4.70502785944063,0.591198038936272,27,22.0990781850832,0.662636662987636,9.51463866763873,0.983211003840547
28.3966372794186,0.560875050492421,9.9344537028749,0.82868031527177,13,134.947978301964,1.99952007689466,15.6381661532352,2.12890141156254
186.344290908505,0.917902904169427,2.28277787081487,0.339283663318868,24,37.3077312969901,1.68882257789414,10.4424767567108,1.40846466065907
73.0426087380824,0.69330033338565,6.07631950033327,0.492049889971413,25,60.631748302564,0.93827552964075,9.57837576305503,0.775372773906473
112.141846584191,0.51664424438164,13.0762670473533,0.850320178296638,11,38.5136399086727,1.32846276358318,10.2380151362659,2.91431730982595
13.8738976697088,0.361508735813026,10.6811826211852,0.877102804277453,29,38.2153713236665,0.602194442402015,2.41338139514451,0.372575375287348
223.83335326347,2.91111609122705,11.8306808924538,1.25685978827228,3,8.22253530971045,0.442382061716074,2.5461772727358,0.460297707490021
137.468685914803,1.13655725256868,16.4159810275778,2.11995304795029,2,34.2502869654261,0.980345065506609,5.54455294563133,0.544832963680224
46.1261221867222,0.925032087032652,4.23106771907592,0.556140430237181,7,49.8256919218602,1.53294019154613,13.816488467482,1.06292640816599
23.3733081521362,0.470330618445074,4.74548612680748,0.42969232655211,10,66.5384574589066,0.798259829529536,7.7615966730311,0.513445212263957
22.138724111926,1.11634533221192,6.99525899954337,2.53421631591613,16,34.2674775980941,0.402557113989479,3.23434224054449,0.413942303330479
27.8022101361221,1.99197289004381,7.35543046288393,2.12688528063316,15,38.557750886283,2.42836042726698,8.90290316073211,2.53385171390917
241.425279828464,2.50839168206207,14.2785947908045,2.73024388913912,28,37.2833708761707,0.740238043718059,7.17317151526224,0.55374573908519
58.5414999254588,0.618209573655472,1.55723951808638,0.316939013024379,27,10.1153932878207,0.379633955787169,5.14461252947531,0.81473371281317
118.981494182641,0.812119108416308,6.41202918929935,0.785758718965333,8,79.9329176213584,0.553219467116374,13.8907469340406,0.912690573374343
33.4711324387202,1.33548061942834,8.07859377108398,2.29041465509779,12,38.4446146616456,0.567664392253921,7.36815094535663,0.889888246803888
42.630774290444,1.90824322241616,11.4240850060228,1.28605746063244,3,22.7076895936584,0.664025099281127,1.51452982152536,0.339427865110684
57.4257727414464,2.56195847731741,9.95505908563223,2.27833636004775,11,135.29959084691,1.81985669698374,15.3712088087174,1.5532808344471
31.0678437438471,1.72057382082492,7.70326300013552,1.4237532691325,18,7.50474337909689,0.451621705038928,4.13053138996919,0.613890538157267
107.482331966492,1.75699710172319,16.0812314464874,2.99635962586486,25,15.2903542634391,0.458165979275085,6.18186409981737,0.622451997537431
273.374951339032,1.91932131500806,14.7244296975013,2.35668671775511,30,75.3697999925184,0.852833087073549,0.6047573925345,0.304515901824819
228.140276707076,1.31020549342721,14.5352684278396,1.40259963246622,19,9.73885493738821,0.424579207011766,7.72504759938389,0.763350873980289
37.0568179145338,1.35349183999353,7.61881256084842,2.96068533968466,23,4.53196550582651,0.300778036606217,13.2211207363085,0.94713084811714
86.0738737830674,2.00312592288298,10.9312562507854,1.40708952468328,22,8.1647286520938,0.3523213650226,4.09226590580394,0.438404890718603
65.7304351897647,0.625728880474217,9.50513842352741,0.964213480773713,2,114.124207004862,1.45434131264303,10.408557177636,2.13547103482512
28.9738736674812,0.554226828149881,6.3459542466732,0.889051927948521,21,87.399366529607,0.627934835635974,3.00519989211268,0.358768660786928
18.6316313685399,0.469296327873911,11.7311485797392,0.820306165601615,21,129.640987862698,2.68676122120202,13.5432196001561,2.36352404495018
66.7858503613066,0.576392843262225,7.41573747797147,0.903753264921113,8,80.2499061661253,0.655560722208301,13.9164160599002,0.87108733671687
48.1215888272991,0.641727761084411,12.6285636678314,0.980751395758848,30,117.657569141045,1.71976695660035,13.8761771856177,1.58943616373874
20.5564375002889,0.804646151086982,1.23178730725993,0.370965452116646,9,36.0589927607699,0.604515758538413,7.77027485314826,0.807665469896037
44.7978864740082,0.902268652377977,9.2541382229713,0.789737322063819,15,30.9774614962238,1.53086708290091,9.86266927074836,1.3181532152399
42.1168753832751,2.31661339869756,13.209524685466,1.86617127511604,28,51.1108392476979,2.7469140096533,14.1909716907999,2.94938356379506
56.8862804157182,0.705780288369782,6.3456720225006,0.645802307486828,18,29.5242730469668,1.36641192263667,8.96706166757334,1.40456718256379
28.7379818248284,0.562206637539532,8.75305949492333,0.906488631563506,25,27.3173812557691,0.673143096662381,10.1101042723078,0.995201727031553
42.6096864899081,0.517744975936135,1.84662849007698,0.339172031809865,9,94.2145572980118,2.829185484351,13.7014361068632,1.05693397666354
156.805960502551,1.8586998675201,11.3757508087908,2.09095021194355,3,282.231595659576,1.51761614401969,15.0262350925869,1.0998683134309
27.3535725785732,0.442491828687812,7.19025128068428,0.771957379765562,17,86.063848519123,1.42389853213015,15.5366848252951,1.4480728902565
37.4038128670224,1.00858966212594,9.36745101521767,2.49816976322823,23,51.9309344532034,1.85887164573125,12.9731161130229,1.81308284400971
88.8081283593784,1.4092956170017,13.0223518986341,1.8236031600045,2,56.0165464900514,2.00636029168565,11.1969117356714,1.15899406639307
80.9233484624677,0.895182725926722,6.0323842513197,0.57836629333556,6,106.993523541356,2.92202390748509,9.17149203006497,2.17202761257115
37.6618375715984,0.654634162308579,11.5753208613289,0.798058463221809,22,28.3658832297007,2.62697230958473,7.56892397795106,1.40590906802323
25.3902104963792,2.96831242965496,7.5392386769619,1.25275595202427,21,16.0977706795427,0.628363694802638,6.84723765186709,0.947541945603726
40.7677758493079,0.522027306972694,14.9502987432327,0.997242761417939,6,25.3215299525278,0.762246944627184,2.20225326872837,0.415437252522598
33.6704588524377,2.21344489333923,9.02695540664891,2.21574595247302,5,100.759150720245,0.835884840117816,11.4469309097166,0.942312389345821
122.308934831693,1.81583986022387,10.4250347591471,2.76523629547231,23,75.6381165410127,2.63463121840628,9.92817084678775,2.46570031365524
44.8484177455865,1.78188854855814,13.9001518204283,2.76009550902968,3,91.3880719759047,1.35825086848297,12.5565200816307,2.29180686062117
122.867835223147,0.556061539450144,8.54524653365747,0.542477801211519,3,30.838040528351,0.815720720357662,8.72727754630767,0.868825764927155
6.74191440056974,0.367355157834434,3.95101284868202,0.495538632293038,4,27.4080020596911,2.18876216774561,6.87463717760649,2.28918056871276
35.1070712327634,0.973909633899166,6.642639122661,0.989307737750533,18,71.2174439040074,1.59809536165425,7.40453955386081,2.31888198952456
86.9313381121701,2.28210913127046,14.6220657995014,2.5456282542745,15,136.832284762862,0.796423262329922,11.6629432903515,0.795755417542762
14.3138695539553,0.369001579551072,6.10544500129899,0.510029478509996,17,92.0925167061112,1.99016065635185,7.51648520256256,1.52418494425497
13.1949643489833,0.41353534697149,12.3276278083502,0.929047373248728,12,95.7885008020869,2.34735005162714,8.47905856327957,2.53675692993248
7.5828398367166,0.442163016879453,6.36222231662804,0.956058371598511,7,68.3500804065322,2.07022163883677,7.42009064315613,2.15073362041345
58.8135956988049,1.00105300816941,14.6875239410939,1.37764527592795,7,22.4552493804979,2.01473312469326,6.7202649645357,2.83088552350585
41.7481882011504,2.47110376993971,10.5214849857523,1.14434573867103,29,46.0484962841884,1.10427666133686,14.6755356485039,2.79619645089136
62.1122465577965,2.79903281013882,5.58771878773773,1.09766722813734,6,62.6331618258279,0.842768459397651,4.51316631960073,0.474104944490494
52.6914155898804,0.995564810179233,10.0680470827266,0.721634479533173,15,124.014974346909,2.90869608946034,12.5353728006174,2.54934110158577
173.297552742495,0.810160090861256,10.1766877307133,0.891955125858592,5,49.5184755243282,0.756055484376902,7.22880285425191,0.726407930637544
7.25871779128446,0.317542836929735,12.9038547308917,0.81597922107993,24,80.1044095838208,2.95003628803519,7.6038026759915,1.66300500386493
45.5467312530233,0.5879677139967,5.92072224590176,0.598966985087919,29,25.3152732605817,0.914368370428546,4.68277829162141,0.682672292190245
43.0195957152941,1.40736944288913,9.04714860421801,1.91117942952476,5,34.1352535506896,2.15914135751536,9.45410157175714,2.83788906398496
29.4442697002768,0.518769690441867,10.7246402963295,0.945107187953194,22,51.0709154144764,0.89784677184342,6.82023638692937,0.713947376309088
55.6232984901473,0.733437209464446,10.0804027050405,0.738513186705077,6,6.57389386034863,0.326678650284508,5.46594081390736,0.527750056152821
67.6827629367272,0.979680485090779,9.65402645055064,0.816954546899866,28,26.0072139553234,0.492313671092482,12.810876805707,0.808108992867374
40.4515827253377,2.59430816732628,12.2980473895655,1.1524957660234,12,74.4953434216459,1.64682983831222,10.1955093081099,2.11875170181625
51.2737494186617,1.75016069187885,16.054382797887,1.47336647768727,10,41.7444885474941,1.13343338917509,12.5166145788727,1.74021164545934
42.3841354910585,0.629745561020094,9.01759145470393,0.79847904346423,18,74.8234987598788,1.57496715486532,14.3658486195546,2.13587617420464
36.9490100284933,0.66846589675597,7.9202320496997,0.852958057929195,3,29.1543270379319,0.775148836382993,1.84976259575866,0.340524846483012
123.811196898521,2.97433769139435,12.8382323894755,1.02331929968729,21,41.3769912576404,2.02919458542773,11.0283578104144,1.24642810587637
14.1612499743435,0.33898000962338,7.57284081976962,0.642654311365382,7,39.5611308555245,2.29630008182322,7.61410163861962,1.89101120260379
34.1876846768772,0.543315621697779,5.45950256854959,0.855488012094998,10,68.4621949560125,0.479132231912028,3.15814502822405,0.446054156606867
73.6766808753523,2.45825269193487,8.78282759731334,1.50561612287966,19,22.2748394400996,0.845748759674297,4.92056434761584,0.740562989199901
19.879481965168,0.537919996204541,3.68947451633032,0.456739061526644,27,92.9404651912725,2.12806372160764,14.5302339071248,2.26851174466691
8.5916377468403,0.314541437893731,0.989981088882893,0.321648728818366,26,73.766321666062,2.06402026086903,10.9065218700326,2.93429609868751
23.5259553476117,0.613824835807826,4.09588778065012,0.719628302382103,21,56.6793143332715,2.91396900274257,14.6947124848415,2.93606720403493
21.4994304526543,0.982453018078147,4.02652436084063,0.575158477281384,6,202.88916079738,2.36495323563592,15.6617789770343,1.34231620322453
53.2701148466667,2.02209564959886,15.338777854102,2.46983702677952,1,16.1874087161976,0.685582342328851,4.41184919697488,0.58395434557874
85.8553135779983,0.739613075527546,5.08869754549038,0.790235400344783,25,30.3393599128415,2.42699844295098,8.64421076279058,1.12517171407893
38.7641039267908,2.93678239187879,7.37861170505947,2.52478964334119,9,61.6616812333688,0.734960583299363,5.72562753387169,0.471535365152297
131.761477245202,1.92069035359425,8.81333403975005,1.90936268166102,18,32.6615226803791,1.24870111344875,8.03229357692258,1.17280450288517
57.2855448375512,0.481576774067072,9.05420385058609,0.65361821405543,17,23.2557389270765,1.18271072373503,6.64788620197633,1.28794663429921
48.5691549979702,0.696168604937328,3.75701919497301,0.430459416873319,14,116.393908139667,1.81415192484168,13.7522116462128,1.61890537582546
50.8755434104074,2.59708409568246,11.871389465398,2.44669841312261,21,148.61992363914,2.88236054395331,14.7933033933293,1.58591633083829
19.833649779087,2.64624990645057,5.54044091512631,1.35671975130731,12,50.1487485406277,0.70233817715129,10.3782762939826,0.723719957141229
128.419055448349,0.963649631183154,5.90457705462859,0.525366397178378,18,77.4457376968453,0.826550717522476,10.699650735639,0.799234450190937
9.92737766210926,0.456487999461523,1.03864619714205,0.316700988312478,30,45.0931802138159,1.18025025459283,15.0478258585877,2.06548180060911
30.9994344214348,0.749263171762551,8.757973709977,0.84303381665319,23,77.5408980409405,0.832505410826152,13.3250891779527,0.965558972232864
3.27304386106194,0.303683567697103,5.28263073578233,0.920164185950666,18,4.8152370110111,0.375007610002516,3.39311671375739,0.581660123772157
27.8856412718346,0.510688755265649,4.11954892757296,0.660753004536228,11,30.5548661653591,0.658339914366614,7.9409118173108,0.822451556908621
34.604220091793,0.621342485614368,8.88956143630928,0.703210630132918,26,69.1369707282498,0.47506273352379,3.97137894980451,0.446422959943252
35.7695520264041,2.38892537563154,11.1209756143675,1.82629149790623,8,110.529713483432,1.16318211196114,8.8475662973201,2.10632002808211
64.9287666695995,1.43837590604664,9.6866101727003,1.44374083236101,5,47.573293644988,0.749981519715991,9.6833798629705,0.765425289801417
151.583288852298,0.881958078283967,7.14948195638054,0.510167233329608,19,76.1685658460441,0.798880803879189,8.82285162080251,0.864043621308141
59.711509579998,1.73885147508973,15.7106661127969,2.10112452837504,12,42.7325448010476,0.78706733122418,8.49823123643245,0.657631609882549
20.70295536689,2.73602530944779,6.62460479556535,2.09280460693995,16,35.6554284850138,1.53650055332582,9.63370294415383,2.58972121385337
8.00616893024581,0.348365420726304,3.2993044228365,0.484331842838123,16,23.2480660561175,0.503038072371503,10.2433052414765,0.910076392751027
129.242075232837,0.965635325815563,11.9873723768032,0.845265544529439,2,55.3323232951405,2.57101834889342,5.87796821729089,1.24588827818109
32.4887574303268,0.713256600899569,11.6306753973299,0.833372028891353,5,11.9727229872642,0.660761245405639,1.9725703053628,0.442381272962002
24.7038339375307,0.724744503022498,2.27651087053067,0.386102734763998,11,35.2518486635692,0.730176346936793,6.82348861652809,0.695914881143084
7.97233593655953,0.351725139520876,8.25352165301046,0.599040641577911,16,15.3844005274276,0.394849663793252,9.44736903790643,0.91599597899856
87.2244429120147,0.826636388280864,1.67678227478398,0.30618487215593,6,27.8929840474614,0.6774441089377,8.12990102051428,0.609249830540449
19.9733526930863,0.559063177084848,8.24238152307284,0.867918339017525,26,14.1202403360636,0.596563703694364,2.15599756834833,0.419642224545989
22.2030136525024,0.569188568845243,2.21652021752685,0.367497021726349,15,19.0276236778839,0.590411961531315,4.00179213493983,0.592144432909396
157.457995652444,1.17836705075284,11.4007122876438,2.45295890998383,9,6.08498178438466,0.340838362895201,5.41376135321652,0.557212164906978
35.8130079643576,0.71307191343216,6.75491936315966,0.749556504054619,21,42.3994188459297,0.610652176139639,9.71280779531237,0.68087864683154
76.2068808712611,0.844857454852095,2.30828630178218,0.359103429943313,23,38.6840439098714,0.612114168346103,2.47927341616372,0.41596973734565
6.74143898948832,0.417276312013885,5.35117306074643,0.801166995067809,23,33.5751368493838,0.980491293990111,10.3555474106872,0.96592216953984
6.22244739155941,0.365097924463687,4.36872687716022,0.782370982781869,11,197.77742386797,0.996591330258704,10.8719792036021,0.757407832152702
66.5325878324705,1.54213808037021,16.1709950833378,2.06619909162839,21,43.6408830563469,1.59072251643728,12.9830719292609,2.08577880492893
57.2285686025853,0.415776028868556,3.45137338781985,0.386893957174512,27,32.3218992828922,0.981634590091062,6.17097593581878,0.756907788672025
38.1904482897177,0.489965603343389,7.7441815916983,0.652257476290311,13,162.817960316976,1.28496063199781,15.5869116286077,1.75267386867201
43.5047707404143,1.14027873893382,11.865791855071,1.11694002962816,18,27.5459594907173,0.369148601038492,9.68924790548416,0.775286664489441
3.97352686747929,0.30492021287399,10.6266387101103,0.992541507074101,10,175.094810791452,1.22741993140977,14.2474521433586,1.61771739398562
54.4005540885014,1.56684717280807,12.6356569261766,2.09892233073088,26,43.9041121281996,0.480724132135656,12.0911468355688,0.867194716934395
83.7329640049914,2.72501193594969,13.0765337960955,2.16166213445716,2,6.1495382785454,0.360798072345164,6.70183788547365,0.811205928418591
18.2640957484725,0.65285890997067,1.57282413176881,0.351592094293515,1,81.7084131393222,2.14818134280182,5.82443492668652,1.9732954925838
74.2650078137607,0.626001077490225,4.37721097882986,0.473568843317389,2,123.248184813722,1.85100783463351,11.5711855602066,1.05694023919281
58.4769425255199,0.528218301040625,5.5799296852189,0.529340385757937,30,27.811717078021,0.575024833332058,6.27403329883097,0.971307245562296
99.9806433025966,2.01702977491164,16.2422975168311,1.49222539786517,29,266.024229278516,2.82893754182928,14.25831464843,2.80701702798678
173.497345979181,1.76447467186561,16.50786599829,2.6195535910802,6,26.0539839175868,2.13277269934271,6.96657018964998,1.9761215532365
143.201318741326,1.65436232211655,13.5239720829531,2.60659786587877,15,181.923531025749,2.58094369829961,14.0740463848209,2.1475774563088
24.6248157419721,0.321175769608109,9.43861235361558,0.722321157978263,16,60.7977704175473,2.7362008693692,6.18645871619654,1.04384707741364
20.6210359953112,0.981698191625444,1.56379343294559,0.364432594091419,27,63.7171126689016,2.30804246519109,16.2006519734959,2.27311751953151
43.6807694095614,0.752208646525212,13.8411934060565,0.877328767701037,28,37.9870925362416,2.72916247348196,8.10772913610681,1.05411703106383
13.5562671773455,0.389076163615298,13.9720053451475,0.888433248118527,15,64.3834432195713,2.50470772670166,13.1304534927447,2.13824845011629
5.31090333590554,0.317726768378041,4.42955052378024,0.42711680729887,8,84.3742351381117,2.45942272701871,16.4388308643696,2.86501499501726
137.673228159846,0.713282509485852,2.95826234581639,0.359003194297742,6,46.6668294786676,0.934929809360833,8.9085570124054,0.987125772050987
106.183885350097,0.956326640188218,8.51188141354212,0.579959043810478,21,20.1630674049534,2.4024584354299,5.98514158423447,2.44707455124669
12.7664346293695,0.362254062717645,2.22194410367385,0.38235343212304,13,91.3645503458957,1.22081358982516,15.4623813373478,1.99123849552984
138.07711750651,1.85193167880044,10.8936661131992,2.83775629950461,21,63.814118537327,2.08366783339973,8.02441807167243,2.5731425758503
32.5340030930425,2.56421673549508,5.83726070942673,2.10001303381616,6,75.6569995970717,0.903949203089121,5.21540087894269,0.476778053143044
158.624869282063,0.963896520180001,3.35419281033923,0.370821181233555,15,29.0407307567344,0.943961733984178,3.19832311628288,0.452455886193387
61.9474337826384,1.61448780795364,10.9518612481533,1.10577363423936,27,31.0914511540176,2.30308455975858,5.79166341225051,1.70019018311292
107.678285927251,1.14651750724965,8.448215649608,1.85385009073044,24,26.9952087493743,0.756232830932354,2.03699478360065,0.445687428601784
233.909594489576,0.908220419547399,14.843087085056,0.982114179115416,26,46.0783191271834,0.597464459881269,3.66394832547535,0.374300791766795
51.9179284637038,1.27365576960034,15.110816195363,1.18019242506984,24,120.10256009576,2.62527817733227,7.57774339728349,2.85244853432211
31.3098693748688,2.17483701790165,6.44601777888434,2.30968836381375,13,35.0975782980087,2.97944424225375,6.58461487148287,1.14583555191408
64.1415251729751,1.88455375705685,11.7942523939956,1.02917246102712,4,19.6364125930379,0.494840765051906,7.78534742544513,0.876782497265186
14.698285750227,0.415806381902798,5.25723972270823,0.967193534588764,18,53.3090892850868,0.553282802828451,9.22443335029917,0.993130326702875
39.9049034846035,0.844258363255939,3.59283572831764,0.428561972751004,18,35.3159216663996,0.857579029276909,3.31989036621348,0.452548517186378
23.9317915642434,2.45129992418979,5.67952653678923,1.74172440785504,24,9.69251594660953,0.405036235416632,8.66661224413013,0.817237565902137
46.0665656237257,0.911429558164721,1.81398772316583,0.310982888508728,25,128.447572170599,0.726297852369183,7.74008266990278,0.536639879696449
113.769656665514,0.776566542016324,6.28616678986017,0.509544449826119,3,26.6634001712766,1.70188224926856,6.3495565386107,2.93919513782335
59.3969010771625,0.825279032501519,1.55925153828094,0.314996543039749,4,37.0918708694445,0.556103327216537,1.70570635471656,0.397146605061665
52.4902910234126,0.945642841715279,6.9262019744046,0.865431750586855,29,148.216506715093,1.52644258583587,16.7821067794191,2.60383630502088
78.5998356871491,0.78348356577324,2.65725228103597,0.376445328245892,28,29.6396888959655,1.72067006944571,5.75212003603158,2.90831853991828
192.897392606065,0.790530448861517,13.0691771367103,0.970264412983529,6,18.7813814377259,0.633006742790732,6.48761810559599,0.696347639864738
39.3195702017638,1.45325885311382,10.2779786931885,2.69264403462064,30,102.405809352259,1.08751578800604,10.1416912270361,1.53368539300113
59.4253662136916,0.676927325527105,5.53342451232496,0.861394082740948,1,35.6818221984461,1.10925627502409,7.30748730810438,2.23960144588605
47.8615974490472,2.06534273386431,11.7566386592253,1.00732186423146,17,36.8313615251024,1.13249653501448,9.07834154212803,2.01350442662412
38.7692670391129,1.43343187452038,5.80908074582197,1.47467373020874,27,31.0970074228905,0.679618788605337,7.20803789103171,0.560691209672356
51.1493694480676,0.66202080397934,3.87047205727527,0.468866174447707,29,80.2914169724454,2.56112101392895,10.4514231808139,2.57809618638577
70.9773668012824,0.708094992260244,6.25005360836338,0.626942696871444,4,48.4431901965615,0.510842401042881,2.18914873889617,0.365561340946612
163.372285616429,2.07402562934452,15.3438080807405,2.83846488943329,10,48.7450718219409,0.547083425329805,5.06915821407425,0.515867907004776
104.391986046203,0.637674141328487,11.3599503705428,0.831890834010017,20,30.6353934327463,2.28793926919763,8.09765702868884,2.50679904317848
70.2288392847474,1.88086152503309,6.64841386582447,2.60071273360607,19,24.0888368033425,0.693557261177571,3.59047869336631,0.557879052785034
31.041139164056,1.58069149966223,7.08443935073358,1.4461189289132,24,52.6296799769629,0.703759851821092,10.8036727456064,0.665719517117482
40.3380667544339,0.79949925951986,11.540888706983,0.807992949568489,11,59.2217861356168,0.856643302889898,8.21399640955121,0.556132096894737
64.0403159332919,0.949819159110029,4.10313986705044,0.681556672568933,15,106.73204237358,2.50510641641978,14.8630198947282,2.22165907430223
14.0535397283867,0.32130428429107,10.1509402911056,0.948399157914036,23,64.3783192701971,2.68451169337646,11.4236497313713,2.47917776600026
22.9079920013114,0.403425925935303,3.25524564472577,0.443026065960027,27,179.153724571147,0.942282242708961,12.2816840757908,0.909438782893507
51.8628821620151,1.00604001560413,15.9592754849749,1.78579775722228,19,73.4276016348556,1.72953449414007,8.36219263554334,1.84591965794123
32.8934940537424,0.929954846571878,1.86089839472906,0.386797560779443,19,53.9448117930093,0.88656721246083,5.57053866508493,0.55101532037021
82.3432752130561,2.89302854841635,13.6911654207381,1.3294417888998,10,41.8766654949267,0.448428929423229,5.13773549538437,0.441442412317427
87.275801093063,1.21051608315442,14.1720541695501,1.37700703036002,8,95.1439985721518,1.31573652993562,15.3347445517509,1.79620100763498
101.454992809539,1.95636785614011,6.86253531683427,1.65350338259891,30,68.767878148671,2.42011563114512,11.1295580025017,1.70861942899638
33.7612882082092,2.94622021695988,10.215391162802,1.44093236686488,6,55.7200909535935,2.46558355099819,9.67643697859998,1.84423421820581
22.3647536357181,2.17485101051921,6.55043771607156,1.78902616672943,3,33.4614872904279,0.46749426067822,9.57091844007306,0.790682483312611
57.0798564708707,1.2496751933657,9.99037773946154,1.83812732966928,2,82.9856055444714,2.50671498551474,13.9587532966545,2.39487721748326
3.03887493718977,0.316600996743769,1.94105723302142,0.390999852104728,5,107.684052986641,0.589700137486247,13.4005023624305,0.84758543550011
58.7699883285612,1.58370489411032,6.71864235870891,2.82139387404067,18,61.3628241304656,0.793712354257696,11.1664938882188,0.797571582456444
20.5679888062256,0.33474744982348,11.9862938887973,0.852354011247368,7,108.45975952106,2.1428135197304,13.3457104181004,2.24609670176461
50.6748126543273,0.825193638453013,3.88903513904314,0.454220326171632,29,28.0396062688428,0.645375027378831,4.12481655039151,0.447580212363341
80.2395107609581,1.94348126070716,14.2985824095206,2.03031652655519,15,47.5441831614526,2.72167547571621,8.15262752586765,1.17978747574808
33.3480149316561,0.705073146507071,9.78380268540196,0.916064183487154,14,60.4527995475849,2.95242828734504,7.59250151151041,2.10921585497993
54.0937092915385,1.80961475581333,16.8558448267153,2.55655058074089,10,43.8908546602637,0.645351294819787,7.90064828182329,0.627662306093537
43.6947062912145,0.96011512772734,2.47439785185839,0.451947210686499,18,46.5516498203643,2.73467048830396,9.88138068523596,1.65631021166681
29.0285912037171,1.91501557982728,9.33346104211194,2.89308213659482,18,30.7611060189359,1.95319488236748,9.83142035094085,2.97592101211883
18.3168681986435,1.34709911682381,5.89974630285892,2.21738487689257,28,65.8715778821285,0.628752722376613,7.46140320993188,0.998921737026455
32.1182549976288,0.794848826338209,2.49706688925,0.45765277878193,29,88.0414075632523,0.572307235203545,9.33328580535341,0.979100511920358
141.366359907741,2.41338011992054,14.0196237759174,1.94777781928888,1,26.3223439714913,0.460456565801612,7.00155730454911,0.606170070395698
86.3020962986026,0.86128256341748,5.91105692802401,0.980196678556939,1,15.6762323715221,0.486481626408626,2.59294712218875,0.412260763729592
45.6617310086774,1.32868891106481,8.83375859616043,2.69387664271822,12,41.9033833498867,1.47009767545279,7.46852827848814,1.96089454131849
161.741839184914,0.990593983179466,8.76315789705987,0.625341768998298,20,28.793710464131,0.506533210742053,1.37298604451999,0.312204998185868
84.4859984430218,1.01114816932617,10.8584408759287,2.70480635345382,6,66.0015663907649,1.3131127344017,9.6231994233607,2.863894364292
36.1078071956631,0.382803141850377,5.42981685282651,0.552692356843938,15,93.8738819756339,0.805771520843774,4.57035883949788,0.508188596615697
94.1990558474041,2.31818410801038,16.1669750035943,2.08357667778373,24,33.4718799293116,0.585260920837393,8.75291500396809,0.927050468749459
21.3124195523172,2.92395089521456,5.40105866389877,1.14323725478664,18,30.3692524043611,0.809288961746666,4.50917633239467,0.507264197452882
18.2770207510369,0.376360482647108,9.01304545426518,0.630469709689151,6,18.3032870905406,0.456149276508626,9.28183606665538,0.751246261456534
126.527796595635,1.08654163070089,9.37844088454884,2.12407582293835,4,45.6843785669926,0.694996986938272,6.04930120762555,0.478984698602871
46.2031468574605,2.69766459485271,11.3847313835208,2.23067232369779,12,72.4215485977886,2.50642038488021,11.8131498529221,2.76843351432389
4.31353627769064,0.306844244392421,8.39150815126805,0.966429123451406,25,27.9558128275906,0.552111153480236,2.0902600990912,0.35768990866442
72.2267482631929,2.70854527427203,15.4696638710921,2.03571376613053,1,17.6176527688942,0.522769258245031,8.21664354542679,0.805372907089233
66.8991111473125,2.59605083189859,15.6425040535138,2.3658724512121,9,93.3050774669995,0.959609882930864,6.17322799072525,0.504315467920375
20.6627782424717,2.99815542245479,6.26113612713499,2.52818274599425,13,4.67255179042784,0.332551477887421,7.08549062594722,0.852872534824062
38.5681477980655,2.30104143302755,9.3709515194408,2.46972566767812,3,51.2365056306824,0.517588426064699,13.3939856236319,0.997015654193217
35.2780242169199,0.565574415047724,4.6881197611386,0.430556214181717,2,43.2201231655133,0.644865853260351,5.91248273633303,0.548244301993112
49.314987720973,0.662073888724507,13.2409557969738,0.981456990726638,10,58.7917907659929,0.618378322251866,5.2876870108157,0.950899670855854
90.6427210058488,1.57574003843601,7.25374367830533,1.44512553798192,28,37.8587268520863,1.0231181371573,6.72011400611377,1.09329919140424
39.8683445109348,0.971915853324054,7.65646779431093,0.560779465511341,2,91.48093098082,1.33586286378907,12.4005422780872,1.81352925619524
89.4988375378376,2.12206765111996,12.2515350743408,1.53573692669771,26,35.1786320543213,2.16460717606312,8.03623894620031,1.46357586526991
83.1000698993566,2.1158536360345,7.96656228078128,2.02319483924137,16,67.4267239108786,0.479305281778732,11.1345222971768,0.793370670648323
99.8193356557659,2.9804136002623,15.5934060569763,2.50730255741085,22,28.2123761706552,0.543734150814282,6.8876471156057,0.79910833849118
141.232882875284,2.30564412787367,14.2220746848193,1.81839939559575,18,159.997234528775,2.38685643002283,14.711088806371,1.73036048001058
100.810629862131,1.50929589615225,11.5485883951689,1.31023379678774,22,10.6566967250443,0.356996245580631,12.2212312790555,0.891110303218061
56.2752431292546,1.32190698944554,11.5442207811488,1.0288052106968,18,45.381216886449,0.697844691292587,11.4212548447706,0.70666903345323
97.3612273516599,1.01053006021366,5.9463689114704,2.3599731189557,30,107.039925741869,1.92015773717713,7.10391895078873,1.00192145470256
119.02704271015,2.81167972941808,16.1752720768014,2.87330986559382,28,109.52838164653,1.57389314261033,11.2569724104811,1.23248553025388
151.450822195603,0.901726356267042,11.1618745589826,0.78845679285583,26,33.1780372697396,2.82271840018728,6.36173761456964,1.68563905394572
193.683460129668,0.700525321936125,11.3484629397256,0.789720618562931,28,80.1939759248686,2.67966524891048,14.8111471878759,1.46961478043374
36.1733231593854,1.77648099317063,6.69149949144806,2.56554877380853,22,68.9591347066851,0.858155164968208,7.86379007843801,0.807206888846921
44.5226242353463,1.11344322098332,14.0434543594151,2.86901861440086,26,7.21922769385823,0.325422472524228,2.57714771078774,0.434056415278346
86.8771222949033,2.54206334695904,13.1097307907051,1.59895616814202,7,76.1122412576867,1.37541682024025,11.0643456789723,2.02753255749499
21.2303028856732,0.589244068041957,2.84528816170538,0.420282477203613,29,61.0915402858021,2.98870760174427,16.7768549929679,2.46693886430105
59.8963913598118,2.75637488580254,11.6387865582897,1.83305972974829,3,39.4740989261838,0.503707550288156,1.51436245053137,0.350041815698482
64.1395919021962,2.7768098861933,16.5771578572877,2.15229231358007,15,58.6685620551002,0.830693298823134,1.28334801648994,0.357945551913602
101.499616330752,1.25035955090009,7.36756290234566,1.26076737856844,20,52.4834993639297,0.707067032927273,3.16713677699792,0.404972369524479
22.2826207626704,2.06172520225043,5.86146940431091,2.87489607563116,11,124.826761936563,1.6115257717845,12.2914021660583,1.12674506553214
31.3488402408867,0.598647012046251,13.5295662718935,0.895987337611563,18,145.783413561351,1.47979023907133,14.2676093346928,1.75639876671965
14.6426121902472,0.482855314606823,2.69937767826506,0.424740635572388,19,75.0894060614007,1.05307823726545,8.891514841763,1.07443178807352
79.90074280989,1.36527491850091,11.0230136799675,1.13187171224925,9,39.0713218179461,2.6419389069718,7.35800102058229,1.26180163985064
212.245556063588,1.2386199802268,16.2286512315321,2.29759648712082,12,8.74965333269569,0.532721693279954,4.74610282047715,0.860444835879849
27.0438739842573,2.11217021933892,6.26957218575804,2.70792356331156,27,119.218771659844,0.739477179765446,11.4471086235946,0.799485096378573
43.4165366144986,1.12021528845752,7.68409940296846,1.82621238852877,26,202.076676813168,1.11403305650609,14.3049247155863,1.0996972439174
76.8627715707153,1.36197877370374,16.8892759965612,2.03092502298823,4,52.0249426074571,1.8955109775389,16.1489108296855,2.44554559664791
47.9581711016647,0.863142004822015,11.6660508077977,0.969181184654896,13,28.3011902209636,0.801729326908353,2.29297622244009,0.444781637310838
14.3006392861435,0.472133790065477,3.81567085694622,0.475307762856154,8,55.1308129064506,1.99529794128879,8.92003142450383,1.12237255498035
57.4208659459286,1.29444391687187,16.4055022205719,2.43095960392025,13,24.0231772979015,0.820329168837543,1.43071018196372,0.335534890685385
203.784398387272,2.7112247529841,12.4955868097306,1.21696094526938,26,24.3103248736357,0.414879585588859,7.75101584136614,0.525146196137879
51.2621891233812,1.09750683118773,15.1302902743198,2.47433883035731,12,35.722661308404,0.926000819298644,4.79809838932295,0.634740426948203
54.9898928982861,1.81813150290846,8.12331978828084,1.12043450124601,20,32.8425018709175,0.491701367236005,8.11675756459222,0.648646435178334
61.3342774871224,1.68476686179543,14.6642859965269,1.4735521428547,4,63.5600373997042,1.76781681311586,11.8383458172378,2.65691073900943
33.3190633415634,2.8648378706232,10.1306017524858,2.63959198170133,19,23.505261252728,0.876754580121236,3.86703592856477,0.557270065534536
53.6288421808517,0.804393463882013,3.01709746602069,0.445824166788155,26,56.3556733442828,1.140019222456,15.7881857140814,1.88950680694607
19.6523622431535,0.446296799639282,6.52110259335432,0.572069860662533,30,21.3377269184024,0.439039286436996,11.4882756514182,0.716848516985038
23.461487596029,0.740235104646891,0.799290175149286,0.325894496340683,23,107.993024657991,1.27855872359445,9.70822788636714,2.92128117055713
4.31346989363745,0.308073861451309,8.6549621366458,0.70693259120707,10,116.243741340935,0.877441136263533,10.154439184297,0.702257755832343
86.8345691776169,2.9850357193233,8.67836076801976,2.40705828696672,12,187.139371360711,1.05526949013526,16.7315409655161,2.18581659050622
121.185486094881,1.91862534569978,9.98019461560826,1.72189383494104,16,64.9772164663799,2.08360353628171,7.37513757617618,1.24111461056705
118.555627173747,0.898387348824507,11.1774962251789,0.922888503752144,2,73.8807980258493,2.64965562161697,9.43388406847037,1.99385068415651
69.9004833682004,2.2401131653138,15.4606974271875,1.25224875422027,10,51.0428240693532,0.733714909253764,6.06934042327707,0.759210771254548
44.9206392757071,0.489293128721579,12.6220836529298,0.967023707820657,5,73.0255920946098,0.905454849254769,6.39390662428448,0.713831492575078
40.3210923655807,0.578144801150611,13.4810995761025,0.989608546729104,22,25.7743700602798,0.793384136675846,8.23321232226913,0.815008692381223
65.2850209743222,0.842250365332593,1.48628314522055,0.323855619650977,27,22.7166315413685,0.920911113007697,3.00129241778347,0.465657336471047
30.5447134163279,0.483679907623451,11.6360423931741,0.950663376295688,18,49.8148936572541,0.520754453205987,6.8733451250165,0.66297921848413
57.0437180592308,1.10301310702938,8.93584464735481,2.41834630510144,23,51.4510709109211,2.89986473345048,10.4561695787617,1.90585919165751
45.8133341719755,2.86773021449013,10.2661928304103,2.32991501116315,24,60.7680698606832,2.8275492280594,16.1715967682335,2.55510448826897
23.0750310008979,0.710578813537381,3.62330437348933,0.477008614359577,25,132.994827237528,1.31730599408608,8.84806508789881,2.02731601936923
36.7974008139143,0.874106246764685,7.57487434619767,0.899349523665718,27,49.7490172692558,1.54288750054303,7.07234698678741,1.06550436551496
35.4904046753964,0.821270067540824,7.33850494828429,0.693356918091254,9,53.0200772825435,1.07901362497952,16.077699836977,1.9988839035517
37.0304379658079,2.93808481035302,10.9017159264244,1.79393488850714,12,25.3714457868685,0.487101133675402,5.19552348135241,0.712442268400538
78.0770935043534,0.837090730682711,11.6151007505278,0.828706020778396,10,41.3495869600731,0.951217545045673,3.5031744197354,0.573737355549483
24.8000182778857,0.485209127285919,5.28484229394044,0.499922532790238,29,44.8795413859497,0.678785615037106,13.0755652484994,0.911561266960642
44.9441993233373,1.22560580779606,11.0418532029555,1.55178338494008,30,59.7034063253544,2.37370004497256,13.820296005405,2.27515285997377
25.8670368213282,0.409240253613277,3.95053101580424,0.401583480117076,20,60.4764200317515,1.6157825556709,11.5384397405037,2.35988697237309
25.2690533971462,2.89768253864009,7.2180795527305,1.43042506547469,16,66.9255742904971,2.57011288762025,12.7272046544162,1.68789264803312
43.7140451150709,0.914064750945531,3.04480088373806,0.391768227123054,7,35.3524361747563,0.518231909954936,3.68581764368703,0.379770393170433
31.6793387305107,0.72478511706466,6.91391667179382,0.842412607964672,21,91.1523011831058,2.19419919594044,13.232268369624,1.29354969378706
123.813590057902,1.49854941863615,16.8342002869374,2.0992831689728,7,98.8512461354866,1.59191352568825,7.89387614803597,2.94693902703429
39.4647995259855,2.93570538934371,10.0925409341622,1.35837923562987,18,39.8317990958424,1.97317085219672,9.9807979431852,2.83219784859647
52.296062562638,1.83254949191122,8.97812821328019,2.59739238603211,19,96.7894713953252,1.98234226194874,10.7678980605006,2.77154999069372
28.5512907656113,0.590389769959018,13.4665837945964,0.887755818237175,23,22.1625456258044,0.513927412793156,10.2849382508669,0.676636890957586
17.7123607342451,0.434136541761621,8.83827621314608,0.762375869930059,3,69.8669933476174,2.27140152375393,10.437691077176,2.11068639647434
39.400343411272,0.53345918137272,1.39230604368156,0.34459027400693,14,174.630304708833,1.25758659724808,12.3205718279962,2.67199474022031
58.4746809931035,2.40955155962717,5.96659006808787,2.94978266484321,17,16.1360352578435,1.05930268053884,5.90949288797939,2.07548359039102
36.6771956646574,1.23734624669346,10.678105709461,2.80065764017648,29,23.994054808115,0.84348559386697,3.79635871518808,0.479188502095768
134.115419653167,1.33591941307779,9.14739223566811,1.73736219004837,21,69.3277868749912,0.757122719442366,7.10580023989385,0.80756148665799
69.0602238753545,2.64658701789167,13.6713371645217,2.34716436217424,28,34.7698342855535,2.60558605048848,9.43462675252638,2.01088318345319
190.718891573852,2.9395934985271,13.8885335245463,1.12656099006684,1,51.8676436754945,0.422192226421163,5.2980223281975,0.497784050730566
56.1019632576379,1.32440593370093,11.7679157895955,2.27489731936776,14,48.8657011766217,0.664801058556616,12.2996862271563,0.986473910359047
21.0315057293697,2.2395316430735,5.54085266873067,1.03209790648994,19,33.1172848893106,1.65279553435749,10.3251818832942,2.52815139652819
107.115662345858,2.13300220652425,15.3681823975053,1.97275844320922,4,29.1269756051625,1.89327128581686,8.77645127324722,1.29959430632704
43.7390667516448,0.439818482860577,7.90093105765169,0.620543705480446,19,104.268961163258,1.7533801610536,11.7133446335871,1.33714055499482
110.534573549255,2.23152361582346,16.2033863042519,1.93732126519299,6,42.0273175276758,1.68497336550542,12.2245010300887,2.36305842606641
48.7913959754907,0.528494889626624,10.3132439759002,0.646989846201881,6,114.865852035193,0.98370815585462,3.26273816197843,0.41141388536544
62.8009572075099,0.941252388661206,9.12102216528285,0.572026731376479,14,27.9855667702512,2.04935763003008,8.00449068585582,1.90298404964427
74.3088658316956,0.764959311208455,9.89538210166393,0.691130255886687,20,101.254796976835,0.60404644340228,9.76631567479775,0.928632575265169
11.457724886043,0.374767690015721,5.68959611145931,0.561445880870319,18,58.9926350070216,2.87326989799639,12.8267814998164,1.64034652619478
86.1949764304618,1.40572739449791,10.4262261251676,2.20914046070838,18,57.6633410993824,2.23668104019969,10.2817135609707,2.83729368773297
25.0634211056207,0.374726488986678,10.6837744909177,0.880445061951475,19,37.6773922881616,0.718305747196367,11.4425862207996,0.690019796466308
24.1799670053441,0.486946318700145,3.24399037532678,0.365524325295161,30,51.11804834903,1.4947698512064,12.4240342472494,2.33969579331925
104.730646505465,2.14213820299007,10.2982805018433,2.77205235637933,8,74.5471767044636,2.51838120501501,13.5363547464641,1.73936470263349
40.9064479321841,2.51764119245547,10.4833050675567,1.81426856005383,27,82.3133569332632,0.821397900870537,6.474615089614,0.747253901087752
23.020652722916,2.00740056846719,7.25972186234656,1.55084860009592,29,63.6614905936215,1.72847749862394,5.67026167234289,2.76230220780344
47.5980749575339,2.84711916762619,7.95318882294666,1.16910568658582,3,42.2938323053485,0.883468586877182,5.4649733299347,0.593298822434508
65.3317504091605,0.67616829260476,3.33553053287897,0.526347149035604,29,54.7455233411145,1.24146457259858,15.126603204589,2.80871643042545
31.3613596621081,2.30905705268494,6.21749465273576,2.860391650165,1,21.9046026312629,0.531872778011745,1.72110957477216,0.359398448171557
20.8191372677643,0.588116308865426,2.34177417628431,0.40862921427085,4,61.4640442355394,1.82332018695123,14.18625292099,1.0038220927166
83.2010996928558,2.74375719624439,9.92071466508094,1.88596953068796,22,37.6578124789101,2.15051048452658,9.35646422233151,1.20999742712433
82.3722593383527,2.68128567020812,10.3613687313825,2.98525673415907,2,65.5451271864377,0.82101233756543,12.6057259388581,0.819867717420486
53.1939339100086,1.20376761772092,11.689540461587,1.07866854007741,21,68.1137843120904,1.61455926765417,14.8466705686042,2.03429567748395
139.687441932521,2.31005650731544,15.8518185462691,2.89419442562541,4,33.8715091079286,0.384582730996909,10.6172011682251,0.718021980430082
9.1714972781638,0.343378293500979,7.06612333975605,0.997874024511255,10,58.3596828933813,1.91260334103247,10.0768887712564,2.73411935171077
90.3792446606857,1.36772594052308,16.5410942445513,1.767640706773,26,148.806378505785,0.559733225797665,12.5695090226149,0.89601508349344
9.6897217654845,0.439895346407442,2.68179671314942,0.436872964669505,17,100.370295633154,0.935321001842846,6.13793086261183,0.654704505160149
50.4838220213595,1.53244312863303,11.7387757659156,1.24240913837998,12,68.3477361892541,1.57558146260188,16.5513985278239,2.34277745305968
28.2137018356815,0.604510665091469,5.14141632493316,0.665642870695375,7,185.302243950644,2.96883254155719,13.6851042369149,2.92074366599293
47.6604398307088,2.10032650563104,14.2590412675118,1.50532676157391,18,47.6032471875244,0.827541889953014,8.23563587037796,0.973963331752917
31.4195243321514,0.703763788807736,7.35769107260356,0.715500925319248,16,76.5499778456546,0.757248950162486,5.03665727919173,0.480569211871463
22.6660926521353,0.628905181000925,8.25983677388506,0.762520842025731,25,61.279989425131,2.06799138630371,14.6933497666976,1.58338368347368
5.12741935408978,0.338006757337591,4.67425615910636,0.546973702082593,30,42.4176708444542,1.19061036276892,13.6127404021832,2.36430813082944
63.3862101078103,0.960291142112775,8.96672295414361,0.694321469444197,28,39.618295335989,1.03016502006603,12.4412425860705,2.57683135356335
45.885920318322,1.40179814174813,11.9043974369844,2.7606529948801,24,29.2268844184523,0.616589407337715,8.29876299265594,0.863917044792261
13.4697108184399,0.492724682212951,6.71466325525277,0.690856472561472,13,92.2188378395811,1.19804388113158,14.045857979758,2.60542560413131
24.8854133410793,0.425539694893802,1.43825668519895,0.302862592693216,21,18.6908710094096,0.600661994855865,8.15951598862851,0.876899330617044
7.3740351601025,0.314309040041247,2.40472818441991,0.370073399184435,11,25.3926147495034,0.732740976665337,5.31879042308686,0.954343122120658
142.673298395014,1.02341367662826,14.0091253085847,1.17225244550833,30,94.9756300942794,1.76048436959635,15.8972352706931,1.30383252758161
204.622648356803,0.93003888309341,7.38087984614532,0.538160922748121,12,29.0792386100933,0.686330233657081,4.36795797737617,0.42360397222512
62.6176617600023,1.92934521294009,9.55225864752464,1.26668190509064,8,64.1191381747377,2.64513390719405,10.8281820037324,2.64102762394175
34.4539464631629,0.631033126384128,5.27959257434637,0.5333944286918,2,34.696869069545,0.843942961456967,1.40380070742224,0.31148105327166
91.9682335111182,0.885792131666342,7.7869094577005,0.710887776833615,14,42.1107197576652,0.946474156594946,11.161475669305,0.83953055633329
78.5611191100005,0.684868340075407,8.24109121035851,0.692046920165177,8,27.9974609530968,1.51037186394937,8.74850477480336,1.24893005207673
55.5339643552382,2.77015060132719,6.00211155251906,1.09041335942752,2,63.3369657025598,2.18183995861748,8.9948209547982,2.27230594622486
7.05209442815054,0.358634988181031,3.61218396333263,0.450369996350781,18,79.4398657111474,1.52852557356812,16.5307760750058,2.53001245610884
80.419074301668,0.670688674937625,5.85794607699929,0.484100746123638,24,34.0667446377209,1.16662275507091,9.24111601463971,2.50558158069522
62.2085346784426,0.805404182202028,8.8039183398237,0.930739095340558,22,32.2395904916636,0.958767312496385,2.88124745182335,0.401614886946014
71.8575095516292,1.83285776229517,16.3374768797566,1.87517936512512,8,26.5358363823648,2.05189487275676,8.30540546555787,1.55311246432003
60.1183141993263,0.57902440074522,2.43098807687952,0.374070087331335,21,47.2610828427612,0.679047585509864,8.33758216242086,0.704818505785901
77.1513419037549,1.22263909764866,12.2082234542622,2.56479424987091,21,54.4574824352913,1.74827345175374,7.71184835653382,2.84836634485104
35.0246148399057,0.909255330114725,6.38238454248036,0.533544747270484,8,26.1427277238807,0.610096280287425,4.31285386828948,0.588825573494878
31.6909264505826,1.65578081909394,7.56226154118204,1.07268998968826,24,57.7982679240715,2.41891428353901,11.2254343612827,1.31212562887971
54.0526032379885,1.20022938382281,14.1850495786349,1.0952858043216,20,104.542806328447,2.53987529267903,9.56407462080144,1.39224426929152
122.100639916625,1.70618553144054,9.61066107618668,1.81282830743498,4,38.0381780736954,2.64803399530903,10.0640612806683,1.46453324153649
16.3452165212632,0.861752817572526,3.2874906351804,0.589841767550961,9,54.3308298246401,1.27591209279588,13.3334745056149,2.73021274989593
248.396795695772,1.45182376861747,15.6062402035116,2.34103214095983,17,40.5095829009374,1.68890454138039,7.82370818106334,2.23876418687933
44.2978194952168,2.7697253924619,8.02940864697411,1.51489876658684,15,41.7624876293408,1.3609779897999,6.12409121863335,2.91065680409058
44.0079042382668,0.395249888984874,2.62102065624129,0.34602939809682,22,31.9926519048073,0.979871555838548,5.59057207680632,0.571295161723335
49.345920524415,0.804706977524701,12.1939819675922,0.821323590564077,19,71.9742684229012,0.740692533646087,7.17956723273244,0.514888991334627
65.7558475735808,2.5555300263253,13.0159318970392,1.34129243719157,8,42.4962412925295,1.44690647014937,13.9034461093223,2.03942426048647
47.8585501461976,1.34386726741883,12.1910317290086,1.32714061881743,15,27.2888716867993,2.21689500251126,7.8264219490651,1.31967174231741
27.5873194530705,0.31137138512857,8.47737898742015,0.551243065709593,4,53.1860606049966,0.569477146414857,3.13628740170225,0.454006968424802
39.7734909320406,0.444770423406441,5.69223067974612,0.592506017459932,18,40.5085263935336,1.77977724079693,9.18872730961511,1.11962604291989
29.3967890639745,0.991874286761352,5.97798334442318,0.778290394459934,20,48.7523849232709,2.84805780234717,12.4768806169182,2.08196430477124
151.011009028302,1.83517163353913,14.9013834866266,2.443498157972,13,152.922083405171,1.41234124208737,13.2288184704462,2.25090936470769
126.124585702047,1.01328005701822,13.3370778344884,2.71441140235513,7,49.8222691299403,0.478064398828351,11.4392604518592,0.752747950368055
196.811872498913,2.29225065289413,16.5160857146138,1.91652588587362,10,60.7964236999739,2.6093669122818,10.9365445125657,2.97305290895198
93.6892331500701,2.05536841843009,14.1040538712485,2.13318016462723,5,112.640319098406,0.755376648507409,5.21518897507746,0.436936448220186
39.6228881591518,1.47485955475867,12.3584624637083,1.16810050034167,24,115.832459803294,0.954196092697853,10.7090946201987,0.718210624597856
81.4013916927729,1.60533280495553,6.14312435076894,2.6048999700618,29,49.8575370686477,2.43848934434865,10.1806915300151,2.52400214811331
46.9734354707997,0.69526094077278,4.34453778882737,0.707870794772157,26,95.8536001672312,2.08254466062064,9.65690781711519,2.44278192694364
137.162943770822,1.55105542188201,13.1852240795377,1.24821006924813,1,12.3106208030124,0.334778185768036,4.90891613793316,0.683533930602895
79.0226156925298,2.48286987651797,15.8958541979874,1.6237178717346,2,26.1150562155143,0.593400650890287,7.20993841824757,0.748838520596537
167.047818459684,2.09743133434495,14.2807428421499,2.66075240320796,7,65.948245512457,0.693902343765627,6.25528104880826,0.605594154321856
112.242075575168,1.55719600153996,10.2151052598832,2.52005636845763,11,51.2814222923061,1.08687551551684,13.1510487934743,1.73886424775563
78.3221667644409,1.17498708738364,14.0707155278089,2.41142267426301,18,26.2974649647686,2.65126604393869,7.95256022072032,1.89607002834448
158.089704859389,2.57171060462027,14.1847906792724,2.8866060839647,2,53.9702638450343,1.58039783439661,15.1828254957932,2.669241529263
74.1496425147349,1.49441058460428,13.2374810576957,1.62217464770612,21,16.1687742182452,0.405416587796001,4.11069541115791,0.405043855111741
117.354353280407,2.30150436248165,12.8719257839063,2.39755253597069,13,46.1870389756015,1.50962080342252,14.4459389367598,2.36487185633144
42.9463438760238,0.568171521278963,4.38850698216353,0.420943794865815,28,127.800848692944,1.65919305892128,10.7364951817473,2.05840853594668
21.360887669456,0.842515899747731,6.89010368515298,0.91944748828424,23,51.0493337256361,2.78467592707774,15.1998960356349,2.08464485285084
48.2153402206803,1.64856330031507,14.7840566898865,1.33557445641762,13,23.0629863982799,0.343588158609942,8.41772149875381,0.689636279933316
48.7366753737012,0.585445345916768,5.40626251768296,0.581448834613403,1,24.2071147304717,0.382499712344833,13.5016095816448,0.962929867113357
53.1799059235603,0.935270273618545,4.26966013566099,0.529651620915334,24,108.205575882459,1.57340168364294,13.0856986311817,1.70612415454868
84.5257949753758,1.15721509450151,16.3452878242993,1.6134659209913,6,271.854694262411,1.51223288825985,14.6204892513694,2.70985835549642
41.8382956528488,0.60782326468174,10.0899776300655,0.927201185908981,18,6.07214330611117,0.326587352136363,8.99714565760759,0.764851426691253
95.1800796702101,2.16509187265793,10.7124981660568,2.40489604483228,1,59.6595322745006,2.86215406471048,16.4928241209607,2.99646495508169
109.530598652463,2.31111078952227,8.31575076212763,1.85358905640915,19,42.4583219300167,0.711923057026398,6.54122670430112,0.864349282094248
39.5491083515073,1.9987738961417,7.27060957711747,2.82922258169315,29,55.7871845647653,0.811359956254784,7.09952072727116,0.532914040835359
80.1730131427811,0.928595329232946,3.77747174467919,0.520315934444528,26,89.691948508144,0.832147297176036,5.78633321891584,0.802164679054207
169.359722993865,1.07974868606582,12.0179484747107,2.39488977591997,15,117.168666719977,2.61704664720361,10.8224289884215,1.52180480978282
139.764208698862,0.825247620858947,8.47304998485021,0.545052643874561,12,25.8328825175609,0.464947755868027,3.87276530099252,0.657967519292461
29.7390789485692,0.807061812326205,5.44645522946936,0.754705068765707,17,65.7771007675047,0.986492512155238,1.32812738101416,0.336130455288484
72.6673868060614,2.89551372310152,12.2553180336215,1.0262054221806,14,13.6261618845232,0.401910104104451,7.43242953409478,0.900354053337342
21.7806110115086,0.355522595376885,10.7080907721574,0.677950346415288,19,34.9562546604689,0.654619594824286,2.49342962177075,0.393903941639384
30.1783088968018,1.17491725202501,10.1655995311182,1.2839694321602,11,31.3827225693362,1.05115547184208,9.56390465573548,2.50907336141769
25.6832211658601,0.561968048455581,2.43597092163252,0.409830804740686,18,31.2297594651091,0.632739072601932,8.80792504298225,0.608468632613697
36.9524409183364,0.648648864469377,3.97279047998574,0.424057304803851,2,11.2412463618825,0.426192891425518,6.74037153587739,0.602189208126571
18.5082023805528,0.632602075144148,0.92504695016084,0.300634280614427,21,35.9501905182441,0.831337103035535,6.16477936974438,0.490807998151637
23.5503148520457,0.673233611714013,3.63870076193455,0.512441484874654,1,42.864709216529,0.904804955598037,8.76372396704941,0.994510061138173
46.8590419149857,2.33391613931004,6.1177746639515,2.58620429734929,5,128.255845818568,1.54530556526703,16.855032528951,2.72373668755764
29.4776109749617,2.25493318645739,6.83948342135099,2.4496666886411,23,169.79580990081,1.06368304855546,13.3694961448362,2.61919041176154
106.067283361224,1.50398399317788,13.6498551613101,2.60423120972947,11,195.664798064198,2.09853413467928,14.3666851244102,2.35397434027964
32.2260395725222,2.77911739366795,10.2282610330514,2.07288937582175,21,53.6651121582752,2.46669849826071,9.0238845660563,2.48630523537458
45.0502017469504,0.860617807915232,6.7596963151692,0.693569655089735,27,133.174370396067,2.62068167148526,13.6154328666706,1.1901766801055
97.3380139721205,1.69360340416974,10.4865604709483,2.65363132569498,20,34.0450439482639,0.679867720280224,9.67427375044395,0.916800873808111
23.933307975534,0.838156393314866,6.90381328587332,0.729054035782361,28,92.4984611898708,1.50910921801939,14.6548145866908,2.93419128351942
118.953360734211,1.05328446652697,11.8507303747779,1.45786289173307,9,74.2287295572764,2.18762333307215,14.8311871486717,2.72400017358855
36.2769578950208,0.600647497626347,9.93684665252207,0.749890044133634,8,14.4560340349871,0.37940035230349,3.94578219222119,0.544832624132227
51.9222543752764,0.921218478699091,4.30935702522601,0.511232967223688,16,57.688736651289,0.569008322048949,10.9366952931367,0.648982976739341
92.7141658083014,2.03473531672162,12.6479872059414,2.0734162161208,20,36.6953886832624,0.581861401520491,11.7686537082465,0.84606653055391
55.8719514931061,0.875413484804021,9.03908104440072,0.698914572623375,14,103.473780737788,2.78810369824105,10.3738480036894,1.76160409771827
51.1924781832153,0.613104574822016,9.47788626785629,0.788171688697445,19,39.1200375555362,1.80820544912245,6.13491661079107,2.99565598661852
283.119268848571,2.74044307388064,14.9359088987137,2.67842351764322,8,32.3485294534581,0.514419203035131,8.33906105687066,0.933688332877751
156.92045912278,2.46123314468281,11.8779093091964,1.62366263593396,21,44.7662431442805,2.71979764634216,6.43587620191331,2.15845958679793
43.3480904484594,2.62165697383739,8.22144553621912,1.79886736064464,27,92.1371513610404,0.736687372983663,13.8924977875188,0.966754571284424
46.5820187100538,0.686814664422737,3.35580186529189,0.586090357301835,2,40.0714055034848,0.988929612741319,4.13342103303074,0.46657514004041
87.338219587008,1.08829963777214,14.9077786039161,1.41376784829201,28,62.8270463228713,1.92910795028104,11.0628602644447,1.68959556662934
32.1088672120453,0.922266757854654,4.53409835603699,0.782810518293029,18,25.4393216183918,1.09601783774127,7.11743046849551,2.5211971167231
22.2372355725453,0.459812554659143,11.9826590265357,0.936092108812414,26,17.6991129654649,0.55411820222339,5.88003563087109,0.692549092823664
46.8965665898122,0.879452186499707,6.49639675361737,0.676643813734822,30,34.3317968636211,0.551223056610615,6.73031664378841,0.749222549091699
8.96122013751192,0.484030419638565,1.27724827927735,0.356424221672261,18,12.5481715917648,0.362140898229209,10.4944752978485,0.810761195365647
90.7907447554606,0.789678987097091,4.92408887199647,0.446891528826183,12,8.14930256943869,0.498114184535587,2.65835769565927,0.504308726337362
5.69167215079599,0.325277203638437,10.7802132443093,0.952387662019769,30,23.0957240211451,1.7431484357253,7.60707779484171,2.23350752411605
127.076576310255,1.90943884196864,13.9453299342949,1.05732895450794,15,19.4593853915509,0.457683337808789,2.38131367365343,0.368949829950608
88.5519971223,0.933231632262322,11.7867387925549,0.885873291431381,28,68.4101672362169,0.643398185071889,2.95348521107006,0.456977602611663
35.4408338007126,0.982310327896863,4.92647415008502,0.459568528223804,2,36.3586640444436,0.605270355732906,7.96229640504865,0.57083232083569
86.5748646590873,1.42495396312148,13.6168890537284,1.5178530321361,18,64.5851265709001,1.05443616622155,15.4076124058698,1.22124067261525
122.222787598447,1.41153676280937,12.1350009286623,2.21113409142194,28,38.9661432468109,1.45527200914161,13.2360395016667,1.95121439998854
61.9327076506494,0.785950278908392,5.27965324453451,0.536568486512797,12,71.9908995713563,2.04956835810105,12.7167903144866,2.99889166031921
93.8740743229263,0.969829794132011,7.51201887004127,0.591707919516467,7,22.2977408376311,0.941640641094409,4.31064557459695,0.568161527870748
102.023800398282,0.685929450750438,14.0468243787076,0.970901465085691,1,85.171340808172,1.96715965357872,5.87164912847951,2.33511113618129
66.4331316166128,2.2000818681673,11.4584477921774,1.83399740044528,20,24.8802320269899,1.67950282804001,6.58725592217531,1.71895791627127
42.906126103993,0.700610783668563,5.88197934743992,0.568493307953744,26,8.67545228864262,0.302681157354706,8.62241408992307,0.572343911365995
56.1511827025916,0.854863715538446,6.73136899165718,0.883229336825067,29,49.4807260369773,0.913856712358801,13.8846589599609,0.939307359885914
56.3867493118982,0.630302524962965,1.6522011739632,0.332270548195961,1,17.1155400181069,0.894021954332793,5.22785910549069,0.78331559451546
8.79150068185199,0.349217678620893,5.57868980830839,0.459066288381527,14,59.8634303255962,0.685011966720894,4.67866857733431,0.647086097194576
39.7536114919981,0.718754215097696,2.57180915943567,0.386970915420514,12,25.1385429706216,0.644041722895049,8.11558328307367,0.890751694299673
14.810298339235,0.490108078477818,6.97585036777424,0.619127036524005,20,44.8555515980008,2.45746286184227,10.6063078778991,1.71642476333858
111.798978647614,1.52222039972499,8.88524777672916,2.98896579796646,2,49.7572518381669,1.05456851737292,13.3647474803276,2.04528304384954
38.8497830440815,2.63467474061134,7.07223803395604,2.54195128313165,17,68.0720722787999,1.09092340179873,12.4377908672946,2.17678410528627
78.6167716145007,2.71384010176746,6.8644413851996,2.13944546877189,7,142.163968720954,1.9004084398813,11.5204686183671,1.0330977474081
42.1630826551091,0.721838667143113,5.16937094960612,0.512965812024216,24,44.3216679859515,0.51216366936166,5.58955477759791,0.575170804387677
52.4138732628724,1.51136485317705,7.03783862871834,2.62764740300168,27,7.23245980230278,0.439501151078449,0.650550036056372,0.30533131072343
20.6731839759375,0.900826147172364,3.1415465139667,0.499161480294698,24,100.365050150128,1.73132460382638,15.7522812537004,1.50574374756011
75.856353558634,0.945134883115623,1.5811535526629,0.305922243940576,15,64.6517902063165,0.776005756339051,7.37056032204949,0.653043970745754
31.4282298253008,0.689340597629306,8.89462656475845,0.96004831156229,18,50.663834944826,0.5223312922512,5.32249541283799,0.749219850982728
48.6070185139002,1.67998207381411,12.7634768086557,2.05822808693838,28,27.7737692038204,0.989315162938609,3.51468100822103,0.510551785730513
48.437721799284,1.27908368972864,12.5343982960621,1.88908360997139,3,17.9342511594058,0.86304434584001,4.79367229409099,0.671329179162312
40.3837404418715,1.45402189239046,9.51022282091341,1.50905212760899,18,47.4675951058708,2.22818912900333,7.91739808501797,1.85513055908705
114.384380398056,2.30439448799673,14.5876369308185,1.77015511258045,17,12.0685170065835,0.42943563918415,4.2529084557475,0.447461258540447
34.8018595285265,0.351566573679635,8.57702452262819,0.835259264550163,15,50.038499564757,1.94369577512559,12.7918707646123,1.07959220487331
5.37358180696038,0.353985586961119,7.35650702580371,0.887372826858503,9,233.493906045831,0.938354194809336,11.8832701197187,0.878474574848311
27.9217688345061,2.3331290045718,7.02777484463197,2.81752709464735,14,54.8130973971713,0.94370930595227,9.72075940265646,0.765841976995579
38.4430125576916,1.7643225152351,10.3591827989916,2.28802471871105,6,49.7493010030026,0.471829439141477,5.30316424091115,0.65033691343915
21.3402451182427,0.550156679091233,6.21792389146006,0.708791757741665,9,73.1937525152177,0.709765944041527,10.9629684828351,0.785512638704489
86.7790902121807,1.61286560658084,12.0081517074703,2.29218598856839,3,20.8902234822537,0.560538653059092,6.55526097487059,0.569985817759379
40.0580816161611,1.77498549434745,11.5571939524807,1.18296171405223,20,17.2570608794553,0.650031520593954,5.35427894064598,0.680890847997796
66.8110859247516,1.92855916156206,10.7514454260113,1.83605500279355,10,28.7837316056952,0.419098770238262,4.10906685699109,0.50511053488325
16.7012778221624,0.882749472868447,3.34002951764921,0.555032670022706,28,264.095435264621,1.21455373439395,16.0637101365315,2.02700523220164
35.2901094669764,2.93619581384388,6.23146503320921,1.54011781758429,12,15.1239152696082,0.653405934872381,4.66048901429562,0.764851793026444
154.415312318432,1.81397563389104,8.51078491292519,2.00452863218764,28,4.93903578494851,0.351710478954113,4.37955225881642,0.687184614070839
17.3910043333693,0.556828861885468,5.81660054991481,0.602357703347301,16,96.5081478923459,2.84165840057805,6.11672193241484,1.836783939543
29.2582711801705,0.669349761658255,3.86118788993342,0.469267336733656,25,27.0235507788773,0.771030659837243,6.68496837117493,0.601013126448894
139.885830709677,2.11256742046636,12.2950754957406,1.46200572330898,16,12.2777156183209,0.356180827652622,7.91221912473859,0.846440329930332
40.2954409978112,0.922150694273338,6.09313933716324,0.589528531339578,19,15.0996601755629,0.318746473553583,12.1344208946843,0.803685098932555
37.5110823405246,2.75175864058547,8.53241077189396,2.54362801663389,13,42.3164466240379,0.810888696536267,5.44548605175493,0.535373540509743
100.881697340934,0.741933950839841,6.88997473560511,0.800375402763145,11,100.432192212005,1.24566471371123,10.0173304465242,1.53298542340834
59.6468300308118,1.29311346306392,13.5604424632624,2.74083241166674,17,39.8264048343131,2.52948386190206,11.0611130817118,2.28352579533928
22.2216122950638,0.49306085204744,13.7072945041908,0.90553706122475,15,49.0417552964086,0.595115950551797,10.4398972754245,0.790671760949622
82.2013082459337,1.29590301396895,10.7837940108999,1.53482970790684,12,22.972578808178,0.424985159853999,3.1089751669953,0.37730636561644
22.6609538454724,0.368358268775022,7.35478871145357,0.627131370587869,30,171.179386910808,2.4979030376952,12.3450644767174,1.37681014953444
53.8441047156812,0.850203127984533,4.41587703349741,0.472913716901802,26,70.5875584824174,2.54692311456453,6.32021134558522,2.05831730323236
69.8720469605053,0.904214962024434,1.18437377586998,0.323855477242092,24,171.417408557948,2.95940482064669,14.6092034899695,2.50036317956977
42.5275817493805,0.878662571928005,12.7762390702375,0.796097022409283,23,53.9476105896849,0.771679314759389,2.90938579485902,0.388783223675256
81.2696310658481,2.9601730547943,15.3295140529736,2.06705329062847,6,111.774599600307,0.725941274005051,14.0012826655599,0.908166686186831
24.2475429508726,0.590535263808561,9.71293167330371,0.91340215299476,3,28.2378033664878,2.58620925026853,5.67869559250236,1.99476819829943
153.728779823593,0.809424389511233,7.88197708162277,0.652719180649465,7,49.0181491590668,2.01663814188151,13.9756651221089,2.67266853523461
37.9693301287128,0.692094470489977,7.72262794346348,0.564232259661892,27,29.6336984718435,2.49388414537269,7.88850427071212,1.46509787284819
41.3583071342973,1.3228483476436,6.9081459093359,1.3170329434121,19,177.163887251716,1.96815931736416,15.7569847616617,1.21290970367876
34.9094364121278,0.4101330685409,4.53214546907349,0.401266685728054,8,46.6791852376985,2.75498653680518,8.78458199208613,2.42112929052988
45.9601233166548,0.572754692288541,12.030250342546,0.885523396185599,20,85.1996276074039,2.2555745857912,14.5404640448323,2.07103816802215
79.894102911791,2.49800235801448,11.0858955030677,2.40176866735753,13,81.0193939662052,1.14744038143975,8.15357980943751,2.94280265822912
33.5736777345785,0.706446622504771,7.4132246186472,0.894839576105568,24,33.5317294507349,0.939380342196489,7.66839694240042,0.918739220781974
105.390522876112,1.65077351690802,15.8253948916347,2.23876032539551,10,111.732496485287,2.32777353483682,10.7859531957255,1.29956922329098
30.4734133489564,0.787079381759909,7.88973376478905,0.685160124602499,19,160.323127038483,2.08830908824787,14.7085088158531,1.3625238800907
68.2992759630843,0.759298822356268,6.4074500750575,0.936893364727459,6,67.4319562674219,1.08654907661032,16.3521916321559,2.28917279367757
40.1570900189075,0.345383564657466,9.45248828931938,0.74874871744501,28,45.970624781808,2.41147959614707,11.8228673613931,1.6506994991106
48.0512943505728,1.60242861317646,14.7900083940257,1.12088921064529,11,22.8905440306593,0.479006431434907,12.2574766363919,0.814282371717893
33.1574316914657,0.421204381387575,7.16109787866865,0.593524338254579,20,100.002084342213,1.21230927530183,8.45385321993349,2.61783064846604
24.2312542565057,1.76251981961099,7.88301305775814,2.06460192186858,12,109.900647756903,2.96712674047733,9.79224769726581,1.56140654797622
54.3649174538637,0.566539971442344,5.19319825225794,0.97082311036525,27,13.9463500109231,0.450136395330181,6.8713970473404,0.896345523367012
74.2278931213362,1.99034771051261,13.6582028542939,1.51876049456776,13,21.9495684830398,0.731690382127283,2.98075325053673,0.433502987254195
24.9135723591933,2.76842851715438,6.35977586361476,2.59535200992836,17,41.5506521265419,0.858230745459453,2.8091552752058,0.509451251054132
74.26955976073,2.99913453930421,8.62724675620792,1.30969891335731,20,228.590129552842,2.65643484490928,13.6479213939383,2.83452908143307
8.88883848061107,0.436674179226106,4.40554809126103,0.568003662355397,18,43.8184234855852,0.974680031540505,7.0892202891583,0.694472306034131
37.0519641247071,0.988202364754635,5.32424795676337,0.572223815609697,20,134.319418268962,0.723102991318607,6.40364831737634,0.607252144542616
245.559416118431,2.62499546664649,16.7452367012355,2.51257912750413,30,2.75699323330157,0.315056190475479,5.46679147835968,0.884421729033115
28.709523999843,1.37580127844064,9.79540745773428,1.8707289101497,23,111.93378798149,0.699475061114762,4.52771399627976,0.42464389073859
64.5078898088837,1.49070623313347,11.2782402629678,1.89866815379232,1,78.8561171391875,1.72096413503564,5.866247843837,1.58126367110581
115.322576609859,0.687804967700271,2.33691254303077,0.343459196870139,5,48.0047020930718,1.95242205049767,10.2079329323285,1.79325816339673
88.0561832769139,0.589445409364381,13.6839946654769,0.985392126389962,30,21.7981606757962,1.48083203439785,6.37831267410151,1.04823615643728
16.1336285290836,0.444859632104222,4.1988307392165,0.451618083420962,26,93.9196768756807,0.995459183256325,4.42371310486884,0.412078803959361
91.0710696510278,0.7097421523341,4.26123609884863,0.628838501414571,13,50.1532357394325,0.888970096557785,6.23787769338213,0.755984363115796
196.495067822034,1.42766543403874,15.7061780814501,2.9224533062984,16,7.1487367208503,0.33738698061909,9.0972142111632,0.607288997042706
97.6745829191687,2.9393447641926,14.0753846299921,1.21229850557774,21,74.8723472751308,2.03873586054014,14.0453348789516,2.21345937140398
76.4349883016733,0.503944582611042,8.55590938922313,0.813725272738804,15,73.0094901458816,0.638998960951032,4.41198372743148,0.644759398359153
28.4475889224786,0.704378688641402,4.42653111247163,0.567489941003192,5,170.402428022839,2.35174752142722,16.6009378812217,2.97211075529413
122.344496701225,2.4761036605747,10.7723477722016,1.09449260085655,26,17.3087429172308,0.345045299154814,13.3611639834115,0.831495869868604
36.2569282689267,0.951878058248301,4.98444228323615,0.598520459406768,15,42.6443719670075,2.04760793357104,12.1699136166556,2.55661228787577
35.3560712698148,0.838001144762904,11.4230274273161,0.817119065015986,23,20.9158299533872,0.765313755899394,1.57363253860493,0.379516117449084
45.1305503596228,2.31830730201663,8.41525983449804,1.53587251018905,2,106.374527446629,1.5203731537392,12.1203632646108,1.8844144387242
4.55579097948185,0.31336030353803,2.66297104525993,0.371597620517101,27,72.0754086692384,2.74426566715372,16.2721409881965,2.2717435119021
32.5187392906729,0.77013169667844,7.48588599146066,0.714540907366153,26,40.1240864681038,1.44413989285559,8.61226773441249,2.2270704843401
61.9416937949035,0.508249054894419,9.45604608559071,0.666184239063898,8,27.540797515267,0.760038451562079,1.02673195906021,0.31446205395535
155.885523804842,2.81650406393947,16.0154916547122,2.1644924242963,5,56.8289446559309,1.55762787197373,7.31673659077323,1.70115639640358
34.0289888659902,2.52461019843302,7.69027978094744,1.01753981621585,26,124.568476760114,0.826211705004729,5.96267211774924,0.548202202987532
12.6655246211561,0.476647699824406,1.538943361418,0.397104656201295,20,20.7380361256847,0.495319549096315,3.97123706511661,0.515162223106953
217.418258149427,1.5373992028909,15.6517452238074,2.71022514461385,20,50.5593827058747,0.986287508944895,10.3041948503243,0.653314206981284
69.6843574975604,0.497293841639226,7.65762810218225,0.521307715529038,30,25.2581562671457,0.583929976526631,5.05005980796188,0.773914137869368
17.0728104455456,0.314540115694348,4.79840311819526,0.528483316207618,17,17.8561875331168,0.836052391546394,1.64461917088658,0.382813167598275
71.1379875288834,2.06123989727952,11.3360184644717,1.17036228124485,25,62.8490538630537,0.747310543121324,9.52754279309633,0.766248909631702
59.5841575714649,0.995450827260731,9.72099597416992,0.639668251975371,15,24.1568532636048,0.560371694500076,9.33697198832521,0.798560619214757
57.525995836207,1.1211432725325,11.9137665991418,1.22434419989415,7,24.7847187466472,1.30488878269177,6.43278966501732,1.27161110378408
126.260301500206,0.963913703409857,12.0510034576035,0.951607338178688,23,9.41304393408305,0.330054013009275,2.14514116590851,0.327826607279486
5.29222691137272,0.3208002259723,7.23360008875326,0.655885210159224,9,50.302257116192,0.735949701004163,5.88653637971429,0.915901078859205
18.3775748105461,0.641723876831484,1.61740568366144,0.355813242666646,1,25.6849611267816,2.58476719152937,6.85900375624138,2.99370389654023
55.6772283348625,0.803081986501275,8.96323242945669,0.842270494379009,1,17.4292791488398,0.419219001316999,7.95234835176657,0.633795281445825
40.932020329638,0.391291868658596,13.7894538482128,0.959897489150013,28,51.8277541553106,1.38424386607848,13.7056067794451,2.63984186585052
32.7219049248518,0.612071210369805,10.5887355960666,0.718807420247338,7,103.780977588025,2.00023768283191,9.44948081390322,1.17835180476687
49.3742055676273,1.83498650466151,6.17737326556143,1.51680568766415,23,55.3731640612757,2.31899384208033,14.6707626398539,2.36626132847845
16.4267407124601,0.323484714227919,8.39822893657799,0.814314224590785,28,56.0295191504744,2.08734876374066,14.3324162189319,1.60235946442019
161.002094586314,2.7549862361555,8.56537682181548,2.98534788679859,30,11.3161130591399,0.358056874243981,2.51614932666095,0.361484249335098
160.827697037452,1.53473496314709,10.2881923451247,1.23277474403752,10,52.6759974455584,0.903288367708196,10.7101578690746,0.847586807398333
14.0324492415331,0.371319373508579,13.6792093100867,0.969063229722673,25,81.5960338217719,2.81699734210336,8.29104135224479,1.29600020266158
33.8629776196485,0.882753522161648,11.9055010319978,0.98545106321082,23,17.3329002048459,0.909904031458942,5.46393773092394,0.986773691030461
64.7910188736786,1.62816663624517,16.2970691180776,1.97478342786457,24,15.8017432146391,0.366382047804956,4.66517600243165,0.418741888587887
147.630093595157,1.6941996769774,16.1769852099767,1.61226475332037,27,75.1054551399662,2.41135797053014,6.8761651681552,2.68653287903074
179.203996715624,2.63005425836009,12.5437533292684,2.45555769697451,24,30.2997856449542,1.64701108035946,5.84527624185407,1.09733980436723
31.8793313296305,1.19820525813361,7.34509539008579,1.44517909736161,5,46.5372516314255,0.683539113565614,10.3539175276953,0.844247417780727
98.9886925979323,1.04433379231888,11.9993989945676,2.98141186077349,16,16.9133450433267,0.505300861613634,7.77065810855373,0.836192810193528
40.3102453346031,0.965572433385275,3.64570282282081,0.598342508034262,8,158.334972156705,1.30222774640799,14.4057278753392,1.40881216504863
108.687217286028,1.27455592671999,16.2782615660443,2.53184824858398,25,103.916643166394,2.27592621576161,7.40819252577087,1.79068473462527
11.2630098492896,0.339287432924358,10.808710715573,0.974189579062302,23,193.366274454991,2.87285221863992,10.422611654455,1.04116023646395
21.1375582303642,0.394388822886512,6.5146895404018,0.656896719085637,3,66.9088536496485,2.40482128722472,9.76131396659562,1.71916437086518
51.163184285842,1.13257481454506,14.8165711254432,1.01366394486167,12,35.4477216372273,2.83723284758586,11.026678830785,1.30716817189666
19.6886940713568,0.540654893635562,5.70578441615758,0.958260128115413,16,34.6050207647228,2.5245616321331,7.57790451622687,1.42839748598305
25.5283891948015,0.454131726328096,11.2313733912024,0.724236800772091,10,62.021939087542,0.780406191272228,10.1980689441859,0.786415432295361
103.48341803654,0.832425162306145,6.32395761140363,0.629648495057339,23,26.7728621727905,2.70418140657928,7.69046349686451,2.29111686818163
102.720601971827,0.891216444710163,4.84458763114469,0.625920080057347,18,87.7285157878397,1.20869709659125,16.4815932543122,2.03390581868542
34.3921107759225,0.637634033110704,11.3509156115476,0.71472380952521,21,55.995264834306,1.31101334910992,14.9576024993249,2.90013343384435
23.0868103937422,2.22328276311205,7.26616801939049,2.81261156874426,19,61.8157683785418,1.85888445925394,8.18732354632778,1.07249122496559
127.846118931909,0.656744575301831,3.51431691790842,0.42739434995241,11,19.574869784058,2.19307947592522,5.68502814475059,1.68541491563104
109.822287925522,1.42452320237266,12.5486768181761,1.77698561552435,16,20.2685642718364,0.525644420470616,10.5469886647234,0.976186665059491
149.372380190647,1.74170366235605,14.0949503921563,1.36220743622452,18,18.9381276035211,0.32592500684106,8.45349164195901,0.969178255381045
23.0728496449923,1.81823157374129,6.68916466413517,1.04060112063168,6,46.5694125541176,2.12564830522991,13.4974369207105,2.01842150214398
8.09327655658991,0.334304950324592,6.19503300952674,0.70954731787122,3,7.24444128401665,0.366445067911872,4.80422054622925,0.663289308913489
115.560092604567,0.619277982950713,1.82154937392003,0.33136910530734,12,56.6133627245981,2.28615536556182,15.1468114723466,2.87145142928381
153.729783479819,2.71551248596175,12.328780444411,1.24965821994909,1,49.177507899811,0.897100771988836,4.86762738015927,0.787878108388719
48.9014470964678,0.746215267616526,5.62803332901821,0.495889658097746,10,28.2955813631509,0.495935123307262,8.77547893429877,0.67276971105
99.6021925256575,1.96454710975862,8.63221069991906,2.04285240959631,27,19.8024237142398,0.376100901252154,11.4837612051105,0.831099316823406
6.08608832957746,0.311155600226726,8.39077124359545,0.715474288168916,26,96.0097649007147,1.08581789567043,15.5318210172923,2.1910525369706
121.583132878774,2.17833438033496,8.00318515664331,2.50691860870531,22,27.616082693966,1.28655752821884,7.79052636314771,1.60843003774609
22.0694536869715,0.873823039976257,4.90826688267505,0.654842859830429,9,83.9738958427794,2.39603348376292,9.63715801016783,2.02269279074824
43.8344460488914,1.44825404950417,11.2109445190008,1.2777202206673,24,267.691671604929,2.45603373414097,13.8505952584039,1.07595647719981
41.2720031572506,0.441962097409923,8.10267229632463,0.697757179802993,18,61.6331750222378,0.574394564907448,2.07956025084378,0.319719892457641
75.2531071916594,0.440453040975099,7.39476877602479,0.564545178149396,28,44.2762790320023,2.73091868046334,8.37334397945735,2.29302748995956
69.923303277132,0.769889006257549,7.66174832362594,0.568288416226244,16,205.055557201847,0.788604441140618,14.0773787664673,0.923271215365936
267.224444047782,1.83221830975827,14.6750500916341,1.59625528077694,26,40.7963012941525,0.531170277456331,8.95106817701666,0.70006335371531
83.8757243998947,1.7654167188489,11.9274824902022,1.64814137108492,24,68.3253351592494,1.32942123084254,14.1617545393295,1.32188809765562
21.2823685090396,0.502699755207663,12.1294308444498,0.853059983554436,25,65.9508509303252,0.787072511135746,6.99530591719561,0.822730696898144
21.0444399032648,0.582134247918675,6.53739046195213,0.89248426449092,19,49.6159239191495,0.973476348006863,5.90050616837939,0.601858308538042
41.8228309754708,1.07072427897066,6.1267924268292,1.99956128245634,25,15.328208240654,0.436378747172045,4.82791892840343,0.884682580293818
46.1855219577497,1.2049797940959,8.59637407001021,2.30998827097557,3,50.4645206146323,0.867941654980306,2.04796437639285,0.405376630476343
43.3543299599215,0.825514994441581,3.57765825895854,0.427173021186213,14,59.6991416769722,0.828890031879505,4.7623773643162,0.691748725949267
85.6049936461435,2.64878993312217,8.00641388193284,1.48162007573284,8,38.3621492942436,1.30394412824851,11.3463053491496,1.59225015580647
100.141303942713,1.05443337622034,11.3947315280729,2.50304459143032,8,39.7589304713871,0.918212490643933,7.18798235735175,0.900083305857361
125.044601333427,1.57887818017199,6.79625658505761,2.98766932319043,20,109.954190487452,0.948183219816308,11.8239838675308,0.783174572089325
117.579808669064,1.21897467203242,12.4778782593265,2.37282989813403,23,22.764824754158,0.646795836900461,2.50437857858571,0.407949483077457
66.3619835195757,0.556002957464199,3.44091261305581,0.458056022448662,24,32.3400223043433,2.94824578396892,6.6432040234392,1.09442425684897
9.15841407724039,0.402097148621293,3.83778396037389,0.518748026233459,23,9.48143045465459,0.513826146030837,2.81258261346611,0.497328646839052
26.485649544631,0.35951539590609,4.59259725740608,0.40824454500627,25,70.5598184779167,2.98235401057527,7.27338094261905,1.09301157608507
103.272648399163,1.23421869103552,15.7823168877312,2.99517976556508,24,133.84511389669,0.871982021290141,10.0283198051357,0.694979002687827
28.0121337235774,0.467802388498552,10.5198714200638,0.74164888426662,21,104.409231542528,1.57141841666401,15.3689836500887,1.10627811754791
75.148774880493,0.598977519410952,4.58288384663651,0.673692683087409,14,183.433937980696,2.12185626202425,16.1255271127502,2.60671255446642
48.4842357628945,2.89870481073292,6.38913112025025,1.67748747638554,16,48.1892524935782,1.26336720986653,5.66756533729522,1.95598883087586
46.988027579103,2.64026891593668,12.9701807311072,1.69832695726953,17,123.620004079663,1.34729160824892,9.2322335263216,2.89499026884525
39.4929533578002,1.09480116034904,11.3600795833292,1.77907320565584,16,65.5827465892209,2.7435033656697,14.5451687308592,2.87282428198417
21.1498515299107,1.67650118416694,6.32615921967464,1.60118071755058,12,56.3372387238232,1.83406960847888,11.5965531975705,2.87799534174319
14.3439299007859,0.320433284157716,5.47129896006561,0.776611558782406,6,10.8576841425611,0.474407250658467,5.68616320115285,0.982361221443186
59.6933119006081,2.40301632854494,13.4105028744252,2.05395228004795,11,112.68227379781,1.44329139321735,14.6091846970173,2.95952222066945
28.7958548062622,0.381659899241162,6.32000162286367,0.959290435571271,8,97.8946991722423,2.38943818362338,9.59356759147175,1.04159416396922
41.9761012984778,0.410556250848377,2.7967619844995,0.380825384294236,21,91.5921755448948,1.3331960667148,7.11910448528303,1.74998857517181
132.507683000809,2.0349119329137,8.99721941445794,2.30386035706046,14,37.8536780865304,0.999258607861345,6.67807259783304,0.588534329007219
127.528447772094,0.8167864447378,11.7268942126479,0.713661375602525,23,152.243606736254,2.20048933294315,9.89186332242698,1.59185787861874
225.704268008558,1.64310958410683,12.9629191357081,2.60009152544095,20,41.8271222030463,0.80404664352587,10.2640443219145,0.92235776585069
39.049687637112,0.824918992505692,2.75318475620559,0.521401750797249,13,97.2078901325004,1.83829941079809,13.7613384182316,1.57169494131898
41.230009434507,2.14416748467555,11.4299370631335,2.83458548701195,17,53.9874692038263,2.77832469146283,6.30998454647049,2.00365293690361
59.4027973010432,1.21073809705413,8.061725903951,2.65086404211055,29,227.492584405017,1.25137315621393,16.5919219190761,1.90628292260877
54.4595226912766,2.84643175447117,7.4622030490593,1.44671232749673,12,14.127699477173,0.311600887021766,5.24863819493824,0.45066785126604
31.7832610615822,0.767754530958923,3.94427138323601,0.617319346597041,9,45.3812278349161,2.65215243618953,14.3250720879567,1.93380962817234
67.2234626759126,1.52434033203946,13.7481639704402,1.58128188343914,27,67.3099616302508,0.839105512119463,13.393177383437,0.865335974100682
102.488976388258,1.03445525542678,15.7828710046878,1.60968155401868,9,23.0825862465145,0.363228311637216,5.17069020617299,0.517532730306572
64.0196274676531,2.98226613438406,7.05172144756811,2.97050596522553,18,64.3103710691121,0.70323873850584,6.81495859420287,0.661313123450915
62.5407964924803,2.97335501299133,8.62493833598405,2.39915301641211,17,20.8311284837647,1.92617692957476,5.54436559195858,1.28231410756914
121.632037258313,2.5701760373623,15.3707347696641,1.09441886968089,22,46.7854486976637,1.19988919286017,16.2306963446341,1.68511585332238
18.5663160442494,0.322139959214094,7.90786504533023,0.922537118318457,26,65.239211244978,1.23407400328918,15.4502679324764,1.59138886314773
93.4097888686081,2.73086359431505,12.1618292987155,2.48823751355329,2,57.6526686667567,0.451780545266222,6.28700505855322,0.547411504788684
120.295142143974,0.913905998624691,2.19606515402626,0.364832339540195,4,52.881558443398,0.492346095326807,6.12260596840147,0.966681756480307
54.488792032123,0.693700346455322,12.8166375662458,0.805424063391972,19,8.92846958584143,0.357880745778215,7.11072672804189,0.616597337053043
48.7948270450944,1.29093608066814,11.1652251544967,1.62111825642116,14,67.7214880966041,1.99804705308004,10.4581744611084,1.67512173067971
95.8419835260619,1.74578188678958,13.877963387432,2.13389623898051,16,65.2875751103791,2.52130851005878,7.50807001667923,1.92006777976637
43.7259404618719,0.54890908163891,0.785623873085569,0.320416986385069,27,93.6374018890407,0.871763771736089,3.07584610290596,0.371766420726469
15.7214560801658,0.337977205062808,2.01933982807185,0.320460237645789,22,14.0763172218372,0.381644731395971,4.46470917926551,0.505690530452321
104.605510826963,2.84162585065398,7.54468185282635,2.86799720376558,10,90.2853065388943,1.71931805378798,16.2732758974223,2.46975703542616
34.5043027803451,1.66577709083561,7.8897962167886,1.28168192786148,16,69.9904761001026,0.972772744693846,8.93811391525907,0.653052842854337
32.594363103322,2.64091911188765,6.15576101990973,1.14737340576082,7,78.8277444738637,2.92381079087665,13.5679695665973,2.84298996122954
138.173710645028,0.67560553850586,11.3909339034772,0.770589829414695,26,31.4721230963433,2.85157148629294,9.62971576725709,1.08957118525801
242.085283417213,1.71335909708939,14.3119996855173,2.69246688843457,24,142.955177454528,1.2547071748772,11.2475360148841,1.67514321853668
239.455873892046,1.50528921150187,13.4185343631944,2.79447199870867,9,37.4526783473721,2.78170748967949,8.21615007187114,2.39383031833314
36.9297368631284,1.21032002997822,11.9727848076652,1.97284048279756,17,187.868709910747,2.86482530755353,12.7277731521049,1.53571217573824
62.6405607470185,0.555497443967012,4.85598929280782,0.530223259304787,22,101.14907179777,1.51946406608501,14.552406278407,1.42039052118801
128.563084395926,1.48036297152148,10.9908974735125,2.09178493626193,24,99.3182643094833,0.953480648844919,2.78362142044187,0.346628563999035
33.4216491272204,1.53271118182406,6.095088427577,2.16191969094961,3,14.9695699788377,0.482663027838407,8.37689422540441,0.779087845498249
34.6650575259684,0.437127027896112,11.7332903733692,0.819421621963174,26,58.3226489876969,2.21688880968019,9.39979386291759,1.48952313606997
94.2710484686186,1.98351828060529,5.85009996202679,1.45624337216144,20,17.0906355793959,0.424800481074098,8.9139681666375,0.672783107641743
70.6388585810063,0.6535219852773,9.36839909722255,0.622288921100004,17,6.70712441680423,0.33618808107118,2.34457530399109,0.380999336082772
29.0402329753945,0.680004055398486,6.0572130053355,0.555070574480449,4,87.4731022575671,0.579496542125005,1.38377728792673,0.313058826105012
151.4542013462,1.0854962443146,15.5144763287693,2.94877109406033,10,73.7106294197542,1.95476024309796,15.8023980547904,2.65627427796952
16.5782053144372,0.381887775635568,11.9754822558904,0.983901020953855,20,66.5596719669732,1.01943099390913,12.9414754267721,1.21645323484363
31.6385593692637,0.891290031854329,5.00975687540813,0.682795202786671,6,37.9293952062008,0.904989325991523,7.96446025304227,0.981670118815516
37.321082879978,2.65212596319228,12.271278085115,2.52319847103386,16,88.038997093548,0.82790442330518,10.1339308300892,0.687321192994658
33.9300745367333,0.758150305929141,6.91285765475541,0.862355051342581,12,74.1547151886157,2.67754846518994,14.5883670321151,1.74718290166416
39.2088222540376,1.25844320009423,9.90786885182402,2.04501366243406,2,122.552033828045,0.818130993573761,8.97631036388031,0.772583080250447
45.6882430474998,2.11394778358787,8.92794794600507,1.93230270792083,23,16.3750942039648,0.434689700079846,8.2367274964961,0.908021069140884
13.3016890665353,0.473657973679004,7.05296355198072,0.666687701543031,14,79.7268784421445,0.994981671174445,13.1836104717628,0.838437123380614
94.0588648047825,1.86241045446493,15.1612823024213,1.49082937186958,1,78.5382551024414,1.71809007466451,16.2537028146151,2.56224012653335
17.9025465601216,0.733352600282879,5.81907911236591,0.725818477054275,14,76.5806160759537,2.55550602714111,12.5852760945433,2.31540266333181
126.480766397838,2.91116409156239,10.2809664028028,2.57411764448727,10,14.9392238767596,0.404251388348973,8.33317453573089,0.668850960844592
180.771722896356,2.92477673790442,14.9985076374529,1.39033613652735,22,124.653286329779,2.04082956063399,10.4811419887076,2.01826955454312
39.6144121568768,2.09751625962686,11.6309895787117,2.30364065446418,9,52.5130261911147,2.61222916932207,14.308317036769,1.30747206368353
25.8533505663138,0.899203449982405,5.95162660366596,0.829800998321134,1,35.2114185915048,0.823561347112511,6.45847167605863,0.502105017445602
31.3565746160626,0.898297197484159,7.52081200388151,0.648952446476061,20,146.773704040608,2.12618526690323,16.1347860302107,1.98832341837711
92.4188072451401,0.466461876870556,6.30833838668231,0.488590683367489,6,89.3858306733616,2.69699103221309,5.84681351215965,2.36197890759394
78.3324952813187,0.844433754715977,9.05814587078914,0.627611610690943,9,57.0221226788754,1.08382060468836,13.9470438607191,1.28600486071446
58.8623743080436,2.54811191831626,7.04000777356503,1.23125919269858,25,72.1945730256924,2.15582336016763,15.4607068376787,2.65178231527048
48.4285354639083,0.600005889430289,7.1267790829886,0.805734874136961,24,5.07137333707495,0.355291220948802,4.53097209558702,0.616835088836176
147.161764307214,2.71893106829119,8.12795645131334,2.07796925797525,22,69.8879256251044,2.7122948344507,6.68093312098807,2.12847066893406
23.0180654681301,0.83732611880643,6.61379700444746,0.922572706181113,30,39.8632696521377,1.80488690599182,5.83062156316572,1.10589895443933
29.0181364976097,0.681631679656346,11.158320723519,0.820753921681467,13,68.4439504179426,0.750200971302767,14.4538001750189,0.988517693739481
121.653699512936,1.84444686798782,8.64919673535837,2.94654021625537,7,70.159630200191,2.5283961590543,12.3056776561133,1.20583071365367
6.80936031504711,0.363907979795298,5.7963366076089,0.923521448213735,8,79.8568181650938,0.854597997887651,11.9917913791484,0.942997990536035
48.0679262073259,0.772846834032579,5.3329112912722,0.760960190847283,25,115.166784063497,0.963387124590534,11.0830565626187,0.766720547821495
49.6654074251012,0.560261213032274,8.65543230895057,0.581043036681929,6,217.591122617897,2.68006404143808,13.7615128320449,2.33278665304459
29.4981743557865,1.80671114235195,9.08261273669662,2.64542984207904,12,19.4285802112742,0.798194010709279,5.66082642037908,0.905189366997673
21.7209493627324,1.185327195194,6.97215647518403,1.849960084653,3,8.385290414344,0.366413342332707,4.43116408437921,0.673151220869517
8.65850960067627,0.335383216115783,7.31195138929207,0.587281525038147,13,38.0923867314638,0.475413028659609,7.27917256402863,0.593252387638058
8.99166628624841,0.389230519909678,1.68147242909743,0.355609179705464,16,27.0751208930367,1.89709715258164,7.50938868625724,2.82879290677645
33.5550679946925,1.94071385160959,7.88709142101867,1.95528057089035,9,160.651139280715,2.87193064115972,15.2387349895424,1.57966956237589
170.472492604937,1.80912679419396,15.151827259211,2.28979959763763,11,36.3348290603521,0.504292975318886,7.10968431969794,0.596791861212735
26.066543211316,0.419523673949662,1.11065649090795,0.313029515689846,16,17.7412594575867,0.608169402126795,6.13932076160262,0.901047424397724
39.257840672811,0.61078445104618,6.37515121703888,0.980646040585483,18,156.034211738417,2.86780280535703,14.5264120443029,2.14473479541558
40.8485082614905,2.69046737036558,8.36582205514217,1.80241143392989,18,52.7758530999478,0.747394372833958,4.07093453582926,0.398031706430078
19.6245590170523,0.97774993645455,2.28615498014208,0.441910538258637,23,87.8894232349245,2.93109444620756,6.69399538465241,1.90019266023005
38.5533575181702,1.45635408742241,12.5651485384183,1.5338423526461,21,52.6815842563039,0.830504879674802,11.6955562702207,0.776593611751421
50.0524236286744,0.980637397470352,7.75522594842232,0.916443323808591,26,61.6092525790206,2.56816018204616,16.0018618603541,1.51324208429244
27.4538943285197,1.83680621605137,8.40499615084333,1.56072201238135,10,28.2759005950682,0.67426299087346,11.8858186796727,0.961220624832271
25.4671022086154,0.517476948617594,13.7273861721277,0.864287801157872,25,39.1832802678547,0.952745608008938,1.90013266710613,0.350499476089068
46.0274729998583,0.53797238426449,1.07230014730435,0.332264120535589,9,108.889270896088,1.09343631323124,14.932161622617,1.09574088805756
17.3007862709644,0.475734796872959,7.00254713568063,0.711340380684033,29,60.425401857861,2.25496425489881,9.10144689394815,1.37148361961655
153.618048237689,0.953489050828822,9.23842016919598,0.639195951145443,4,36.5862137135303,1.93221424949835,10.2566313393522,2.73035282057235
25.2203733697863,0.68290813711453,3.93362530874307,0.597882879531086,20,36.8388956560766,2.41229544419272,8.04395843207562,2.13195127622417
58.217896933906,2.49975097748274,16.1823564852167,2.51269394061501,25,43.2219824373165,1.10419782965905,10.9632841218554,2.09118334277189
37.7875660892306,2.4858514416869,9.6904672212623,2.786554890358,27,32.6443004842889,2.76886229670269,10.6769786941375,2.92148238445175
68.0339905106745,0.847769808850484,3.50077621768327,0.371263651653614,17,23.100714615705,0.893889967414038,3.45765439813018,0.582936726331111
50.8275687263676,1.7448404978125,7.06031160242948,2.79251156205471,30,112.263491302745,1.71992886895043,12.6115619841799,1.25943907321253
22.4912008554009,0.636393275357515,7.41757031421876,0.906539299916843,26,46.9675522311093,2.01139008802515,12.2449202253476,1.65090318320005
177.598458246038,0.945946102626899,7.53830522419729,0.530963412073454,22,14.4598113823217,0.437621303030267,7.31135727591559,0.619082532137486
46.2366901324438,0.637356369597755,0.989326932892401,0.310352365952176,23,9.38585805216961,0.415323265626821,3.51615414958059,0.573815518658001
37.324159067947,0.484863014437284,5.30663801758758,0.905664183730159,17,8.85347002108827,0.398495109166649,1.56704759295717,0.340108652658313
43.9590909667521,0.429589109922465,5.16876842591542,0.590120937264929,16,103.425585537367,0.781484293892727,11.3254210078854,0.67076642351413
21.0772690040678,0.698209081983225,5.090018546066,0.590685024510941,25,57.1186144875024,0.795453432718402,3.6638819433251,0.496275440288842
164.937003417526,0.923673478219899,10.5467950724205,0.881173100941766,16,31.2909217282021,0.873878222861583,5.71127396592734,0.713292350023736
7.73442052919033,0.327992410455286,1.3044897109188,0.303337697971576,22,56.1882465337989,2.3852677043104,15.9939504020974,2.24705976143167
63.0750441536534,0.8621540984895,10.7415640352267,0.69765066251157,26,46.9527479759283,2.77623688532173,13.7738455649007,1.51355034192907
82.6128854913781,0.756578269415924,8.08483030044583,0.682257365674236,12,47.1821205540071,2.6013854935756,8.21091363534665,1.51520678573317
62.5562500598198,0.641245432216833,1.58059972908906,0.383439941987728,1,37.5284644564762,0.598633602668121,3.62064148421484,0.405054429081814
66.3051028113366,2.57079477727413,15.1798648359071,2.13392862295885,18,26.9985410100549,0.707812373493865,5.80527635918276,0.600818804862791
21.2822419145886,0.317824561432588,7.30555305581855,0.775042457298111,27,23.4623127278031,0.509483015214458,7.61906434821412,0.66850322246483
55.1009886676651,1.72082705212212,10.084327454915,1.80554595274913,20,125.563418162411,0.587910385636402,12.4335778956277,0.852656153387408
78.2965240712358,2.87863563153638,11.0870847228137,2.03060645672938,18,105.201745672346,1.68386165487471,11.0427579086047,2.10921327806137
30.4132946162839,2.35368746043465,8.67615506071857,1.37511023006192,2,11.3737141876874,0.382686729606037,8.75301168699839,0.793430669627448
18.0538244598575,0.374857245313105,4.77588529420998,0.468220692711597,7,63.7127947060801,2.05108997050075,6.71788558003377,2.71684968400421
113.422732695233,1.47788244274326,14.8219198702282,2.12569649930686,17,51.7441853749208,0.74544218659389,6.26853131587378,0.488438083400106
181.903249971922,0.911124723239828,9.99799823377776,0.700444988026756,23,231.358219127828,1.30594418220183,16.4116793073665,2.09393230585745
45.3778476570886,1.92623351021319,13.7548537498384,2.54822610013381,8,29.5209663866262,0.591771921175922,10.344126337318,0.7921151998751
168.674696923286,2.60256206535807,9.18511013280984,1.72309738002404,11,42.783860928399,1.72731230502391,13.9057403322369,2.89440362203241
40.4335829455005,0.549463831581855,1.32147923059106,0.307372482212612,19,9.81054001431545,0.349727513069423,13.2692064730205,0.853957362826628
37.3622929865754,1.54613131449773,12.0141681884446,2.79752844523732,16,65.07451296494,0.799711089347253,10.0393340927506,0.658701517541566
81.8343154231793,2.82829432012256,8.85579854375097,2.66121429369556,5,37.7349102247022,1.30275709628414,9.83191605344165,1.19397876808444
86.4653051621808,0.930320885857283,7.09994815845316,0.929122572341076,23,165.120874154704,2.47814672412555,11.550848485261,2.56925997470059
55.422997858749,0.941857520900687,1.67137969473252,0.378501996578594,10,32.4600706752458,2.00207603300203,10.1358657921996,1.37700959491367
54.5646988022347,0.758823137433525,6.70901793036507,0.883624157916786,20,38.3717040049566,1.23609346513554,13.1631907283065,2.27312414498433
25.1320401607325,0.706200668113007,1.06890685133762,0.309891177348173,21,7.51613996601994,0.415066270398436,5.23633036024853,0.65932795586291
51.697450797485,2.98489643053331,15.7054579340122,1.52880809878559,3,73.9309723385579,0.631749632053686,0.749894998381712,0.300662475392036
51.8022837490459,1.13436902262923,13.8931518532588,2.12127861351699,23,154.644598161058,1.46251773865598,8.70064401094007,2.98234697338837
48.7510066924974,2.6313700479111,6.17027821941266,2.96557483747848,21,12.9397493901955,0.31005770089796,14.3145287583772,0.972645953212176
43.2274761362786,0.844586217887605,10.5254454934582,0.902487016429129,3,85.4582831642089,1.46155372904616,11.2836914917738,1.04141195807624
51.7453991005952,2.55832674988759,13.2473553567312,2.40535435598176,9,98.5479588309156,0.87551571884214,9.88046670843566,0.905649784289856
10.7102545131488,0.416871857215477,10.0271846314844,0.906957378943192,17,37.8730720756783,2.21694263167775,11.1513438217891,2.93096806339139
49.0666776076786,0.758977360341377,4.95203024983048,0.864285965039876,20,38.11798484093,0.859367935611943,10.2688367336984,0.972595474041489
50.664988038326,1.3943582332095,15.8613592640186,2.2753982698427,1,42.8555117959632,0.625496797731438,7.05791012675773,0.53692581647626
22.9069439086339,0.348251292428474,5.16117629096172,0.473222775779721,13,82.69138696451,0.978435790050423,4.78260611291597,0.467276670570379
154.291679336464,2.98968663626734,14.0035464882215,1.38653826557866,29,22.0363807737645,2.68618161734003,6.78921610532036,1.58152481059691
50.2266383153062,1.31293476616416,6.45125859449603,2.68927001422874,22,40.0625145767505,0.803814886388274,8.47984047650781,0.911270628537162
56.6548076370387,0.847660248751532,8.59334724579056,0.631997763559378,15,49.423069079636,0.929340935168555,11.1400302118971,0.897412442283601
24.8755544528058,0.987724160997488,6.22325781076905,0.696768345572137,3,27.3979680035332,0.855386845066807,5.0835219528474,0.793650392513867
101.727233972304,0.630348495258526,4.50836215822971,0.553772886063983,29,29.6232585394001,0.807115638311713,2.51952945505309,0.398810150740416
26.282043836177,0.851896740067783,5.44239892647839,0.608107678309974,13,80.2125379550689,2.44481139268939,11.4808858683023,1.633156477031
35.8514532413907,0.439175225015947,6.94763274372395,0.485098721224863,15,38.2766795742845,1.7909642733103,12.3933600078348,2.96913669176149
73.4722517886024,2.87435284194693,13.9969412290726,1.37602370471851,29,152.922826834279,2.4746355292468,12.5093234884592,2.98223376266914
209.365217517694,1.19511744983169,15.022655939152,1.16220679860433,10,30.7722056276334,0.702855779971476,4.02553399720642,0.537951534510585
34.3035071269675,0.856045660110573,1.0500443085037,0.340226187213094,8,24.4383227772797,0.955260814970379,4.56665162204044,0.564648955507264
25.3096046157427,1.75356200968661,5.91502070808172,1.91302885173721,19,48.3529284750949,1.08380266845617,6.22828189726621,1.29920171063077
46.7488559083963,1.93991638228382,13.5358557624883,2.20580929427699,19,75.9895179633033,0.977239920721759,7.032112151499,0.912227256931948
55.8442882700407,0.802400303964019,3.90372838221209,0.638435553139474,11,97.4049320600338,0.718733159460972,4.3725041010613,0.417284448872359
47.7609299291798,0.874100342785406,12.74823444345,0.836506479415626,17,16.7579121263415,1.41359814319776,5.63762089203296,1.82443550208036
49.1834844810067,1.26247886452396,9.85220558581355,2.80574856588848,1,31.1324877115495,0.547135182517269,4.85178570015283,0.661394961149071
229.98456679711,1.36605837179756,13.4352543376086,2.90304128959292,14,71.4305573971375,0.780424900080029,9.9231071997723,0.989374773986455
35.998404593641,0.365873255711271,11.981149422964,0.935424083517231,6,16.520938314452,0.35046333801857,6.47851607485036,0.583035601050735
53.791297634725,2.15312952193321,11.3534954784582,2.59819699409311,9,44.3414579245271,1.35886954081509,9.62603245246715,2.25676397406451
15.2125890626257,0.429584770307761,4.90510016681225,0.451058197613508,19,38.6292427121076,0.93297309194258,10.4314768701965,0.774023273411656
18.7935025789313,0.532026438836511,10.2466169046382,0.893795727096836,13,18.1056100806883,0.437770398725768,7.55375225660595,0.57257901737826
87.4924721112089,0.905473477669054,2.33010085955335,0.33439529017244,5,16.2975701288397,0.512113211953373,1.14033910443487,0.333857921453267
22.7741739130782,1.37317239265752,6.58018174363325,2.10857104375729,11,20.5854632585475,0.400445146323634,10.495369693944,0.766312536474333
65.3525392619204,1.44254130926849,6.45864914913178,2.29683786312829,16,23.9129300425807,0.433062304456179,1.92582144835857,0.338317166962324
65.2342256093249,0.808706428074374,6.06485158419717,0.523851123061621,22,17.3294908940188,0.609457669615423,2.34757661986975,0.45516874798168
53.3532442558887,2.09312757808563,13.1602168726472,1.59670713077608,26,50.7882822462682,0.905358067812956,10.4591878979089,0.787973187368869
43.5131904884646,0.881596938728745,13.7318914154238,0.867923171926005,14,106.349801287331,2.69322894635222,10.3030362711483,2.93269804613873
69.2469285233156,2.93414018351085,12.0713092893048,1.24970768321719,24,97.0740035336674,2.39115453983005,6.13266987427628,2.68000382608665
245.251006354775,2.11164093881642,15.4728330642509,2.8391812951738,13,142.41534593173,0.554474269661574,12.344057749308,0.838488279054082
178.896530251829,1.42990532863295,13.9005964323187,1.59125252588677,22,100.527736574159,0.944132816217194,6.90601353756251,0.860216918048422
33.2172095706857,0.723797121258594,2.82861229702182,0.409497506555771,4,29.8105476028964,0.620680446988232,12.3853345215657,0.919121193289892
103.185755175494,1.00011570650069,8.55633625436758,2.66856623219312,2,48.701168406252,0.58415645543896,7.03630923469393,0.751053277078122
23.8363747494145,0.738290616093796,4.16059164033021,0.500076427539294,20,98.8505888233158,2.78522116872356,11.5276867998973,1.83942840890491
105.072309518517,0.471911885547011,3.44432312167272,0.38159068556442,22,51.5143110738461,0.452823182958616,12.6036491261977,0.813752171517901
70.218673778149,0.633836620441903,7.00770052506255,0.551231569889589,29,31.4210646114304,0.795566008113664,4.68921279490331,0.641455223669821
64.4191864819097,2.53673044473561,16.4387506752515,1.69456309482159,6,163.675035994851,1.86940455759469,13.7302220436867,1.16512233954303
135.444364051005,2.78457502063043,10.1485310546602,1.63808654557073,17,71.30131530978,0.952434355158419,7.20415308395728,0.58938779672833
31.5905980712319,0.494180126480903,11.1522644640336,0.810490384392885,14,10.6545288722149,0.524060828957174,3.87911178677179,0.606474708570563
18.1098501093732,0.317420419530019,6.24494762113563,0.554001530913517,2,107.902753539501,2.82416371562854,14.6490406666905,2.11326316776775
46.4437931359198,1.81749614278679,14.0449144105594,2.75153848512816,13,26.6018678308893,0.582578578972698,2.7016631345109,0.372193695934977
200.111664169853,0.87903701247468,4.76472204650441,0.417659757413341,7,46.4941202016329,0.75507224179165,14.5468873293246,0.998804138282529
45.0705338261758,0.492672142654442,7.556784479567,0.655721730662122,12,171.131755053939,1.5314835403707,13.9639401035844,1.42449242543068
255.701645515022,2.36707797979017,15.6839646698896,2.17206565168684,4,8.54911351495697,0.373397449316116,2.78891882187648,0.409500800195051
33.1350019286407,1.43169789648914,10.3794735216313,1.78329021123106,14,66.8655869603588,0.419156618809595,14.682462247324,0.972910043167865
50.8482377789773,1.11724130789287,16.5968201636624,1.76161483481406,8,241.00403340549,1.97268490157925,15.6277691543559,1.29437490017708
27.1766466919687,1.85610905483167,7.59512539945569,2.43349595466559,8,91.7227145129173,2.00509086500076,7.07719681830406,1.78635907007447
13.9891229988407,0.403315437338023,7.424709337622,0.517921439748238,9,42.0845648797842,1.475097408412,5.80948295643503,2.15928309114158
53.5984883332966,2.07634319272299,16.645714185601,2.27395586336867,25,28.1833207254202,1.0116473257597,6.51541739200144,1.71940986024857
126.774417364621,1.93533379294314,15.3358378652873,1.81256810997705,23,13.6888162670326,0.324404152801842,12.7306753962126,0.799802571512732
56.2047174734686,1.08606000601818,14.5950440900125,1.02398053133944,7,40.9624320499328,1.16933014860191,7.45293073829375,2.55244836639025
40.1179112447545,2.72608165085994,6.79214995116555,1.82373406224813,9,47.0992791169844,1.07530043667532,5.87849492464101,1.30803367572559
24.0581386636486,0.523227689049789,6.94994926116087,0.877177867433267,12,8.57018745092631,0.309041298641211,7.67062276728269,0.824670298842595
100.267032463435,1.00679770152214,12.2383878481301,1.69738315033803,19,10.1520947156208,0.383062055633083,6.25962512363611,0.5410913171621
51.2325904343218,1.53974001403454,15.8924604411413,1.57595427710337,14,71.0834433225979,1.63806762428576,12.5550954409431,1.3887471303766
153.757381545712,0.692989584176521,10.4658388254779,0.880077797398444,4,136.389473095453,0.888559871802647,4.40417541860997,0.403200494829726
58.2010255626217,0.943638973990929,8.77707276865334,0.685441054459521,3,24.7364096803087,0.822734383394374,6.61820546244416,0.724661111520533
20.439021510112,0.431889569800198,6.26333640854406,0.527836677824939,26,13.9070033700732,0.359472090546186,13.7469169066917,0.893863881620347
71.0811611271517,0.729950699152652,11.1547875024322,0.695697894428988,25,81.0330605111681,0.504177904489187,12.2731648042788,0.992121273260251
35.9812857280207,0.460328091458955,5.8219365675322,0.917899901554372,6,37.5664743070004,1.14583987078158,8.67982498366657,2.04147083390159
18.5299990180518,2.70512929084083,5.6883483480959,1.54281597556317,29,46.8178762778264,0.764491314950133,3.27037682654628,0.399740090226928
137.693465711222,2.19113569626469,11.1531540289385,1.33177194371254,13,68.5044951231234,1.46721050105709,14.9476958449494,2.19463769971276
35.4688337349862,0.866005089611834,2.09976966816988,0.406431425786178,14,71.4650155067017,0.725206492829418,7.5588164585608,0.817674856294377
22.1516610707112,0.654783941992729,4.78415544562536,0.77061812177877,19,30.0733611348657,0.703135394592176,2.64535398059774,0.399076996356697
21.0715500828112,0.536724779060683,1.67792316859577,0.382642198812581,19,35.6851034655052,0.79459741771654,9.31108564031091,0.685414052903493
32.6829377968558,2.66516785212727,6.3774062931445,2.17697144025221,24,115.369861199862,2.68206670384318,13.7281075254241,1.06055310974391
116.827943939248,0.959543201506166,3.07891372293385,0.458221074252193,2,24.1676710520933,1.25999876250569,5.75323533745709,1.19682857080784
33.5332818270867,0.513628092882071,6.51771242850959,0.467463782372924,2,31.4611187654215,0.408044841609203,11.4047393564888,0.685559583234521
44.6676048105423,2.15567171164902,6.73573559132823,2.4227688078536,5,16.3938045275458,0.533769652671694,2.44173926563774,0.408170312296795
30.6802452626238,2.51737158370029,5.6362479723146,2.78804803294016,30,40.9623664782209,0.494441657340041,6.94890836792768,0.935029575507643
42.7034572332274,0.753508993021151,13.4992976747569,0.827146365116942,17,58.4034929200906,0.527190187281902,4.0030074246322,0.393291970619433
55.4094766498446,2.3126358092667,9.85331413485165,2.49740859015699,14,90.4040462457522,2.43023376591378,13.6816467832042,2.7634066644579
61.6808287573476,2.56355619559812,16.0886411314556,1.5468640053597,4,73.0321231766497,1.77370232351215,10.5579159465601,1.7957025764023
27.9518156614899,1.33651056737674,6.43355035228122,2.01812296993805,13,78.3918951913636,0.854771353026896,3.16981238615014,0.393193820685914
23.9628271659933,1.03969139051955,6.81441520245542,1.2007134019412,29,52.6680037515697,1.51963953376709,10.7224128177297,2.48842302868489
122.141719989267,0.558318174293426,3.58361739250102,0.397838533885512,13,36.721156181327,2.2222875870351,11.9123763547674,2.32003520857733
25.4106764262637,0.758453056322325,5.29668391366259,0.698074664126464,16,43.7655853225084,2.09770412341528,6.80626090003785,2.21707003218564
22.9888114626747,2.77403501433968,5.67628181709865,1.19337767602364,1,28.5691801760449,0.818222597051499,5.59527845563994,0.677528006752482
31.7728399478608,0.994210127275297,6.5675268345104,0.600547061841417,29,104.514638060926,2.74290493148719,6.09728501399175,2.12260758816595
6.94282669141776,0.394188871037067,7.70814940699435,0.936513984428839,1,25.7002534768491,1.97308226196872,7.13537866603108,1.35839990940568
156.584047606986,1.54981231933154,15.2442900936963,2.20754551165253,20,50.8013677549857,0.527516936808249,7.27295401116382,0.665626897862676
34.9712761154473,1.94990580083542,6.50728869671096,2.76047657234334,7,34.5749199289503,1.84332324648278,10.9057462281728,1.97508940023478
229.354623273874,2.49549883531592,16.3794745736796,2.61322584377585,10,25.66957173303,0.796036670759806,2.73174872548706,0.390677055066663
93.6836621669156,0.915638133994837,12.3417515693191,0.839418570306463,7,66.0913929229795,0.790027808251732,10.2234778543381,0.724481507972725
12.5789555461441,0.310707756795489,13.311515570491,0.962727393274991,20,14.6980113306483,0.393135381551079,2.43497342555023,0.35777362749049
29.9640003372203,0.659259103097217,8.62686799898831,0.728213478954706,2,73.4421167960346,1.308926044767,12.9333906634448,1.94890016146375
48.6208945746123,1.23183920029071,10.3153937212623,2.6019997228339,26,85.6985083641887,1.14183286375664,14.7171232658976,2.44585284858535
70.6808832239976,0.961566187161893,1.54262781409606,0.396847897784165,22,11.3397460249281,0.417557438701513,6.38439777962917,0.57840123547901
97.7329463061197,1.03779913367763,10.9262799482441,2.59889101615889,26,52.7390420990063,0.503844662397355,8.20051311997806,0.699159039839722
101.511970313265,2.80083534417222,6.49782002445942,2.65931197022482,26,109.707275854383,0.995236946224338,2.32039459650139,0.375773385786153
24.9676201861253,1.43617176620338,6.20645687699076,2.10739830263361,28,16.6019241641017,0.441791866708342,7.76443688964242,0.836264648571229
43.8146077138462,1.76635992452405,13.9115125725244,2.17750710906779,15,81.1039371007709,0.606015031565481,3.63751778661322,0.400726042743567
113.557141817451,2.8971099462781,7.12168134132971,2.97665084589893,26,40.9889220372884,2.96276056637129,13.7260666139991,2.21979515715449
54.3302929398127,1.68537542517061,10.974514552124,2.37465934925397,27,30.5701545471616,0.720699896142385,5.949144700232,0.589604151573702
45.532451729964,0.853743936949832,9.85662180094178,0.899706773415137,26,28.2247849601491,0.46896707988074,3.52340825705535,0.404364481328212
178.364812822555,1.14538340348852,15.0777172261181,2.77694361867974,23,106.813154718958,0.845224246035086,8.91478461434309,0.779267468992822
33.3438480455928,0.642080971099712,6.58617660056547,0.878261153892601,14,65.3063765455804,1.40025818621028,6.45722659675123,2.1350027687538
28.2549816332324,1.63393643422398,6.47871646642899,1.04895558414458,29,35.7055148402982,2.84445672005798,11.5089926833344,1.41622582501507
30.9009498776504,0.338879624193257,2.16925461177908,0.339590777647939,18,84.8244078547057,0.857745789104043,6.75056930602602,0.920364655552638
8.20755567990057,0.326797569476955,6.80211183943695,0.845407764863444,5,85.8160435753789,0.795151601769475,13.6670903311355,0.957666773987759
44.9142372289582,0.936227077774028,10.128457423059,0.686350080723421,18,49.9079014359342,0.898500206253895,8.1984210083843,0.894892340322412
40.80237309521,2.91164442544617,11.1130881798471,2.63864126089995,11,39.3477944929023,0.754772483284561,2.40884385499914,0.43349603528858
36.1113106190913,2.60213574483159,5.67715667975297,2.15737668438954,14,28.179848748387,0.485087350307056,10.9044209003563,0.988550785518465
163.887250525606,1.01342491261738,16.6800186635017,1.79226978442107,30,44.0104828375293,0.888668559843514,6.46344048481646,0.491984517604456
74.176800467925,0.874680117771516,6.15385437226656,0.930345917979486,18,26.5814001518889,0.771526965168844,6.80876315813952,0.60949752577834
32.9447250660489,0.50369854076527,11.1554437137549,0.77701784819236,5,64.2169563373921,0.817294106980017,6.94941414881049,0.522107999699468
21.7666811545902,0.337884503184107,1.81179272771671,0.326402064688859,21,79.5558436833256,1.19653973203969,16.7558055793186,2.78537767300208
73.9810838468211,1.95584503109982,6.92784932168439,1.92376592853106,10,16.35459836862,0.364854664840033,9.13332009577571,0.915704772031309
7.79727211810544,0.446306330049837,3.41424322383643,0.610929170315881,30,57.6612887671417,0.424821180165229,5.20603123017074,0.450159462433091
200.429921682697,2.10839921492331,11.8049840082539,1.30499322492622,27,135.592127710295,1.26347302647679,11.4557846578358,1.13096491012126
91.8060099872567,1.57135778777615,10.4145530191464,1.50897244841388,26,272.965780240046,2.84882212506735,14.4602013961118,2.95245706756081
32.6709609553439,0.57865843906579,10.9063463470282,0.98309961302901,21,30.6609560614771,0.884934943601185,7.74728472669075,0.969037988652356
29.2928245267663,1.56133358643823,8.70967664460241,2.38187184298457,3,41.0055776779522,1.09158305671202,10.7917426721751,1.21117691633809
133.16686056085,1.10701194158639,13.9602049927636,2.7986139408704,4,221.497755281733,2.16102729551878,15.0459742122671,2.01164024359683
26.6736553954458,2.68601535373894,7.11139947777556,2.00428979006114,23,6.3946768588257,0.358571868424724,3.82349350839012,0.459875563638867
16.9763846639129,0.424261965085282,3.62225606364214,0.436125878468536,5,111.192635117517,0.625843299913084,6.39992660044854,0.465454955056185
10.5844137974493,0.426127772119812,4.42463614252531,0.571233672004454,4,70.88857083135,1.78061319292451,8.98216778421787,1.81078946820017
65.2556504097109,2.01315635758575,12.7118635553029,2.90415427033615,19,7.33794965606062,0.403728959068452,1.74261003999322,0.361960296080956
178.181131809997,2.41936198800753,14.024726859972,2.82039118078824,27,56.2209585070742,0.871895203789198,9.41879118261537,0.836206548223153
77.2300039902823,0.943906654914443,3.87506333102818,0.463351088472719,4,42.5229879879696,1.17845133042121,6.00626404668782,1.6846687647951
107.975706925646,1.20851383703247,9.99299873501013,1.10256185748793,5,35.756331907004,0.804965774482245,10.1398038276513,0.863710187748907
180.843789408637,2.9804189439771,12.7635328363891,1.7191613487985,27,93.7512524715446,1.44374426054662,6.62508123253376,1.47696785984708
31.5800652225658,0.956892253302895,2.3372580855049,0.373970055718131,28,193.797399758392,1.73177145810262,15.8254417426861,2.7617074438825
19.3893206865033,0.683143275653485,1.52841123165086,0.385941284362056,19,13.7468177587031,0.502808681849463,5.39669077222462,0.950676802159707
54.8472603056343,2.15274466446971,14.0064858027564,1.25419388490892,7,46.0011679516566,2.68835277258173,14.4440901810529,1.49536487679736
29.3307598225721,1.65608972746192,7.16330331663488,1.47827112180399,13,42.2079686802846,1.64720787278544,7.4422140633751,2.58087631856025
12.5890118016875,0.359711527776672,5.26647230417116,0.58688812709772,5,97.3171548681416,0.662573276875071,7.58230577709277,0.698208751620303
23.8951801396604,1.7865615396148,7.8132483999682,1.46050973094025,17,34.7236979763824,0.612889002288055,13.9905295377225,0.90459959671686
47.3233542158438,1.74351301155883,13.3700556533275,1.50392107694323,8,53.7540091038068,2.30044362636924,12.546959570535,2.77904070526898
37.5513954970643,2.18886652437,5.58934541404184,1.10004102208144,3,19.1532956877294,0.516107773040784,6.48910738067135,0.87542942427788
46.1551465662385,2.27938733981146,12.4033472998413,1.04185204464631,8,103.07223483968,0.952698888017755,4.71014232102547,0.435712003692269
40.04258904788,2.54608151723956,7.60940606540031,1.58590790714979,28,35.2294509782252,1.13257731103128,7.71246233954482,1.05000133385148
79.8714647905731,0.8782035393869,1.17779447983786,0.300805932210755,30,65.8464908793035,2.40271203307787,14.3906954491452,1.47448688825394
57.697762779964,1.64817628704186,8.38064830318885,2.81009246995793,19,49.5707385340021,1.77430641231472,6.33048009081856,2.22612655918892
61.6559109002354,0.641662563677376,6.0082259546326,0.946684031619745,19,75.6268453133326,2.85119877367029,13.664868384368,2.37734119192771
93.6918435957276,2.41707020215541,6.4008508460515,2.85512850461918,22,50.0097663435478,0.916579213836644,13.1467441527957,0.800962757335932
62.1699099149946,0.46321353601833,13.2812154918685,0.805252288797037,11,49.4995191057258,0.777448814264826,0.902410698571077,0.312947456894074
87.8068021609427,0.630187580458467,6.12276016247819,0.687924359341925,18,19.8715051135823,0.68036931680545,2.57737337506561,0.495640174726103
60.3851670795202,1.51807449982834,13.3223354230218,1.09809300433738,2,79.3047875556977,1.51355007923947,12.5945071975251,1.36126943066987
113.469672596172,0.928148539742737,11.7095773730497,0.907655901217294,23,33.0965204856634,0.779309713159861,3.91230966866431,0.494292681203639
53.7020683206291,0.528497844644255,10.0096050746538,0.625569820942429,2,13.6815562061992,0.411388166054659,5.05740794310699,0.462033657466571
92.5070156928869,1.93113997930049,15.6863680845504,1.89573828868382,16,6.42427137172574,0.325581659996262,3.91552128042663,0.478137077278739
40.0615034542836,2.15084311869028,10.1178316453008,2.67453272189454,9,10.1832585629561,0.378665439193135,3.24912983478529,0.434609382170547
100.182501422551,0.59004658830868,13.9376523950287,0.998851611314904,27,23.4585712487661,2.35735313130428,6.64698709084794,2.63422466269661
93.6139100627653,1.2446836271819,9.51438490865965,1.4911467831005,13,145.903247584846,2.81838378451996,10.5394965617349,1.85525715895161
110.68061035681,1.70282704713635,11.4578230724116,2.30989970258863,11,137.236014330132,1.11870841312713,13.4062568693047,1.6941451061618
76.5109865017529,2.62130071170874,14.8004919617796,2.05300406006563,22,33.4203716923475,0.637712844152172,8.32576590127543,0.977913789683336
6.58192778344795,0.375203616703057,4.20726468757475,0.597690281226698,5,263.669611123293,2.9258771697241,15.0688257154135,2.95347161749622
12.4563203536976,0.483890184300575,1.64210447895029,0.384460263363872,12,98.7000852920969,0.553160256736159,4.25011589672414,0.425253991316728
50.7905549403904,0.98397295583294,4.45655786635215,0.535703039811318,20,18.7365144987,0.732487507171565,5.62082978096144,0.928493233496914
18.3735940845462,0.897856454400154,6.2935102216509,0.968678257455789,15,70.2316461102508,2.98830115001715,9.01837248938771,2.93968099931836
9.65212034748933,0.449450487189154,5.97465300798428,0.714352901918793,12,55.3587503552285,2.20676858621539,13.1383480802596,1.04445522138278
37.34597245458,0.696496521861413,10.4484492321601,0.878077228102338,15,49.8034560739285,0.86441717386065,12.1168328427762,0.912612592738591
127.733104977944,2.33376946443784,14.5764618352345,2.27197440314179,1,106.500892619468,0.876141264392473,2.89244447986704,0.353466203552569
24.7585774942981,1.17372052925574,6.2707327972681,2.07717193179157,19,4.27225140347783,0.313037742101008,4.5611216852801,0.570597126313794
51.6337126338777,1.13020806352233,15.3188951408086,2.70748643136796,7,22.4009290738806,0.842528759319933,3.92444136210726,0.48983294306396
170.681410017071,1.26521708190361,13.7487043555664,2.82872723687581,3,14.0842495294836,0.330368098440713,5.2988308907461,0.645262775374223
74.8834001190266,0.789837869668607,9.64098939824025,0.862864785322116,19,25.1935425853985,0.519193299324674,6.41558306091169,0.468737445683327
76.4416640671216,0.64403236973783,9.1274637021932,0.767709201483027,4,19.9654755944045,1.34463622928631,5.94285104139991,2.9788360914603
35.6396719078289,1.15839872617264,11.20645391678,1.96834784915427,12,99.8862657686546,0.961113880988168,5.76512386058235,0.946028924774392
28.8337848641273,0.486877529938715,7.72065425694039,0.679761688686237,16,189.775790289717,1.71324078704931,15.0444083839046,1.20661815271616
52.4833301821411,2.52200660890487,11.3352443542757,1.05778288264314,24,74.4361144975759,0.580324386938707,2.02662427869688,0.320558740381995
40.8391659123345,0.953939806186213,5.19485139054026,0.980292661709891,28,75.9909704517245,1.78065055099748,14.2921637930497,2.02957201872693
14.6843246856268,0.583753108374883,4.3062222248897,0.566375700819651,8,68.8091061292114,1.95114296847805,7.39194185796219,2.70724974883414
94.3145666951592,0.81535952909541,8.42254342764327,0.542011279754835,13,49.0247436553625,1.63665169012738,8.0865700702837,1.69906174269661
70.1231543355025,2.31403709409982,14.8214896375397,2.76439688613481,8,60.1482338390609,1.07869160539594,9.77786156224287,1.80877247956446
84.8794297905866,2.08753978834726,13.088471724329,2.34636520584761,21,105.887596787417,0.990809695758773,3.12394467305712,0.366870553331054
84.3555982379864,1.19440078014015,8.50835134755757,1.53134535933192,12,108.01701569823,1.39208367099524,12.6555339193457,2.10990224263364
20.8529734267634,1.79854832257135,6.82249577899242,1.55698663353301,12,33.0640540018119,0.728907419929782,10.4748841295259,0.876666085223972
116.968730617607,2.56677008982373,16.2065429330772,2.12365653494673,6,43.1147789984768,2.75850108459701,7.65728761777061,1.74353363396814
54.7854851026518,0.897274826589724,9.2956501285251,0.890233867433751,25,49.0942919436057,0.674152918109587,2.47966351065575,0.351442774223925
28.8071742455462,1.22400645448108,9.01209229440735,1.03513895096837,14,28.0553141437371,0.535163545850583,6.98821893625747,0.808430333303234
206.850034820703,1.43797408201007,12.470165806696,1.56474022816213,4,69.446580062694,0.902453297062943,6.46114821290803,0.577583686121675
56.351057351797,1.77980162419418,8.69955236331651,1.05624890303545,22,43.469044290169,0.897346027486971,10.3565885401285,0.622885634285145
200.517701994338,2.79677949066309,16.3978135927382,2.76549956217506,30,70.4360642408811,2.28235504839406,7.66236250847747,1.17701772429748
61.2076671156045,1.36015166671349,10.2425390343986,2.68799263315429,7,38.876748335563,1.49756867820408,7.82484293916366,1.46830784571133
6.80609882557607,0.311967301244095,10.3029144982576,0.824025010311667,1,18.6442014611558,0.465210466337213,7.94536950289329,0.817219673047575
53.3320383527806,2.15348537338218,7.93226606473039,1.55700582923246,6,25.2689210817787,2.86008056632945,5.75754137901078,2.67419506275364
33.2210242209432,1.56008688249243,7.02883527127271,1.97506152541256,11,20.57911433458,1.73334449994342,6.64619803630123,1.75011462144696
15.7883606881264,0.430215145163656,5.41125919454615,0.584897879271135,26,53.4648328792291,0.927215349183312,4.4550722987549,0.553149680062377
108.996994530424,0.997267699355568,6.75323288455462,0.828672337764771,2,38.2817154710071,0.988082824453746,7.86136710672367,0.694216936182922
76.1537382955021,1.4395027517097,13.0055930886348,1.98648579662422,26,21.1484904088736,0.690842229405068,5.29121917899513,0.723939755342272
25.0220884335591,1.61520745232366,7.0437317604016,2.08966646266518,3,50.8461638404386,0.941320519770121,1.45271120580072,0.347639363833919
18.0162621307341,0.52106840166232,1.14198099244009,0.315210008233328,2,32.3489990774603,0.979564477405456,4.21137868333437,0.574919551818928
43.8933507739258,0.470128671701084,12.4460829554498,0.842479885709218,23,133.753065286522,0.963805978636408,12.3090426347825,0.745634307320251
91.6746879738903,0.559188815116285,4.20419043479185,0.492322872324866,21,36.677741682945,2.35493908867253,6.89893063625873,1.92108561611872
22.5241565572415,0.802027739164936,1.84573819799474,0.360390023510148,4,35.5253304482709,1.6590735853411,9.23613562390495,1.46028286610004
77.4821324407281,2.3277934789188,8.08878372736865,1.31690859000965,1,5.04205007057119,0.328457113857047,8.22223105288787,0.724353997758405
19.8959889652469,0.656187908428641,7.38936506793037,0.945896389195414,26,40.2107058982318,1.89974859544826,11.7028916844632,1.19395294488553
46.6215825954456,0.895814202891694,0.918766582544163,0.311449741847128,24,212.578828166276,1.78692522643869,14.7008501572603,1.13443152390906
26.6623080844839,1.34789758388039,5.841531919566,2.49037312209518,18,61.8957845493154,0.927511649283282,6.19717165452367,0.889724146949428
36.1399358511933,0.451451589089053,11.3364187079423,0.710775746970249,20,78.7378888975418,1.90901773419475,11.7421426410902,1.57000034181108
128.012287875958,0.719979305090415,4.92499998799132,0.430503959335912,2,20.3173861283216,0.354197470566461,11.0530018643734,0.887604796777544
166.691046979948,2.88559540123536,14.2361622977968,2.42111718859101,10,50.7169854458767,1.23409442368546,15.9882354176482,2.06025955262507
63.8208045548051,2.95500575444173,12.128339929341,2.16651776727977,11,134.15441155521,0.627524864697816,2.52773562115895,0.343704142612463
12.6176151378122,0.384251100876646,3.36540432432407,0.533920553529715,14,133.483452949547,2.0041726980618,10.5010365251314,2.27825596847115
39.3227281958475,0.720218655976384,2.3774017795592,0.342556143132656,1,3.35014030661024,0.306296920018264,8.18285937642255,0.794360380026138
62.2886440502915,2.51425591714942,9.14831283402262,1.9453813603542,15,13.1476061670985,0.395790269666577,7.44664049108181,0.679928071727674
27.8501087730173,0.474387588823501,12.7801676697654,0.896346459905898,30,49.7905464941983,0.528755494439707,14.2646828198468,0.967233047868387
48.4440694414561,2.93305094461157,7.60936596711813,1.82379006677017,10,12.523897599523,0.343765212400169,1.01209967961956,0.321887869431494
26.3948941517551,0.674501603111297,5.35227536778429,0.831063523897495,21,63.0720508912658,1.77849917507104,8.38127053557966,2.33451887976191
80.1590284993608,1.5435732757551,6.9651734018263,2.41911237850875,12,38.3442849989128,0.44660234024765,11.5833195538811,0.767024622934474
48.3025860802881,0.788409440657118,14.2161609141249,0.930406060457336,7,74.3417959735572,1.69654268079132,8.2869629798572,1.58716880807133
67.8055257744052,0.927266356386326,6.45647166259824,0.693036526732798,11,60.9459151508555,2.89398539496933,11.111712189255,2.15480098473058
91.7193542458339,0.971838579251626,12.0036303974616,0.917574976555204,30,92.7561523694921,1.85849315743921,14.1951566644446,1.66661356808469
11.3818894278501,0.421823204633524,6.3634139817947,0.570148689463324,24,35.5213827098056,1.90568168642819,6.0478876471246,2.65903149665231
33.9792826728321,0.668862595858248,7.33113529403066,0.722239068253759,2,5.91277998674038,0.399076826777701,0.683124997111784,0.311742322671849
8.90688868038228,0.338954503171969,10.4243879390288,0.669336980852311,9,90.862303255728,0.663680027803836,0.917169585908805,0.312618281102147
32.4733357187106,0.815035778781005,1.08812314931657,0.333355208321271,5,78.2927524737897,0.889499770481155,7.38154319552976,0.696988960201162
46.0043637036495,1.10033149174693,11.9411521644781,2.28770230622076,12,60.553081792721,2.72615157655917,6.00308590688308,2.77278122102182
11.9772383366846,0.400523556836114,1.32542012290031,0.311888062452218,17,59.9134462490953,0.944893284661299,6.93920941596215,0.506198763051852
73.143786235761,2.52075263019134,12.1190178399043,1.44918216484654,25,18.2323449798204,1.0628751874411,6.44337849077053,2.50920958098931
32.8767554297732,1.43851492026442,10.189769067471,2.190082281861,26,82.6905886858074,0.976719217136753,9.63743515343585,0.72800951822676
33.3743249425779,0.812588512988222,9.36182356472787,0.703782166236445,29,43.9532754921504,0.89998578369131,5.32402472300526,0.78351995606092
68.0523172256605,0.978130783330752,7.7523925489653,0.69917097782522,19,55.7604658202294,0.90450057570631,7.23134338802535,0.941468296663713
34.4578429157951,0.720753512700392,10.0212032028239,0.666603277226875,2,14.4818158669378,0.798357672086996,2.75390601954414,0.523527442022461
23.2065057700936,1.47794725033315,7.13228444801268,2.70325175214748,18,63.1597704037205,0.563492496291058,5.00764779424968,0.42067051876596
81.2448204294476,1.73335332567737,11.4024806861527,1.08622745743926,22,144.550795325922,2.48884364097546,13.2064029325592,2.4848599182493
42.7522969250652,0.780733318378698,7.54711104238171,0.659588381724244,27,45.2021401274501,1.54721238781388,8.85309556565898,2.71199158882072
26.2785018076247,0.73462266749419,5.80188235817438,0.764453044692497,25,11.308314817297,0.492920027873541,5.24306417380169,0.86677590922885
30.5433307439666,1.16368769269662,7.16937195940234,1.54861637242284,11,56.911279605983,0.917458361476791,6.95119443348602,0.501414252393335
9.87109433343517,0.355852975966361,5.71413612525648,0.510931307447536,3,6.40952645854526,0.408854845812641,5.87610801538762,0.841450122973947
19.3295864846642,1.98728618998242,5.96495010237202,2.73360898058985,30,66.1631182202604,2.91186166798294,16.8761713052039,2.63337815693788
25.8741957755195,1.12454574714968,8.15906223961728,1.58850072778998,24,67.5952536384219,1.83158375010684,15.7265749597028,1.31880656269727
85.8452872036383,2.94345308134296,15.6672170876769,2.23884969349361,2,41.4048530501905,0.926460073429373,9.51250231727624,0.638501043832084
38.7984986509837,0.912853518709341,1.21185762844409,0.346024014045527,14,75.7649073893582,1.32446366076573,11.6642597515721,1.96758444013106
52.3303036424142,1.7586908098445,8.54053808548546,1.01526825271035,20,90.1035882525871,2.73647684452297,7.28895937791588,2.11465009670729
18.2525551607507,0.453294821511649,9.03305952135324,0.61906050041697,19,47.7701660817393,0.690517189079199,12.1987261720612,0.763753794074813
118.490385318438,1.51551203858143,11.4046394817614,1.03522063464657,16,157.418543075446,1.53461567849251,16.0671701161466,1.84578815107466
115.548785154174,2.26117264400894,10.7455644955978,2.67057261155456,1,34.0290842239321,0.414490421402422,1.95026277176317,0.346872845429881
34.9408702115409,1.17915047577056,8.67652994930013,2.16634503047095,20,26.3754299085266,0.316886426493376,13.0623655154082,0.985983905031612
50.4254153300431,2.60565688147549,15.8400142241403,1.68370853194351,10,100.492917893711,0.690648011547493,2.31162774894497,0.365640667670379
106.049869832752,2.7547062810084,6.75591610231475,1.74435084585729,8,253.085739258863,1.75337987395318,15.1347639878541,1.7459377326835
58.6469442126576,0.964346202541923,4.73301029605215,0.611002839819693,11,25.1086423216355,0.499225830236188,4.75961060825291,0.487197798064752
23.8152867829217,0.420122679044208,2.01102366713526,0.424228836507918,18,13.5618548191145,0.4807786887854,8.39079838681568,0.911257974560894
38.0919842905307,0.82265423402621,11.563447341656,0.891677421066708,19,32.1826607060753,0.745917204420058,6.62206053671802,0.600248811075575
21.3214317838309,0.501844825470878,6.43984248289336,0.502986685910169,1,56.1791572915863,0.512090193102651,3.8497695687948,0.383138903084698
42.6312617727445,2.56075784921892,11.9106419918591,2.95229970621019,20,20.8987514552307,2.31124690948232,6.64909440139984,1.9589473106118
29.2686322893331,0.608727715637823,8.3635954245218,0.737023552275959,20,154.197793776688,0.635766708305568,12.6136635063683,0.95090239399398
80.2287209384775,0.667925140947809,8.63812979040955,0.60226853687131,8,53.2968049690734,1.99819603249586,9.07078964515651,2.85478269917012
54.8854354326055,1.56047876783984,8.16329792477799,2.88842349181382,9,45.5570533267003,0.946422111272038,13.9179216885511,0.888364499400774
49.4858968366179,0.92511999509152,12.0388504369315,0.778963339047282,3,33.070249962583,1.02472064727583,6.86735000254796,1.97782055681499
108.8323278294,0.887474870577136,4.16915437485086,0.473211504360605,27,59.7907228469786,0.478620608341932,11.4874591422332,0.720121017381381
62.9862864223994,2.59820954392291,14.4533764683593,1.96294439455619,6,24.9843431129611,0.944158075132355,1.05886263937411,0.343378314158429
109.696486773266,1.60024393626125,7.29746812222828,2.66990700787953,27,49.5037891824111,2.07353617659005,14.3911176330269,1.34293244617232
27.3249207316099,0.51099994022335,9.81011842521041,0.771209413280128,18,66.2707373415311,0.740202639200327,7.84846496450656,0.986860868930321
44.2356689455466,0.947639895727441,2.79156407782691,0.358136898487623,22,24.2107264403395,0.734831545485165,6.95474834654544,0.884216109448203
6.64549869882778,0.387036922058543,6.4009386118442,0.757790911144128,23,193.085019633448,0.952927975666435,9.51272243369129,0.719732667851148
40.6878483147238,0.739259769021624,5.75548032766771,0.622661214222757,13,161.185039474825,2.34427727691446,11.2674361455424,2.67424705289219
40.1744697791427,1.80897317502442,5.86153531737111,1.36244916067437,29,53.3047953059735,2.58111856207228,9.64906002873512,2.67171258396425
56.0024394490696,2.14400544258157,16.034413448012,2.39421041020657,30,36.4495268966962,0.922635762207778,5.61627219274712,0.563507541619865
48.9656842915475,0.886694790756411,9.57467852200892,0.777281601359516,5,134.48511370842,1.60139851772137,8.75336856615698,1.29365893458067
18.5165370653628,0.559758146353422,3.02800586601844,0.397823462120598,6,30.6947718837985,0.601810669688841,7.34876140531225,0.895992417064494
18.8160310625862,1.36982332738636,6.29109299324619,1.95801239100388,6,39.4363681365695,1.51005501127432,6.02724737144294,2.89905255111131
91.1648649022092,2.93013911690378,10.0171098079661,1.2033268067459,9,97.291973634741,2.76720532765643,15.0420821466343,1.02563603875436
81.3125032130823,2.25743956760194,16.1806089380218,1.70593711556018,26,27.9293384620293,0.837917944845222,6.28407483317945,0.72880214582096
48.7399918560187,0.910312610797539,5.58385288090545,0.473196660059112,6,56.5963488908349,2.70946257123966,16.7018639052528,2.01426089659808
67.0937477119266,2.09170269032453,12.3417743283405,1.78828865437341,27,40.6303417481773,1.73579451854254,10.7137444426023,1.33546659891293
54.2454790352447,1.57224908231912,14.3895029891537,2.72658154370226,20,89.9571951982286,2.50203638658118,6.23321904581786,1.32770228128177
111.524811161372,1.19650801290057,6.26875102643418,2.58112693925982,5,210.100820757675,2.33601683646294,13.1851203301484,2.38926196768067
41.023569249573,0.816955882955267,1.65353033471107,0.326563528488507,17,87.2991751855585,0.777844646120622,6.21551307420485,0.706692619125652
40.6265341192204,0.795607126305192,2.13488547097335,0.379429265569573,14,94.6775518222335,0.675171357500997,8.46296828324111,0.69188841005332
67.7865698833089,1.26132923060907,13.918162878459,1.73296050898031,5,19.2541780557249,0.433059334928257,3.5479688591856,0.418185582049522
62.417973814448,0.686856183259217,1.43653054483118,0.33875919424977,30,5.60745668933354,0.395804071883216,4.34765406033522,0.690823827578097
70.9534932189032,0.484552438485158,1.99263409078513,0.373528921147959,28,67.5536154380036,1.04359843681874,7.76206046702544,2.16053978316708
46.5344907185802,1.52456231811529,12.8082754953385,1.94782420610861,2,108.647614888591,1.62080870284254,13.4249702788397,1.5011328690506
56.028727456068,0.461086239654753,9.26274350086595,0.834893518877043,10,29.6720692751698,0.786126869436941,8.16885093783784,0.706767882300239
131.895690786015,1.67062616888196,7.40101620549698,1.95007426341123,21,56.1836117771195,0.671758138667653,5.39043265102133,0.440370370020629
17.4827475244278,0.386894942664406,5.54965473602756,0.635249198496786,7,45.7385888526,1.43149803097095,10.3652348357518,2.85590425642327
50.8816088228809,2.62876187368526,15.4945734885978,2.51924095879307,21,27.6297693949772,2.5781534152963,7.3348223084883,1.150928491998
23.2740274381363,0.363783255139493,9.56132947925762,0.658000652893209,10,68.545447072521,0.506152715758458,11.2469210126598,0.94571093928668
78.7877105612025,0.870672760983628,3.65572191021869,0.507730392023497,3,96.191513876329,2.2977460183361,12.5597399182893,1.52561224424939
90.0332656047552,2.76705272617986,15.5151359151808,2.49890152756759,18,43.578806905742,0.70411718165871,6.1324871348324,0.515808828729682
34.5382050920749,2.83746560688191,6.8710254700305,2.16483379305003,16,27.5906992372538,2.6260185927746,7.6772330870488,1.16062167131746
20.8679020565069,0.501518231794162,6.43546325061629,0.659813922240593,18,10.0721618209987,0.510617928664762,4.56123649283586,0.733303303710234
186.473593761997,0.84853975704505,7.93850031887687,0.594387605858213,11,45.1001467310415,0.78209021799942,2.53302993876772,0.361671036343445
21.0836952619518,0.531045648851868,9.26586151200339,0.953879499587211,19,55.9515864107782,1.23595316607517,16.5155855243775,2.54557160062531
22.257669672339,0.656988876239735,5.10483726729375,0.711944258474117,20,69.4565366538812,0.494768374444292,9.54847953266338,0.614208207233665
54.0663596898404,2.42076147162115,15.8616231783451,1.74772987104124,7,107.753180806462,1.0380039184759,11.6510748592681,1.47592422816251
68.3786468254413,0.662768017462449,4.11636426761469,0.552837508779037,29,66.2630278262908,2.41465380699619,14.6710579085004,2.48065461748603
24.3122443153278,0.496293475023688,4.76836739212125,0.612046962024759,25,32.1814142198871,1.84733458569148,10.365127424456,1.49772695388649
24.5214069374438,1.99529188314165,7.97071578193468,2.91922774163411,17,49.6464805696364,1.02261806571232,10.6467184885049,1.29015750662991
105.780089396269,1.95738072849445,10.8325951932812,2.51726798944761,4,224.37401647087,1.35668190574655,15.9916484498455,2.80887016057982
66.5310093190878,1.55093302432796,8.51742624511623,2.30604344066688,15,174.270004135349,2.70474173565109,13.0825971593933,1.9746521933852
82.2030321849424,0.915494518176714,9.19628742574388,0.97530351135742,3,55.5451528218491,1.10418007775247,16.4984203557729,1.46219025111887
20.1137569291131,2.92957004619096,5.75983557826416,2.52014485546075,11,13.7543707990219,0.36692932336864,4.65569291024822,0.423305150295862
22.0137667262972,0.570197777201282,2.73940260493376,0.434392647669981,5,205.933746727866,2.20486805590241,12.6494716861014,2.57693131924602
31.6286823276773,1.03150891677672,8.63055553632751,1.62232950173091,22,67.2408441706772,2.26113028404435,11.5536169201153,2.73449001514843
54.9546389773189,2.47906141433733,11.6932157689857,2.04553502285751,18,26.231837777923,0.65439785871947,3.73266757265317,0.646649173893969
49.7206106280431,2.09487077758722,9.28552618985869,2.61668407990294,30,58.5788938666678,1.11826186410644,5.98251200303776,2.35148366940443
85.4346136564054,2.01603402170053,6.8487622976514,1.23509415372702,25,62.0161180861189,1.3409174266893,14.2164542424745,2.05175807182701
129.651297373899,1.08476094130607,8.53851024088051,1.53653507880397,25,82.1364143329813,2.92821225541502,12.9390244274147,1.55036956255177
45.394910436988,0.627467253834467,5.17302416055845,0.435129260716641,20,83.756140068878,0.749905287203878,0.949325736878907,0.306889078844353
67.7425621192926,1.70984284205671,15.4952144343011,1.61497282746321,3,14.6327722047248,0.709190930656985,5.13694481269445,0.806614422326717
70.6137977003285,2.13827686553774,11.89503406663,1.05141853426655,2,28.5551839679068,0.587923439284934,1.26327485011581,0.302543545996911
72.4312912656372,0.53354965031687,7.17709818243967,0.520300046474294,12,17.8789938769506,0.587535593864125,5.01530093613941,0.67138567904033
46.0159101961221,1.40387584193311,13.5097577392443,1.74300739344532,16,26.9635255010818,0.308897772681514,1.42514065710023,0.300014343688188
6.76480688537025,0.311292830990533,4.18431114162832,0.476862259470514,21,61.4315416225976,0.81938686899992,8.27096157668391,0.68090343817544
97.0708758011375,1.64812677409318,16.2979736411142,2.86251968430731,2,39.2363184874106,0.692099419139383,8.89444129026587,0.976727461857488
52.7301466155947,1.34057081109992,8.09431577063378,1.94211418478147,4,73.0078230074749,0.852249164300709,11.0436256635483,0.719993879871994
75.762037197369,0.50735106080735,8.52189725318308,0.539305799469969,9,34.0633284207737,2.32496316559849,10.918642042181,1.36173914832554
21.5306050138078,0.580811410042187,9.457420479839,0.778760806808535,16,144.584082400041,1.3327649062119,16.4610288287506,1.87110300798696
70.2425605290058,2.28047289398238,6.1405935228538,2.08715506746292,5,144.56048990172,1.65974558028353,14.8140083233962,2.73735573051785
37.3054875435651,1.96993688828249,9.64926402517494,2.66430386538777,8,41.7516138818913,2.39073533680462,7.27026999115826,1.08492770017101
25.5461275774972,0.520607552670881,7.96689832286159,0.538096815338815,22,105.952608890779,1.55663643878917,10.5219391552211,2.19292231123821
96.9426258587134,2.58709908150476,9.62955430759514,1.36593976831299,21,30.4202190305482,1.83342684670833,6.08540904077068,2.80864689784294
35.5662998353544,0.489734835740497,5.92959159579671,0.641101315562085,21,78.0770012557602,1.54293083907835,11.8621067042593,2.43937291785935
35.3863048644983,2.61107942201746,9.38641270818827,1.5124608828969,14,23.9249732906767,0.914536420791064,5.82665307940584,0.85593445542186
29.0281276224872,0.368945442271165,3.45298246866065,0.409540829132435,28,22.0528767151801,0.666720581772597,3.80120511048223,0.490618470494853
80.3276728020358,2.05966906760618,6.42055422109555,2.91420563736364,25,162.751585612714,1.94215847027993,13.6517567306664,2.67321000161573
33.9204844803812,1.83934097018103,7.71716117761126,2.6387042460657,24,35.0805316726198,0.814921107512221,3.34179692538573,0.388980970476349
37.166502040866,1.59259524633412,11.0759630716011,1.42397481165453,14,9.48345039481501,0.385621425673908,9.55200708490166,0.975849970409555
109.872206850805,0.98003677033309,11.0887445988273,0.686301879228276,25,99.476940494677,2.81884503130964,12.2120406386864,1.06277654816505
59.4927840878654,0.886668735393231,6.1113104605008,0.468408418093672,20,4.86507486923289,0.309009679670447,4.88800034364537,0.680448484290179
63.5747290761069,0.420528128398166,5.78422181876663,0.447836954246219,2,22.135251811413,0.456387644286914,11.3480286166463,0.895117574166047
63.2357126926046,0.861624084901838,5.60584346560537,0.452463972745231,20,17.3633258712301,0.642588300155766,4.88018814121069,0.913997171512114
159.982636644477,1.16626042550379,15.323882970429,2.66355050201839,28,89.5378645374732,1.95148083369187,10.509686122586,2.41440284475463
42.5726252587841,1.96424989012696,7.3622368072733,2.08706890811373,10,16.3448849602723,0.388372963183969,12.6716111168852,0.939578712076179
52.1610504680339,0.820387021216259,11.8947686326825,0.80384836437129,6,48.4533437143743,1.93566507767324,15.3985660974492,2.0687386248529
93.0015467519659,2.01925372771334,15.871780272851,2.5365596677692,19,14.6544073662636,0.639073070067224,2.03139955626366,0.399639540351183
20.7080959032675,0.910827583288799,4.21778517393121,0.681956498722895,2,52.1878066923324,0.727996789711181,3.0716089147614,0.440837732374409
19.5666849059374,0.430236171488798,6.8167389448089,0.705317340596824,28,40.770690813977,0.402788804674932,9.78096215073683,0.638365476602043
38.0482407204405,0.532003655872592,10.3031188120486,0.688197255663879,8,175.482050516022,2.32700577546722,15.0209456073792,1.94033654907171
38.6575017305406,2.81055167669826,12.5099644009071,2.09657204688618,7,193.518082323641,1.86691005388086,15.616853575949,1.25170566299696
190.755349976729,1.29510308107348,16.4245339645659,1.83291164508566,21,79.3634782575404,1.26287892277174,7.00234041261191,1.90490477500724
174.580591501093,1.10879835954076,10.8761367351624,1.90941585973212,18,26.1479256562878,0.508823360663379,11.1019133609444,0.687584840782672
139.330956703732,2.92201342561168,10.09451218412,1.00988694550291,29,47.4409016335011,2.95297198654006,8.89074741152047,1.48890799859138
24.4290868636441,1.53450787596794,7.15241660725429,2.54781020888507,20,53.7836219978281,0.604240477980558,4.30446487264231,0.575798083832442
54.7846749987464,2.91843193988267,13.291650261704,2.55929560946493,8,212.988445320832,0.999545069623593,13.4990595940822,0.879865425367133
65.1394184916453,2.6283273155869,14.0511119323254,2.21168684943229,26,53.5645866382935,1.52267515570227,11.5479237450105,2.3696802433885
111.247939879702,0.615505951675756,4.45677456491864,0.499012827947902,2,41.0688514405429,1.57932719053342,9.51427425179989,1.83743696797548
85.2851966708764,2.95058844351231,15.6082085392729,1.39413007411064,8,65.7757605763574,0.791866308219871,11.0612732401482,0.886514396299941
55.2962171672354,0.845027900595879,4.03645857233655,0.423713803732129,29,41.1944758438166,0.833965150323182,9.4982616934333,0.697827938057246
41.2295654108074,0.596113964683972,13.7567640460875,0.925266997651224,8,53.8091714435382,1.63215871810612,11.0473198884923,2.37250304562137
70.3697311909997,0.782578327855979,5.89824759266201,0.649982935871432,8,21.0029739848677,0.698329648918981,6.17902123257025,0.781253843181707
150.288855514786,0.923107117900462,10.4370927538296,0.974714769214235,15,10.7655337138024,0.414796397621557,3.2751227170249,0.50944020379072
24.9750802861646,2.03277274361237,8.12587990365373,2.11037771926259,6,54.9574357171707,1.09744754080472,12.5877487049174,1.95574728308593
30.9994271139773,1.51330504546013,10.0723772382834,2.2581581013292,14,76.8630003035935,2.50883565706941,12.3529555307231,1.83920177283876
7.23111227591275,0.367228918185282,0.764100028825511,0.302074608225542,10,39.2586878631177,2.53824802761377,11.6413637340698,1.81904597203975
18.5242535956399,0.358469018103071,10.4134318379305,0.744751901025981,12,37.4846491506995,0.706149540617967,10.2777021787592,0.785720790644977
53.6728162092573,2.95013841362233,14.6190572335368,2.96286004405454,15,118.348495377954,2.55999179398291,13.5165293501139,2.91065550415707
56.3888415992321,2.52499484767136,8.84843849688166,1.86366329524979,8,34.8045562875584,0.950232385815904,10.3911515738099,0.938547535594989
51.2045098644075,0.791551482923473,6.32833467927091,0.668464397194975,5,81.4754473312828,0.636281140063542,4.35584806226164,0.422507158763884
278.903795003525,1.92414957915417,15.3815034989634,1.41561287773318,4,45.859347606049,0.792200421126433,5.46216032455491,0.736260381132722
26.0119347509631,1.65494130167107,5.69758147712066,2.9758768734626,30,35.7083173082551,2.66659401129531,10.3161499903865,1.92800109091081
24.3381920719531,0.539809108201007,4.06544645505491,0.533560716478129,30,88.7465187358472,2.87502817426183,11.0013149526426,2.07510677000647
96.6569340137284,2.54090438015513,8.95201842212418,1.63086577490238,9,140.868209843974,2.15171384288679,14.1551007580659,1.95345116092223
23.4060009202842,0.424644973655852,3.69313354396144,0.428719032671483,9,61.0626258124494,1.51744510633028,11.3835632307727,1.40670104784251
33.9105097282881,1.53276696337692,7.69001829463338,1.62366354871538,21,28.7726990396997,0.422285329057691,14.1385846495013,0.937492614611507
53.0543097832379,2.41998884133402,9.87023359827415,1.19934442617577,12,75.6500510845449,0.62789418627758,2.08731271742475,0.421319023449789
51.3299152252497,2.50200317376606,10.978375758321,1.45310860004314,12,25.807847587545,0.690001692037113,6.17473188558563,0.593383613301082
40.2181404912014,0.629917976633116,10.3684329825281,0.824152074137235,1,37.4940410559367,1.09818170234544,13.0198399862333,2.99416724407641
5.48986035166469,0.371739472355152,4.60372910842468,0.66550856817514,11,95.9341284515637,1.31753935914178,8.98676811399525,2.7592073925246
61.8003180441613,2.95265895708555,6.34322138904192,1.05670388832316,20,40.2097744819868,0.7225162830179,10.6269405320727,0.848168216782311
12.4807097527237,0.346501968086771,1.65911566984017,0.342320960312265,25,56.6881019300083,0.778237555602966,10.4870851156986,0.953048658369347
36.203587456501,2.05969058761376,6.59188388735202,2.28480771000975,23,18.9856732985359,0.611948165281827,6.86494511002969,0.726038253534029
68.9879373294822,0.736502793545713,5.1622487498087,0.709339785383656,11,200.648738933225,2.94209031608784,15.2631052522488,1.70267519420224
193.577963210793,2.69266806752728,16.7745032584257,2.43960801610721,21,60.0909805823121,2.07284200335013,14.5313349970372,1.72685796175026
50.0530181492071,1.79608860638498,13.1385234832225,1.84149202747891,24,41.0164507063251,0.9690631937288,3.95887289423113,0.443405161512419
16.8243134434473,0.304131968410135,11.9493812297436,0.842870978030787,1,50.610081412488,2.60426343753738,8.34273820220221,2.82751038687261
38.0437971340757,0.819831983691178,4.47277765450903,0.475731256531311,14,22.3738800897068,0.469465907214054,7.78207887448397,0.540139252124912
57.7543305996158,1.57172615007718,10.2852945123696,1.44517787903383,25,275.045049269294,2.39465485441252,16.0247395623813,2.87994549789207
23.7787152172009,0.505071462342259,9.11791857283801,0.678306835890947,22,16.6649473142999,0.364119462357126,1.13516607539601,0.317045686544803
129.277280208408,0.94385566132104,7.21844037518112,0.55098730635701,12,56.2699362686145,2.46303955692308,15.3360953662235,2.6820079940989
16.8677528445683,0.566376921801671,1.69620363522058,0.383710520341423,1,52.4263914636491,0.799847002787726,3.78442843349887,0.55766455904048
61.8008938998208,2.97881010580387,11.8187375383757,1.18194967498123,3,50.4038095286851,2.50075246433456,7.26892307373183,2.4174008205742
48.5824926554425,2.77352038918167,13.0791522698881,2.73549669048873,12,112.073202319969,2.98151015683497,6.81459559538118,1.36974918569584
48.5575308173173,2.89717243859804,8.20978567745076,1.42823125100787,1,104.679907043041,0.539131690034346,13.4370986539133,0.968264317989257
63.7803999313905,2.42111538073787,15.8384783501182,2.84062223813718,2,56.0298971061288,0.829225829110433,7.5276005763256,0.569609327203129
128.247912900087,0.676830659926969,2.15440458638854,0.326400010331422,22,31.4635959568405,0.527181281032097,10.0376504451733,0.694063816091314
195.514082216453,0.86930912784483,2.38653175539247,0.335333550140593,21,135.965174932906,2.27012836135789,8.19651902116394,2.85903916402207
15.6119132324822,0.51883265876277,4.63038374178798,0.646821157767544,25,17.9826788955185,0.464843506140333,9.13318582307156,0.906463897509935
15.162143874426,0.412256569887888,10.7985534962737,0.942784964816757,29,116.346861802126,0.481917974310341,6.19932548467699,0.468424502396382
5.49540576576644,0.323732005937926,7.51598898474852,0.837681951395415,1,36.2547946004511,1.24680980424104,9.91063044887395,1.83386327213691
65.3409962515608,2.26685054302296,15.959008974707,2.82838542309961,15,59.2594216635994,2.78426114732045,13.7637616053071,1.89297262326262
41.0623808605047,0.736798045343519,2.33605223682708,0.369352307911018,3,21.6940532877923,0.743539496345456,7.82378473846628,0.901939239246785
46.9310162230717,0.778937347608779,10.1154436977321,0.688654998642795,4,120.388123894062,1.14275271215409,7.65143952197632,1.39503651030461
61.1919449840809,2.38483056005446,10.8426776489945,2.10754739460177,10,76.9538665855829,1.75756323991932,10.2970025241589,1.20527448423358
26.3599234897044,0.640580917124519,7.59040363366981,0.626185135694639,22,38.3033949762889,2.40664290566246,5.6929255091912,2.10855301965032
38.287248091217,0.658566311238548,5.46378568728387,0.884504841822612,1,71.7986969559429,0.844920291956764,4.02221440089212,0.550423801191069
98.1921836821176,1.17981264602884,14.4183550881702,1.74807765689505,4,92.6332515981307,1.89857705309975,15.2336526964797,2.63384629656064
118.758579327432,1.23129998495593,9.07436915300468,1.13365189783171,27,21.7013850801031,2.22088172232204,6.76429803328965,2.25777786716447
56.327140947632,0.639104660818269,9.09740542512501,0.82175530552305,2,106.632940866581,0.58782928559922,5.03099281366839,0.464286468750066
54.4727373867924,1.66605224316895,9.99150485305766,2.72171142577136,28,48.4543788900506,0.704087160434114,11.500729135365,0.786992281929851
62.3008968888427,1.99869560069099,13.80015603373,1.8760415473423,7,20.5903242697029,0.482638565252057,10.3007158864102,0.700774141232078
33.39649700695,0.659108251338479,0.582013798615589,0.304900244552224,18,16.3964820294996,0.786548242868993,3.71430840734077,0.604844546015004
16.8054576913584,0.609990067921932,3.74128993214307,0.582111673261119,1,29.55023226075,2.35833547275764,6.69409524427583,1.10663461832098
64.6282561736502,1.53706198736387,9.34524466861801,2.54157293618535,5,19.9232780954665,0.982785440622966,5.69047916707842,0.806241262158061
98.7645396280098,0.976946401024385,12.9464633533283,0.844959297279416,7,80.5553776128192,0.944638331678799,11.5451187620743,0.942877288725743
33.9635064632972,0.866252451730696,3.98183349169941,0.522780426491466,7,31.2255024227835,0.908361558736564,7.4212929122111,0.984135810187965
49.2421660240069,2.07583302183579,11.4218595907963,1.48099458698389,9,32.8587182296794,2.51471964227047,9.07157027795525,2.695094204091
72.1276958086797,0.592195658365366,4.25186585828954,0.392142581446262,15,22.2118739488826,0.58374015704958,5.12997602031429,0.862302535352872
14.3332687951754,0.387101550929908,10.3231745562263,0.75745975561803,1,68.1983473271667,2.19597802894511,9.10734885125258,1.87535161938299
118.897469579088,1.25860111190883,11.7081452056781,1.7459129411264,10,53.3203778717267,2.1891376527467,8.34102501313454,2.28279887274731
41.1804544442901,2.59960965019375,6.33941269317295,1.51888774312463,29,19.7250035783231,0.966635668191419,0.700160695045574,0.306137475439188
120.649294945981,0.780631111728059,9.57142431521302,0.624528136296773,25,67.5562887902315,0.934473345093252,9.33140386222862,0.812633652398367
37.6100727483615,1.15875963869533,7.66124142362538,2.4568717782308,26,6.36520660864724,0.348473703563317,2.31989519615476,0.403429826933189
33.2789785873174,0.973782072255093,5.32431141200438,0.550373930683563,2,44.168352820583,1.81476844084734,6.03831627722017,1.03951687392638
23.5594266795911,0.649758448148748,3.25891784712071,0.458372126785059,11,28.110616721444,0.348674278864073,8.35635187461517,0.556630464644871
24.6163686574279,2.76260210812698,5.70965886137727,2.31367515162124,5,101.581659655052,0.640037638603065,2.74872690578177,0.408078920483649
65.0575517807121,0.741258357492854,4.87073163002267,0.756734388044317,22,49.0946195725609,0.840829157569427,12.3969484766246,0.779704312506477
79.262403173973,0.763597832658093,3.4234399607556,0.411365996234802,28,58.8621344175688,2.76074482338495,7.61065990401578,2.93514526269556
49.6663604878924,0.722854723368808,7.88407908748027,0.525617630451381,17,38.7022856947652,1.56748664637838,7.58778971626717,1.27854267162434
58.8287201467614,1.46209834463972,13.5541690369017,2.77248522713612,23,70.4446611157796,2.14037070772657,12.1012132105199,1.79018770399782
48.9970792162801,2.30773109124326,14.2582860547161,2.37480932765216,28,15.1007472874489,0.709548908957371,4.84258459858127,0.77150079942696
96.1576185115561,1.31201831183428,11.8324191319615,2.56405410728761,16,20.0728939490252,0.628581885761949,5.29584440245381,0.657618623478977
28.2053097027488,0.525046679697985,5.54880963970615,0.653078787394014,6,32.7663365539658,1.00245055366554,6.3558343910841,1.4469760670134
59.8412611956644,1.26062362308554,12.7588936266991,1.87443327648205,2,19.5973170934711,0.433882238062807,8.0321156343869,0.777084035166516
206.425861997003,1.85734046084095,15.2335773581501,1.52133380189594,20,77.4247737874787,1.70111026815794,12.0097078698339,2.72270255016146
25.9748498417427,1.42334787055116,7.0815304784226,2.18696149765165,16,85.3398311444604,0.905802152674635,0.688915264830938,0.307145179706541
96.209029757954,0.983391610265581,8.81212465458388,0.92037391764703,29,20.9291055641588,0.602160473560282,0.951856081374372,0.327784948086884
66.2360607906611,1.60541633064306,14.236097833037,2.83757323566843,2,30.0881425008393,2.58757334293823,8.0415903443929,1.17355673519047
33.9811056809279,0.621693844040969,3.57137238251953,0.407645537265654,27,41.1536873876837,1.67567568040906,6.32396872420869,2.06987429071768
43.1560610877362,0.955101049161629,5.2922408757553,0.601860114857476,17,42.4805232014502,0.629003900587742,10.4712061423171,0.822620767495123
64.7372216791125,1.49522498901583,14.0589144858739,1.1628443081937,15,165.823541311642,2.30190115562931,10.5811856525972,2.45499629422806
63.3529937942424,0.574715634080844,10.1306749926678,0.632026376697705,12,39.4239474051297,0.964811769901395,5.43438627840505,0.635235803713854
31.6231824491299,0.685569230307892,10.490997082605,0.867438923720745,4,49.1033941768739,0.685022492338944,9.59699108993055,0.722884327202566
40.4633423638697,1.41824224793635,13.5073890034992,2.58192232243318,19,9.49305806197071,0.416604236713063,1.58734613904164,0.36760604222842
112.665361597417,1.13569388681765,7.56697141935631,2.08323940876725,23,38.8622587830608,0.960796757192012,2.22279115692318,0.463188924434108
155.248099462869,0.813833049410848,12.6446031409558,0.887650393249474,1,70.7974768978219,2.58900227901295,8.37356106588065,1.30750830119516
9.20882059699795,0.403366207247295,8.30755135050154,0.843979573550251,29,41.0955877662461,1.97718278949397,8.1198589054781,1.87792041418557
6.35388053425782,0.376397053162993,5.60292936455229,0.629122602686402,25,92.2600296569803,2.81049804976714,10.1623612721546,2.79491645666789
65.0071079440439,0.471183837253579,12.3163078847232,0.981678712319476,2,14.7808306300796,0.48397820206025,5.51553661419504,0.818157999516438
28.352736492692,2.51850392363838,6.22716369745411,2.98020017773371,28,15.2337213718652,0.566526541273116,3.22366831708193,0.448797184578183
25.1352223681129,2.82690318184835,6.14810164220777,1.71153201151649,26,189.537620261899,2.85586628491921,14.8028762464129,1.29709609181735
70.7376313836115,0.872809990995891,9.17530487041033,0.795653480818983,14,84.5590094412394,2.07726528383196,15.5503439780433,1.43001524479011
77.1432745296245,0.925471123294197,6.70434929128738,0.875793457726368,11,21.0218857830124,0.583499986124923,7.71725218108427,0.951767510048477
33.7936283149272,2.3302949847757,10.259261741729,1.69656156556963,29,32.9149676714908,1.3385112351397,6.02832111839455,1.75739493988689
94.6929648995249,2.91679378657929,9.61100601581614,2.64140646857921,2,203.582341244746,2.40721751233322,10.7352339263137,1.9419870012139
56.7389967580378,0.564773067198526,4.10326992462362,0.673962696611033,27,124.022017157202,1.96331111408018,14.7089413895791,1.98197190742351
93.0585618519307,2.47444956356734,8.4940222094685,1.55844661513704,14,197.500427650932,2.0227449591626,12.9623078113098,1.70555428807325
149.277566621473,0.79126923967354,3.89948348578382,0.395942030268874,20,23.5099407216324,0.667605083526484,2.5914838462037,0.505432725896053
19.4018493528451,0.779833142740057,4.82472623598964,0.645831295976191,14,44.0644150667747,0.644095278792415,2.37959903582258,0.409034682762717
23.2504550115886,0.970813885164774,0.902437771978499,0.313056240348619,6,150.87028194046,2.42904129199702,15.5136470141174,1.24383315595309
10.2388347071399,0.335910779940725,1.47716986481662,0.306031211109026,30,99.7746078277241,1.43444563152744,5.67008074633307,1.17246915972219
126.548543368815,0.922196517896571,7.45882054386052,0.632687186967589,9,42.1066687568235,1.15984037219788,14.1000083804135,1.81429413230858
26.6566059562053,0.485926858208658,11.0852084152982,0.974472295275939,13,25.5757045174395,0.93498460987415,4.71669990961307,0.70028976472544
11.8386496587364,0.38423121696174,4.94341169829831,0.592376041529954,26,83.9897191409835,2.72219583742172,14.6278715184783,2.49345753387089
27.2508553302043,0.51895942055026,13.1381184535078,0.934345720876956,18,60.3253620381556,1.4512338825773,15.5742812071492,2.29256782732605
54.501878711146,0.558813784154313,4.74969574421039,0.466394247927903,7,15.8109504925564,0.424922893879917,14.5801490427255,0.975431757541713
34.5152309756368,2.54753487560094,10.3307821138039,2.82174604301018,19,45.7088178516763,0.636298595366118,6.2825728684028,0.812267248573322
88.0090207132183,0.921123661053066,3.78946675953083,0.434150233282145,25,62.0922342954852,0.491895951635428,8.17277196459167,0.710993531488799
137.108664464737,1.88919398329378,9.35803669975377,2.36729700924039,16,44.3148886733752,0.972749425761273,5.19777139392867,0.591752083456084
80.2596559396565,1.01371912433442,9.52065598380621,1.03492353507283,7,25.4045670534028,0.621933748303084,7.04827620775043,0.738084603760147
152.673834958876,1.6271074759048,10.632017716353,2.67882558320633,23,23.1065353306159,0.443656855870999,3.9902037309894,0.413835192773118
170.658628739714,1.73404917621519,14.1782257828882,2.32669344698567,16,124.634659934506,1.3190563237552,13.1628708368036,2.47332501623262
44.1497377199369,2.49510443094973,7.68629490152564,1.43073304434415,21,49.2233715245992,2.29746460139367,9.21014329239225,1.83060566193198
80.1938995066771,0.734975669510176,2.85657657754236,0.484346200925565,1,24.6095664438006,0.741426019921728,9.24759236032338,0.922500468032493
21.3381376830415,2.40843995302733,6.50398666995188,2.02723243468773,15,17.388617580059,0.825043519300623,2.73491924442758,0.48251479629326
15.323554876493,0.424914819581117,12.9647999834704,0.988619234919527,18,107.839534225973,2.09652051372039,16.586294227593,2.00394462452956
114.619713289475,0.723866145216691,2.40841812625258,0.365359533449234,29,27.7968659159905,2.7273693553367,7.03703069002008,2.54628507754719
71.1684211676496,1.39597343550837,8.70402040576864,2.84179173132622,18,8.11297913272223,0.367225999966582,6.13336360389683,0.738832053164289
36.1171661146056,0.789300610384764,1.89869460065569,0.407691060098942,23,30.4800579591714,0.433359394162607,8.78030884607645,0.620822872488139
32.0408821734833,1.20956505333887,9.05563678503832,2.9151849888908,2,49.8483690846364,2.51597343609224,6.73016668774805,2.90446291323626
19.8571437390464,2.97132504128036,5.70357656308458,1.16197319716545,16,10.6922933885778,0.487884035582241,4.81499943714464,0.860808764943807
22.7390648261185,0.489705590734721,5.71341844710668,0.592119336437781,1,306.375240375254,1.60485853016251,16.2161792423243,1.30093193473747
19.1000698047166,2.82573524806561,5.41267406384922,1.07609882099543,25,47.1672078393323,0.867369968714044,6.77065046669506,0.510964884051573
72.0845052317479,0.899128949201585,1.80381552905174,0.350393266655022,13,57.569787959995,0.763948203443862,13.2637833018193,0.833322837830478
44.806787165181,0.51156252064672,11.620414248603,0.90956721128301,17,60.8791362305033,0.799414850799874,2.35187780675349,0.358612740923683
30.9426765573384,0.399515983786826,10.1558267241761,0.686965227908138,7,88.8290304693623,2.3840453555115,15.6433953316048,2.02247625804424
103.203862175127,1.52722281418358,16.1386772191024,2.90882607597426,23,89.667007517298,2.635163000639,15.845783712404,2.09496502958556
46.322773211165,2.34234910006324,9.84448197662152,2.05451872440031,6,183.962323448406,1.4388729395793,15.0805306553786,1.27023347713708
46.7202791535476,0.91305375218711,4.86381326471684,0.719637383882352,28,47.1408343468228,0.580763268444712,5.98105069113059,0.455036539499745
35.9380198549237,2.70217601952814,10.3415223556433,2.61696697089142,7,73.7674536672851,0.737686585566616,8.88049776444454,0.579830548739471
20.733615669693,0.484477572072581,4.34028053772654,0.458100166679927,24,45.4689856092071,0.586318763296739,3.3060185626185,0.388310044322348
55.1966301583974,0.504473613217124,9.1705831672193,0.783059713449723,27,138.033438651829,2.67355811875766,15.475215256161,1.95992775603014
32.1030507544806,0.928903066222318,6.36984552842654,0.988624287695954,17,90.8576488502002,2.01810392857895,13.2579762737391,2.15559670945742
56.0297058980169,1.8351513413743,6.96774197194824,2.99159201312626,21,30.396505385868,0.95191947619553,7.78238380461723,0.693935052723764
26.4213138265214,2.89100225493029,6.68631337350938,1.03077236635254,8,66.9961952305138,0.57250588854194,12.9493296847744,0.903672934884409
38.3358694202355,0.870751377837256,11.3004392790054,0.755464597600888,19,49.6409629196778,2.38180138772139,12.1810976510944,1.50194970812294
14.362436749776,0.479468613440651,3.90236905874424,0.656385907461599,8,46.2667211613939,2.47854102319405,10.7532561745057,2.03978688585199
28.8124018242096,1.94666618847136,7.43482112402713,2.34285831754243,11,51.6183633634871,2.75204461572729,15.9276478876796,2.15244072821621
73.2172405650777,2.2250573899783,7.54098906142837,2.38849781258762,20,24.3422388262183,0.414008593383582,5.51806368610202,0.66971547910988
20.7845256177546,0.773988919154714,1.41969300565809,0.362011614745186,3,58.609572399764,2.60444903473767,8.19312280637703,2.56867577332154
26.5099859478628,0.751719783819099,8.16495724847048,0.780547156648199,30,23.5484205790121,0.533540797735398,11.0300512133501,0.83642184079426
136.335523541848,1.69809326973826,9.33019001832415,2.30634970891523,29,83.7703713571259,2.73964546715767,13.7163147171343,1.44080035813399
145.038700490126,0.853086916218645,5.03784507877338,0.490256662324613,9,31.7579896959852,0.392615564954183,7.13564164969486,0.624681078673979
84.7436986500939,1.41803133248875,7.09037374616182,1.12787412874793,9,89.1219583103167,2.09492828094755,13.2996641608596,1.69296328133457
68.2284403601905,1.01228084757184,7.12651857865523,1.41906619469963,30,11.6785435018512,0.366244976709669,6.88389594301272,0.722096036777522
58.4753979661272,0.845886936806851,11.4735669104154,0.917712133823905,12,30.9407778809473,1.85489543670864,8.11804192324624,2.37923712534527
83.2347177565234,2.08370276974091,5.89957243472234,2.03363611301546,13,46.7377085632128,2.96928580807584,6.49486280167555,1.36582420965683
49.7499011672016,1.63486316739054,15.6625025537108,1.89691959316337,18,12.5669180756008,0.311484073008332,5.50875666352652,0.509360222753734
35.6539599112961,1.39746670710921,8.85519951419362,1.49902728964433,22,51.2668002545957,0.799655388605852,2.36091771618081,0.370626310511896
36.1079863448136,1.25106211935837,10.902894138164,2.89374139409859,11,41.591600346851,0.842752095098258,1.75605822568638,0.378740537189618
204.937309010512,0.785049375276239,11.8508866624683,0.716770105868454,11,44.6670903165779,0.71080935116077,11.2072895266991,0.741238764420775
80.5400782069998,1.62987836382102,11.3515331744023,2.99061750010459,24,25.5609072010026,0.547582750089607,1.80295790297466,0.418085075551099
64.8112996631292,0.713171460689973,6.56040977811739,0.639229704461453,17,60.1890717006092,1.93479365109147,11.2673943884047,1.92578954081657
9.9467471404358,0.34903992733781,0.851961964900719,0.334528386426286,12,59.3633606471132,0.411469753552337,10.2039356833169,0.67900660852196
79.3188107202253,0.861133338731243,13.2238241189813,0.913935940849984,7,173.391342093489,2.06603125021325,14.300751575148,1.62316993271432
57.0127099257762,0.972162184240202,12.7662148950155,0.937906909299457,26,32.9811392233681,0.43609384143138,13.1356414558294,0.982192899765415
95.5815010446902,1.51426697341136,11.1898607488751,1.35083299548212,17,31.4262209837967,1.72419857895035,6.8446378390466,2.70965388869619
30.9699040679888,1.21717146537251,7.725021521343,2.56754819400615,13,61.5678703907718,1.45809716125232,7.17125733290838,1.17503416544358
53.6778884034014,1.7053424038215,7.76194464279665,2.88850386414984,2,70.9728024683466,1.20457684413428,15.2945728019144,1.12032253472097
12.5757961641361,0.316503457034386,6.61129408474988,0.635867747075581,17,20.7166132867112,0.773269928606651,1.92437853916689,0.377368847323903
12.9437201712845,0.412644100991988,8.49050714504722,0.729071414135839,7,21.1613995131852,0.723324938043436,1.00789000929193,0.328201216850217
119.139541171379,0.95761349860236,11.8668177137095,0.939659468622223,11,105.94235707712,1.48689426810952,13.5460687464377,2.50324816490344
6.02794621207848,0.313964923444396,11.9116485409707,0.715006212477577,30,33.0949842047288,2.24958619300974,9.81557127599434,1.87214196801363
20.0027429164655,0.557442537985035,4.97123343340434,0.506838768630516,21,20.2398006674681,0.420781822154189,7.45427338354588,0.801991036008557
104.323779152381,2.78969019369693,12.8161522464874,1.17093373045531,12,90.2358264505056,0.89577827151381,9.4639739322425,0.884060072635453
37.5453040877229,0.743126576700627,7.41168452724312,0.569675624538725,16,164.50369898977,1.87312576677408,15.3540202784752,1.53044791314859
90.3215295040311,1.09049861138793,6.62332325704947,1.81297131456046,27,59.0767244414918,2.31915124695405,8.00031816041811,1.47735787746953
47.1687575147332,0.489027768123292,3.48914026438449,0.442298449299316,20,59.3100371792244,0.608346873958475,5.8200069937192,0.719529365680892
51.3749249613332,0.86541717744531,4.68786242620102,0.522421868828087,12,49.7898228221154,0.738288969753986,2.69561557804478,0.422050674922686
37.4528531569872,0.872023926520687,2.32715169598563,0.385185428656785,21,63.5446705295015,0.504045960818339,7.15915376003938,0.650508635960826
45.389077172175,2.9214830724318,5.72445728482355,1.01614430801987,28,90.0654156790331,1.10058926331666,11.3884127418514,1.63961086393619
129.320189438658,2.94490186649834,7.17587712980174,2.64565256926562,22,30.9946638116517,0.793538426739523,5.27310169371339,0.500229896614387
96.1654131597836,0.903980339382374,6.01603215723076,0.900924430654745,16,170.803658173938,0.659349909173557,12.4982451997625,0.761067070189841
155.503721822197,2.88806420662127,13.0870674604509,2.60899469741215,5,37.7135377486778,0.567223642542036,9.33990536307035,0.794975927129322
64.4086379070876,0.782974528324569,4.39656503159347,0.627774738423211,26,72.2884200257656,0.795860593671407,5.76395505470612,0.44758803241019
41.874951672344,1.13937840987878,7.93455130853185,1.07699633080402,7,63.1520482058914,2.51178492681277,6.09146850466788,2.97561393507528
223.115730745151,2.55359707283482,13.5602373254964,1.32651300712892,21,34.6986295662066,1.48550945138736,10.8710173043808,1.67743498740209
29.9174367570835,0.6757723502465,5.23574793146067,0.574642949406603,8,31.4653277375682,1.66691791990377,7.5162223596147,2.22707686828964
39.2885871130815,1.22386735844913,8.22497535269058,1.88134392242267,27,9.99896137379605,0.4014464571633,5.99592194849637,0.709394638464083
31.6031778533486,2.87834861624752,5.67626316563397,1.40107235091211,22,107.753296105333,0.929009558911336,8.34874601498163,0.561395084429847
105.412615125372,0.820088358482244,7.01045029202636,0.822834901187895,21,140.740348255757,2.58266302948058,13.6713910057152,2.57394644770703
7.93396761149082,0.393596074986978,2.52579544634706,0.473542566103564,5,12.3747067357545,0.487341628394114,1.81596567902608,0.381688843999277
49.9987452901823,2.42318996592486,7.54611209012085,1.2089010824965,28,85.0179159376788,2.59470559030422,13.0020661600515,1.23519863081704
41.3055410061789,2.67566286807684,13.6651184553587,1.86037172849175,21,55.4403550202888,2.24021141987975,8.10018373502333,2.48531838246043
125.934554767945,1.93083624216108,14.0756090907666,1.46874613581523,10,16.2201590649522,0.499631202759243,6.68663117379625,0.712230823025595
22.4046352145684,0.752062024173132,5.33055845881699,0.667237659315918,28,150.717353016466,1.42226105875919,15.7513666601359,2.75854229230033
47.4184835834642,1.02878282056388,9.77183627103435,1.03176554303741,15,7.56370045921616,0.348602151263205,2.94691042977286,0.380149799557888
41.0308582408701,0.521278858460875,4.56968156978413,0.589262579463758,3,90.1396426459801,1.41047665568075,9.99421387538796,2.0584390206665
65.443189084342,0.817368161216113,7.36555256703123,0.86562535078043,15,13.8030914746225,0.528825508533853,5.99919630716504,0.753343865523748
42.6086546714737,0.677799473384264,5.32375050815168,0.887105629334322,13,14.4769936559301,0.394609803729878,1.01601948591302,0.326316577989013
119.087419215736,0.803484576161638,10.4366645000504,0.62299693629361,29,173.210660969164,2.47164598724265,15.5235747201229,1.98932001113662
33.0968881563235,0.8587352487672,1.93855703018186,0.37315167368878,25,131.07608379105,2.12086863210245,11.1938434810866,1.22634401295602
60.985910608906,2.03238094957285,9.0735664631737,1.42360631082739,9,198.902571586206,2.95021599971124,16.2955182911971,1.43035845743147
49.966100576135,1.52248027864087,8.97148760321261,1.93735432730269,7,23.0333855635736,0.343366384755713,12.389544706925,0.956070697225182
20.352846962825,0.940517231075254,3.96288232916074,0.635042511081574,12,45.6134948168159,2.79753032891925,10.8036558503728,2.1677892084649
102.459969494604,1.31895628937691,9.70553455184476,2.57986035002583,9,31.0113884682418,0.927312839202013,9.48694311852151,0.888783990111024
71.5566395513704,1.67661611512655,6.94603803783189,1.36390781537748,29,64.4318110407428,0.993005612738151,7.4853306176808,0.627609069878531
8.71731262158648,0.318913706775682,9.87844785745375,0.663956723958368,4,103.574958979785,2.25383640017101,11.814606089453,2.02500648629751
43.8877321193071,1.35982978701218,10.9114142898102,2.66647650252576,28,16.2722711582187,0.357496897027162,4.10468801003149,0.409873910658008
106.827742357696,0.647693982107261,7.49400703532615,0.589667631429841,9,65.7461666843887,1.79353777519029,12.4599631642227,2.62815571634063
15.1166178278149,0.518369021699133,2.99951336484026,0.419562541313325,11,41.1236644112276,1.74143900211478,9.9625290749077,1.44639622731093
13.854776661804,0.411576991927277,7.87441297936554,0.984959553640028,16,132.336902416764,0.68772282594027,3.80906188082479,0.379262435885039
24.2517137257206,0.879326021877416,5.6374866137212,0.938398227898814,2,127.358627786655,1.5726181023283,10.1872387184064,2.28842871593664
33.8986777733314,1.3419540408749,8.77824386892638,2.29967393724485,14,37.9492403458389,0.918250400034823,8.73609360013701,0.643292736511746
141.418906451593,2.7985355915248,14.7889701307864,1.28468048269775,16,31.8247625030089,0.632694966721558,6.63008093264338,0.913177343734473
20.9947414422547,0.413153423031472,7.81586786955903,0.677437967367907,3,69.3634924948617,1.01776655218436,8.59893332641776,2.91877800571023
12.8745172835616,0.690558178715932,3.65091551096979,0.643753517188314,15,143.526778882082,2.14461103852778,10.3098154823418,1.83836022072142
54.4509830263178,2.44856398410866,9.15545132712134,2.96635860195022,7,64.0164609862837,2.60817138796831,16.5248359929549,1.44261739880029
50.3122488007058,0.954667608078772,8.70675703665886,0.737991741891524,19,30.4145703692185,0.511746699465764,7.67835464047006,0.51563933284984
14.0966011185365,0.508519315028682,2.29925190062485,0.376956222984388,4,67.433249167741,2.94337542209456,7.29910378061979,2.57549561620684
27.5585595936994,0.879881769550114,2.35255461334146,0.472075252593044,8,89.6777831835361,2.75043980043539,6.64803112769495,2.88218418270057
94.227254296305,1.92561667548466,6.89425675141338,1.25436052603601,18,60.8912691230913,0.586978163350331,1.17964321774513,0.315943659393701
83.1754426501738,1.19130755114186,11.5860771326334,2.1288138945349,24,29.3897159933233,0.835331218846516,0.968848848027707,0.318911941224865
106.904024422561,2.77695846801077,13.0356895508764,1.11099333235268,8,47.619502519595,0.773074255600491,1.10421433165164,0.309526371401509
29.6067594508946,0.480126054330261,3.75735780952507,0.444710083815586,25,31.6101045914432,0.705014723465012,4.64644295641321,0.520190894361627
34.8501816211005,0.578509351181238,10.1565448077152,0.771452850006888,21,12.1964860088606,0.440017947381398,5.18129757833852,0.54440795167274
88.910122918267,0.846315479438636,9.32572223101191,0.606629049123141,13,95.5388887687359,2.86019406731872,8.68675029872563,1.99812476223702
51.8893519561582,2.5684966913819,16.4335170786079,2.63592900235744,7,42.3164170709588,0.600834203931935,13.5271732684996,0.871542283918957
23.9315005810053,0.553632659066778,5.87466798098759,0.974774061254243,8,8.85746249382555,0.498274272649117,5.18164865612929,0.838325549298475
30.7634468545759,2.61791459342853,9.59632066025682,1.2721704621947,15,39.4125700375088,0.416416712717489,6.15253650563386,0.533898485277654
167.177062069091,1.86219219060807,11.2401529008591,2.06185656326418,11,35.2028016443193,0.444097688393702,2.95209468319808,0.396063798248639
81.4200894148501,2.87485859504988,13.6925535073425,2.68520330012917,4,143.418236838548,1.03339081695533,8.53941582257731,1.19231302711525
50.9376683666142,2.37294813021306,15.5740625164147,2.32553412797984,14,54.7734546513103,0.950202294148904,5.96589505139638,0.455981265102647
20.8813156748811,0.455243500282776,8.40111023250327,0.752979799384837,7,194.544211610096,0.955413180117253,10.4072179994232,0.88755241626694
71.2405285867116,1.1120989883912,14.0085200056282,2.86926769508463,12,19.2683934368584,2.83026663480783,6.06951533811671,1.2333719305834
80.9947506695844,1.39415988420751,8.71952219161529,2.44714031670321,21,43.5257565577228,1.83026501200916,14.3497003436555,2.71899260668892
2.8266070952947,0.317259611745182,4.35735415159249,0.600634570355514,17,93.8866934152895,1.71906126149004,11.9196203234036,1.03708279902789
78.2616696800572,2.19926298138877,12.7258368632383,2.08181201527961,4,20.4673093208051,0.542044099696453,1.9094440950196,0.356588716045001
144.7388412703,1.97122475421476,11.738570007929,1.88904956296952,15,104.403927563724,2.90925236036561,10.2211497418767,2.10481605819314
108.029020393857,2.17135716132813,15.8999540446433,1.82357584831038,12,28.7227562332922,2.3133722989557,7.79288602655885,1.62660603104126
44.7461224503031,1.16266201055995,14.1751543629158,2.17453319845109,8,63.9294774175274,0.816538957310875,6.77053917486412,0.496898632429544
171.379349575079,2.29129007437687,14.0218398405999,1.03840648060505,7,4.72474595981788,0.35788854749808,6.05100149565695,0.900990510166337
10.6867240346657,0.33884867089928,6.43722757796056,0.663778882459119,14,56.6154854236408,0.936076391178631,11.2959871866969,0.677233941928353
26.3589371848616,0.880063049583349,4.3392634158568,0.58196297721318,8,52.1797435929008,0.983213258622451,3.15114231887977,0.436973945582401
138.313445035306,0.871014240427407,6.25693895479156,0.472748445387263,1,39.484730127361,2.4187351121617,6.85993922911415,1.10048071087884
13.1121773750266,0.422022860631819,1.86697407051543,0.434823901134425,14,59.4329990148627,1.35326310468524,10.7855151695314,1.9329210714726
121.148425527704,1.29708793677002,12.2492729696879,2.65709147549349,28,64.0342554627537,2.39569643756953,13.3119347920434,1.78296552059219
62.7835576912341,0.822090726416659,4.15956144775509,0.440641978054137,7,30.3246348307143,0.753139188906509,7.01937698033293,0.851461989978328
67.5193518815569,1.67961961697132,14.1619883919986,1.97507577303664,7,25.3614793817335,0.621164279943981,3.33456435004116,0.520212190847303
47.7937404004528,2.95255909122017,9.93909710833869,1.15049667756629,29,219.547090704711,2.9291604169839,12.5284520081257,2.98093123065839
30.2637708440005,2.84804329665194,6.36915174740608,1.61724290168438,11,32.6330106702291,0.76926228112057,7.81147337073881,0.989175954841235
17.3930345027404,0.686057412082747,4.56730224720661,0.676938487991154,10,70.9514960230489,0.783977486278196,4.04585769506891,0.389062625267868
53.0988201858636,0.681794589900677,2.32808443971274,0.432753041524712,11,83.9930279368653,2.49451491160335,15.7830333209571,1.83594235182975
101.569254696035,2.97161180533522,12.3993961308737,1.37456158712313,20,25.885506614376,2.49071663643949,6.1474548682242,2.17297450796105
114.102325075431,1.33461772258632,16.4936621374231,1.4216481993041,22,49.3707527003667,1.76612437009549,8.5622911742175,1.29133053142587
23.4623952418374,0.405676794975405,6.05207826354525,0.542058725383919,29,22.1325470552868,0.597081588173043,8.01133410286685,0.694846602609092
129.354402376964,1.19522928201856,8.46527701845094,2.38938248465502,28,87.4858370499587,0.725318094722571,10.0418237243248,0.642044683207742
96.1434484145196,0.869145900607819,13.9272487417232,0.918288741423048,2,104.415106525977,0.785150664273499,10.2046283239779,0.695155795984144
157.53659699101,1.01947197684667,11.1453361875372,2.96761460208262,17,130.399078798834,0.95083808078041,9.75254771432044,0.965907120938525
7.4965285569594,0.33948354073031,9.54289413346354,0.966832604545745,30,44.2438019900356,0.789148051625412,9.66704971877191,0.823225176307301
97.3610629038016,0.600443305974039,5.41747884713712,0.444408257997099,8,51.856195976778,2.50614174566641,12.2762181761017,1.57857882495863
96.3067112478475,0.854843225515045,2.79414980203715,0.366665255206359,6,158.239357779427,2.21463734031872,15.164193364874,2.80272494930514
77.8732206848881,0.824870913318797,5.61923531599915,0.445913692651745,11,216.372588239408,0.718741719756602,11.6820066727171,0.726100052139889
24.3121230862944,0.427033812375373,5.03766458733255,0.509301553208259,26,9.30304444442323,0.400654767637408,6.98156127293926,0.62069568906393
114.034075839944,0.828001812636572,10.7854082603311,0.990589352451672,11,42.1912881955191,0.735829078759245,2.70526307541328,0.379385244604193
82.747989920357,1.75808769299997,7.53896077900031,1.38109751973149,17,24.8205892388064,0.502090960756551,4.96171095129675,0.683612929154211
188.574180394543,0.777347115143605,4.70007313274065,0.414196433837217,16,64.1642973833186,0.699521609469646,2.26958628457936,0.359727644695021
24.3076682954515,0.449069452210832,10.9769260625369,0.886926979602357,7,50.8237069317377,2.92502963243409,15.0493430674322,1.45690831942381
46.8051415460988,1.60540360447997,14.440378375023,1.50895844086396,4,42.1913010734273,0.975542586623334,11.4156417475239,0.862380971735108
8.08631469262153,0.38843457845561,2.47237204333135,0.385849142413646,23,45.9462819798278,0.844656568365539,9.09724737739634,0.778685835219693
22.9844730979201,1.36242345028959,6.40615480569099,2.60838985834837,16,37.8599524830046,0.674633703437917,2.84861580390839,0.428143803784957
31.7756204467448,1.60072509979687,5.84363287126749,2.44928549977,13,46.8820590630708,0.589522302349739,7.82155389285195,0.577132388886601
119.665768763744,2.4468009738307,12.9097682195934,1.13049040160503,18,62.6748704467003,2.61883798665184,12.8360916218432,2.87402430882379
78.3267020893965,1.98724042332704,16.6252980218193,2.19975421600264,17,20.9118803608771,0.414681284656274,9.2138151842025,0.630029964113772
161.152506882604,2.20535949050062,15.6480448503961,2.01167363653563,23,29.8241449213007,0.433807157239173,11.5291476413277,0.943780360096935
38.9684163050277,0.741239839096421,9.36641110871087,0.772330713273989,5,101.767650225204,0.955787334785661,1.81081767597382,0.388741657930968
63.5633474537441,2.06694203414127,6.51611101418179,2.28182328830318,7,37.6292332990122,1.10089458238904,11.2585470214785,1.87272372128697
130.163440966979,1.59805275261911,14.8397189736582,2.76918286718303,24,86.6056667434083,1.22944201839118,15.5216511459745,2.87205468224124
37.9811138245191,0.686740907544039,14.5375534265423,0.964824397698412,5,13.7192288628861,0.400382913300732,7.75843175727775,0.737029362597301
41.2131414319044,2.26636376284814,10.6590378478424,1.78501925603928,19,43.6635560828762,0.599444665143086,7.89180212209143,0.914665091465268
92.2640177211834,1.59006885664101,14.5982850641554,1.82782207811158,5,101.720569583777,1.26749344267905,11.4081659067015,1.7883531591305
93.5849731189841,0.806170989981146,3.43645814660429,0.483708080688282,5,21.4767916718044,0.501370869196295,1.91916172927182,0.344732963415742
72.2595307566908,2.13214979234367,13.281902380172,1.99547282091781,13,42.046759507059,0.826907164023942,8.27901985827104,0.830408746070748
36.9315209329128,0.810728152815755,6.73446869383219,0.789794992764367,12,45.0722556482941,0.643840132308367,6.58637207907777,0.823935281843152
31.1812898487181,1.09990757051712,10.6858261180923,1.89443096586295,9,26.0865751865124,0.791944252452628,9.32314550281754,0.909692285615449
56.1978711717314,2.39373432629694,5.86471210798555,1.91918271985071,9,84.3441247329558,0.852342154109513,9.79277216464431,0.803998176665802
36.2714577658254,0.648174920500079,3.65281165786909,0.417280238539821,15,195.635936363145,2.72089708578653,15.2450415174963,2.19154262584028
65.1503959588426,0.776130048158563,3.06760462036047,0.353799215894515,11,63.1043424276807,0.921493834909132,4.83953962604772,0.491122546051854
63.1676381204449,2.93675668869806,7.99508186934838,2.1548549763372,19,6.38426516837802,0.314733083927246,3.60236270086673,0.396184074348633
147.950753954989,1.01740671633873,12.9705534195812,2.50880358860614,25,145.527664807631,1.93578552837341,13.3581689441046,1.56214145096342
142.75487202053,2.14161733640774,14.9589858113017,2.82231344943444,20,15.1389550839282,0.333122295293294,7.82028132569719,0.689642007041434
58.9972120855338,1.76097586296855,16.6131586322772,2.07734146967942,8,111.330652911277,2.7907716319293,16.0389154809144,2.477578694789
79.3466831337112,0.992298069612619,9.31374857246769,0.632888494064238,17,168.88756584397,1.00694799828853,16.1811872661529,2.4274364982471
151.135304538188,2.94364396890961,11.0363261946801,1.02111376498234,29,23.7485277769122,2.1808154656025,7.00574765287007,1.93236623584945
12.1263416633322,0.354965253913209,2.2458568868448,0.368125204170691,18,34.9753464762365,0.886687664200253,3.05471098252459,0.41984665669921
33.0177610399675,0.497785969282285,11.4679348288559,0.89372331007815,9,219.068508644608,0.923264278158607,2.88939993962155,0.348555111042507
34.8457634947793,0.495347997658448,10.5725971767694,0.694903935997834,24,30.1132867879647,0.437773857946781,7.42206031178026,0.759639881504832
36.4359119676879,1.0951167212456,10.0690502457649,1.14523439777433,5,19.6244634430518,0.414793495791871,4.57073796613173,0.740497699406608
134.72278435801,1.16261994674136,15.7093567996205,2.74182323396958,2,96.5328057440952,0.995599140943322,6.32016762204234,0.532914598431907
144.459548545372,2.73087882543803,10.0029857180464,1.80397196351471,5,27.6731716993841,2.66423472956462,9.1020480593652,2.25603648054827
36.6103193115293,1.77738358761908,5.93368162168305,1.372224862554,15,174.786877729701,2.76701448509408,9.23110140730127,1.73795456793481
32.9272683637556,0.672193626587432,7.28813366375765,0.521580868668831,1,25.4596129469725,0.586392555208121,2.29915965929962,0.376739274167431
31.5921733555034,0.552186562114372,6.52770465517667,0.554328836116308,8,20.9652453066868,0.452563921142162,5.35162506206728,0.739227329299098
12.3983283066893,0.404296571631174,8.70229506107548,0.898001253869745,27,16.5138855084135,0.685107261899099,4.33348931528034,0.671198038112041
108.325719880772,2.32730490915966,16.6397434334656,2.7294378521938,1,109.574041525247,2.55842817975191,11.517665355338,2.47431784701932
79.10141051687,2.14648167130468,14.6440047790239,1.52006980360325,30,52.1730537755213,1.14556000339434,16.4799841270117,2.8258047753492
72.0493899954402,1.51071518171081,15.8080706775163,1.3420606997627,30,100.38289952247,2.4931454774223,5.92225057386313,2.85448764954667
115.060814077871,2.52603778706342,13.0797402873975,1.20473520843734,21,10.6414048032199,0.334285151748148,8.58328254140344,0.828081690957966
52.4365207903241,2.62740121647491,7.47501864860573,2.20097971061548,11,39.9550849823872,0.485783963860377,2.15218513319733,0.367688854244014
36.6646866460452,1.19475672578373,11.2447628713886,1.6018849554242,10,53.8785537580753,0.858653690370896,12.0384651015057,0.936104532888459
76.1831501059545,2.08508998444304,16.2850339230826,1.96143508053048,19,213.753400112544,1.29923598564664,16.0433596525995,1.68213004124627
56.9190071473329,2.22103767859633,7.68137866576259,1.48656524171861,23,99.8882644262803,0.888827796593267,6.79173400119482,0.929267266909214
20.6771200072735,0.404289553141554,10.2415872240335,0.799141710218829,30,6.78241578612896,0.374468124934721,3.36239580056051,0.601923211317956
9.99343253193426,0.372153617289393,5.52392286674275,0.563728110634678,20,27.281750968421,0.797447708279225,5.52536543691487,0.585410163344105
63.6714887817061,1.89888039973795,12.0025353628307,2.4005191744002,25,84.2938061061656,0.677077785406689,5.22264581028684,0.452540291653833
44.3302930039754,0.787500282465766,12.2301981753054,0.944805113447465,6,39.3855870317231,0.706446366443883,5.30617195515069,0.434572319995894
40.4004585915448,1.6200186322792,10.2968076869643,1.35935580183624,8,63.25997881275,2.461784547429,13.0871787832615,1.85215096788733
42.7799984510354,0.696882221882024,6.44309296719755,0.904663874556566,20,108.675655156659,0.810278036440105,2.01772183945568,0.347923687153514
105.718684096639,2.41447452333979,11.1706150344545,2.95945909429778,15,25.8698068718816,0.466276543508505,3.39186568864061,0.439491049818119
26.7344336278132,0.461335805615449,9.61507891723807,0.617279900181471,29,21.1546015063596,0.567184076494445,4.28157670457365,0.642015204908282
105.117388455578,2.17122364559961,10.3102674442866,1.87516975808826,17,68.3744043177828,2.93109613087149,16.5260773151106,1.7063750946062
39.1922145692799,2.7114034831962,12.028102226111,2.16863239921692,12,33.9418023461524,2.7330217362257,10.6146574606444,2.97772779686543
110.7834566708,0.717752082614621,5.3378558980811,0.522342761128666,13,54.6902831292271,1.83285492595014,11.8620284550634,2.83347652013372
57.409278580703,2.74538069414687,12.8836944637271,2.31554542656813,1,296.232351357266,2.25235998796342,15.5869743144949,2.44522404943627
52.3938819894867,0.59704079408663,13.4726461033337,0.910389396075733,23,26.4815891515633,0.367876933855408,7.09939064147339,0.817557515603385
51.3613293853449,2.2208098730092,10.4275773125318,2.21889800479311,30,81.8439741818999,0.784492964348336,1.33606773057541,0.318860719016998
10.2586006901625,0.467123623122468,4.03072052938909,0.547147926994976,27,27.0243526706258,0.515799259766472,8.64588563564565,0.664293872874477
39.1191501122921,0.60939353557375,1.57853111902541,0.310467016508278,12,95.5624758764799,0.837263319099006,6.96234493365071,0.578755685475852
106.961413484571,1.06337390792425,11.6660416994225,2.01578290987033,13,160.673986518521,2.75917321297943,10.8956232598601,1.15347213800226
98.7293807754785,2.81611856696117,14.3146864536803,1.06149941795114,2,72.9223887158685,1.02488007084032,16.0132166460289,2.14799439687332
54.0338273616791,1.79151077712174,6.70254140290702,2.58903622847516,8,43.7757898267094,0.851740408730375,4.43699281444336,0.499996947220238
37.3492984198633,2.20120053991561,8.58652391454319,1.13938894696166,30,99.8428905308788,1.10112767952183,14.137032543007,2.94942371550559
9.53328860989719,0.382315307605918,9.16077707597956,0.720993465639536,29,17.1460508979281,0.607618792238155,3.76291042408487,0.614627548904455
33.3822053926345,0.609139173877094,13.1139605393604,0.932673014469612,8,36.7743843866645,0.458414627872792,9.46824253701448,0.99115054611785
8.40875231177543,0.357578322781814,9.09808540752264,0.701993939422898,30,29.5846679505237,0.663137855849453,10.6564839452548,0.940335069077271
159.089931109119,0.699837493325706,11.0039811228674,0.9589170884611,2,17.0327033231646,0.44847389103443,13.739500146084,0.938222197351149
46.1638435270204,0.850636287229536,4.78407790280179,0.532196513081751,2,48.5000233643153,2.26608076433537,8.22517705066459,1.34874954181771
28.8965213371627,1.36151542377808,8.51114558425177,1.99745002155384,10,66.9781082512881,0.923935609561351,7.56221285662074,0.654696105623173
40.7106648463561,0.909144591020425,9.19458778024871,0.624117311959325,29,24.5374320872628,2.85660284904648,6.12466892915033,1.78607437229102
9.99921741554835,0.348792923962138,9.30731226297141,0.617805794667242,18,17.0873210885139,0.528247426040525,6.10217184564985,0.607876357414048
163.105669438628,0.990322754330078,1.34907793130829,0.320367598525035,26,14.8873831502781,0.610106816642166,3.87241251631779,0.62895033428559
14.849337432456,0.485951847050095,0.958877053177921,0.322541879270084,19,84.6099659278209,0.893540070319256,3.44010806233449,0.403070706961502
140.36992920628,1.7373207718448,10.7378941493913,1.56443859235844,12,63.9122751101218,2.61502881492352,14.3378094469426,1.95422551912501
96.8854626486567,2.19629792042083,10.7955647414864,2.11271544190452,2,34.0994505292836,2.38423649870995,9.88323944895778,1.0829346938192
153.328420928838,1.09292030493977,13.7827567089305,2.41770089891178,24,81.7724161081197,0.735253709276333,1.51723919385265,0.303693762972284
84.5013617420462,1.30363373871705,10.5873169877242,2.26140016657362,1,90.6933409228094,1.31955558516925,6.10336504425482,1.94320393632522
112.087709279267,1.83173713197448,9.8267842833114,1.8863029680007,20,45.671123254086,1.11385970238968,14.8423598668813,1.11178545617289
33.5042700087125,0.667872803245473,4.74270536959956,0.435484368005917,3,57.8055977751977,0.767313353445377,4.98995022473781,0.480606467222908
59.3232947430738,0.752227679456729,6.01786678657278,0.872956247155549,28,15.5271359395046,0.36513436619986,4.23749648366515,0.54355762966899
131.417032377919,0.90749646050849,13.3240616696655,0.874858728454116,15,11.8678769128646,0.422031267992033,4.03659939158904,0.447245668469796
72.2981749247858,2.23921223469215,7.68063020095145,1.71637848629324,6,38.3834798070464,1.20478626345679,12.7730448762332,1.78395629785384
251.542021853323,2.57623465326342,14.1120767463885,2.81465586615762,3,35.8541603153968,0.955889986353303,7.32853868104027,0.65040572687449
94.3163222752093,1.75924064354448,6.98273000369135,2.41533558810175,23,184.158779283048,1.6487089433449,12.2577145131823,2.50769701538018
32.9659995192259,0.858266387812752,3.23429220545074,0.521096870831733,4,115.521545220407,2.02917790062193,16.5270219923691,2.87047753498254
45.4165704845144,2.98341243879544,14.3318198582579,2.47066975490926,28,54.0828369255251,0.886112178329309,7.98012797559758,0.730893499387323
55.2870898706479,2.36084319190663,14.1820929743534,2.71682544552599,26,31.6482689007073,0.354039845976085,5.09144538235348,0.538517183317576
17.0003320498953,0.341604546432198,4.77501108029291,0.633576433471143,9,80.1664568271484,2.56434115672388,7.35501362499963,1.58944591822843
45.6095863114911,2.38371697391188,5.80851359604645,1.56522153681188,28,135.810755220058,0.936595546839441,5.48455250502449,0.437661718821978
68.4496491745999,1.9745121455577,16.1876721550681,2.75866772948685,7,25.2168749851692,0.470357115821989,12.1255377028836,0.757288976034809
62.4180562764999,0.82091932206263,8.56571467061432,0.59848923384859,13,31.5147137632838,0.913487420210129,6.51721623555615,0.654942396767875
87.1104949713571,1.44621320750916,5.69644133952257,2.91316187014546,19,96.2141710158742,0.950708821535896,11.3242791445652,0.935589809131451
88.2881851983398,0.594461771261976,8.55140437267729,0.883408570940966,15,31.7440629536615,2.14351924403561,6.54682104026578,2.1966890170432
63.1111037016562,1.58650005298279,12.2551131808627,1.83406605302599,13,33.3870237768433,0.713789868758702,2.68859243692911,0.389271518430531
27.2636989459695,0.764122836446808,5.26608668940417,0.746095333935707,16,77.8269385659083,1.84453916744208,11.1935788664565,1.44984966083811
73.6611450502498,0.9853608029,7.35387499554336,0.621663066391863,3,200.316034014219,2.25386091696002,13.6126302626292,2.36140907284711
23.731837461089,0.750286038626824,7.67912261853636,0.966689788439112,11,81.5803568603937,2.62713125909932,15.6507559001487,2.95850948135262
64.6384837708704,2.60113810578288,13.6470495608049,2.75425604777519,26,17.9151866528542,0.490219216010165,9.03095402013862,0.855947844034506
63.2893579481843,2.9077948384376,7.97116797616478,1.06713996546797,16,44.6003878856756,0.793610255305159,10.8620353536182,0.677008579814499
36.452210018814,0.503667632408165,2.07276118159742,0.348039930580607,13,22.7573795320422,0.938730812825596,4.87823851753471,0.623537518738712
43.8556894252639,0.779495565060875,1.69101861902032,0.313350516001289,12,36.6829775740657,1.01394716937529,10.6151105887633,1.41225467482282
21.2556716618378,0.458378079815165,9.21455724813366,0.645635919876242,6,41.6582769970817,2.77770232726277,13.2734509055027,2.52248564054265
10.7285593253905,0.45313091139975,3.12635391934619,0.434845937611029,18,43.9330159921785,0.699011960304865,9.81871617029408,0.627191949288139
198.848414953809,2.52859731165954,12.1234009355402,2.49162959833939,2,15.1506634387244,0.63716241869008,5.63794993577752,0.851253052714585
79.372580465038,1.17713931185966,15.7262820527226,2.33627397654009,6,90.4646848952015,0.464124606255884,12.9606410548805,0.91602495064875
150.405193145391,2.10735616773837,10.8855069706827,2.05444247129676,28,62.7635006438528,1.32309946020014,15.3669116079337,2.18829084451764
87.1505478065361,2.91035916922044,10.2334863980893,2.33609590164376,21,7.37802706232008,0.377119932841104,6.4616215791416,0.747111383064696
35.6860790112865,1.69061292001351,5.68625255772869,1.20339910723781,17,40.9621217076721,0.829338185360228,7.46971674377432,0.507224076936776
21.6862516104215,1.03328659174994,7.61445401472974,1.7667362994038,26,46.1757180907763,2.07639878924854,7.94823847276892,2.30885068402881
52.1418128891787,2.8562837732551,14.0780352644766,2.84501593885674,18,17.8787864437749,0.627269463115952,5.93784596231781,0.88039891984614
43.7199926461705,1.05210905938615,12.9661843109982,1.05793739425824,28,76.8901830795706,1.50479333554259,12.9888304381615,1.7578458993038
101.491346197472,2.87235033843455,9.69340082438306,1.04270257954742,22,45.0018388745004,0.997055346326122,8.31644669549683,0.551383777804839
25.5067293565379,0.892868551716017,6.93195118821118,0.864958813702012,13,71.3269402539747,1.24196834057553,6.08306528838951,2.5017539759467
126.107151786603,1.15366153348608,11.0735050939768,2.67203631736705,20,29.6124804170042,0.705700671293376,7.38504125839896,0.558770778389867
34.0235361731511,1.78567497093932,5.67059089800894,2.93412292226822,19,36.8375425991492,0.798383775231153,6.40735792389684,0.617855874645056
28.3057120656231,0.909632706054194,6.67609618268001,0.801027979287285,3,100.84743557326,1.85649836255448,13.4637423428605,1.57221017778249
27.4711449625379,1.48971242285199,6.45729998442602,1.74296938592669,24,99.2186184641824,1.14198112909474,9.8506189332123,1.59823601548794
34.9594906276939,2.54432428628922,7.66064378086256,2.26697521638987,4,54.4171511894885,1.68473023062692,6.74356023006271,2.31144072463168
104.815715772509,0.754198562653367,7.20055943560031,0.642922186955671,20,79.6531433177628,2.04363038340292,11.0609161674004,1.38842408439363
25.4211284109528,0.830980668154265,6.05189080971807,0.849627212513085,9,14.0538644010185,0.359270608561868,9.56521274554145,0.70674680682054
86.3187397278991,0.709419415343424,4.10730817899936,0.556459466732562,19,32.721757419783,0.598384962082246,6.50436303894842,0.693595102827369
115.859734273997,2.48115054864375,11.5565136917046,1.31362277663345,17,80.2198771747359,0.869779244351491,9.01814905446803,0.579159107428707
100.760827366938,1.64269697578881,12.0436718247843,1.79874591863478,16,47.9087769265867,0.841329056531813,7.33321008383717,0.65984016443359
43.7923405120802,0.961733658607111,3.83128570689255,0.556231102319512,8,172.570943703565,2.69891196541858,15.8775503039433,2.91026795324122
250.991883697949,0.982678818812177,10.9468956574498,0.649851787821371,19,34.1153718948121,1.52886641540067,6.00153812286514,2.87946765049254
71.7249892874235,1.61731452441511,5.98237391808188,1.47747741218736,13,21.823577784744,0.584631947542935,1.91525319813694,0.425808324271024
30.9135294907117,2.23654788287721,6.11948168904154,1.90510564702725,24,43.5595844051618,0.586787877369088,2.88263382687981,0.510997388486853
15.4016296280923,0.391084744222112,6.45970421016629,0.496266642733375,12,5.57088696787095,0.302135647566008,9.68480533679193,0.631907499482666
103.964387199758,0.845059013703865,7.16505668820039,0.491798240874759,13,119.34701335173,0.918297831929667,0.954633520714584,0.310481545778127
109.20446323048,0.800756053653584,9.30014321097884,0.933442596230401,29,26.0850917167067,0.775814889549667,7.33503173903419,0.787340136678288
37.0028417332231,0.750820025589404,2.31754296531398,0.457395460312801,20,104.726416238059,2.85970755678933,12.2811614518485,1.91415394792983
34.3413152668546,2.26384141649556,9.12182135687183,1.32780158018251,30,33.0139607028783,1.12807149654331,7.79746290271224,1.28826151107864
80.4598178014179,0.88075806816054,4.24480781468069,0.440547177724124,8,69.7842269189941,2.37399307904337,14.157288505827,1.06943856898468
115.069372765433,0.659915617578033,1.93449116826105,0.335518751418889,15,38.5035370528598,2.66315260022546,12.3695103472319,1.71095033749688
27.4404228677147,1.55648502567643,6.15208409831198,2.82415665750123,27,18.6005016240444,0.412094315577994,10.5755833341714,0.646146258457273
26.3348863518798,0.562427973728981,1.88946197206375,0.316663535266475,12,19.9998006589813,2.84767884249949,5.74314778137126,1.99849839274686
34.3408147064052,2.95833896045733,5.99675698032752,1.29230524414633,21,131.319612905535,0.87849155106187,5.56881639231325,0.600363932658381
27.1396991983614,0.559605291327876,9.57463040421511,0.586137414480578,7,48.1060525212581,1.16348144483134,9.39469017061901,2.37071575012806
33.7052965714895,1.36520598825851,11.3478563891349,2.78860747145579,14,31.5839152865209,2.68854962956649,6.60785035437392,1.70914025649754
54.7628014785709,1.15920910793878,11.5542465472229,1.04626046301591,8,47.0211293004751,0.4334488469989,4.24524641675019,0.424905696183094
52.7738879205738,0.778168622371299,10.9534106977515,0.764890596992741,15,24.181871854791,1.32193160820355,5.84510749624592,2.51742913178
30.96379033303,1.93871897655013,7.77468167185994,2.20599202020553,16,19.2477450118072,0.714916010997855,0.894315444340728,0.338377522003624
44.211375767744,1.5576733700848,10.7154467811395,2.66061297193522,16,47.7689011790512,0.947982209317888,0.976377119627111,0.334993756247105
122.489267371477,2.22616745769974,13.1386139792518,2.59618971810628,28,26.5466844069131,0.35056946269612,10.2798224020302,0.665025942598452
42.0079852626911,2.72314777817022,9.89757553300793,1.86125043323996,22,123.933181803265,1.60758065871842,12.7421134483234,2.10854589010053
22.9847508185989,0.492377085981804,9.40953649407269,0.596254250934457,24,51.3301752289629,2.43317608621763,12.9950793827387,2.27543332210292
42.7122879070538,0.713765412002643,14.3934436591625,0.936537170719519,27,23.8755359968675,0.499198247949332,6.89837096244988,0.485065922352155
9.11950892960528,0.408370249597604,1.47086611523594,0.338086130259357,6,190.962075661232,2.63819322730667,15.410889390903,2.69223043842474
92.2532610915911,0.943326915023605,13.0375307647523,0.786309407934387,5,209.683426946719,1.93615061575078,13.4471748928245,2.62988565983796
16.6713974528334,0.426937713650275,6.6791915063329,0.550451216474237,6,31.6183834672014,1.65565539962292,7.71386707261664,1.43986002500312
87.1334165793554,1.72977563682943,12.1552646068114,1.26230965478306,25,143.482830054712,2.22326083774544,11.616721275794,2.02797748951637
78.0567819630417,0.894397538057765,6.33432480770426,0.515392627094105,27,46.7886107541716,2.71808044516415,11.8997278958957,1.32142985947754
63.6999773458091,0.81966544172195,3.32909739020439,0.382715322616488,5,33.3420241610992,1.40117113163617,11.1891897798576,2.06349630830227
30.3066384714396,1.43657089578567,7.66913235792549,1.01815900540144,9,38.3797272026743,0.633910778372787,10.9579407118899,0.709956525432928
240.8687253626,1.92722396694513,12.3858625929636,1.41342358463894,30,32.5438685594311,0.545348794374745,6.16039853366379,0.482725259454256
33.4322703205475,2.32248093462951,10.4219696333386,1.87913896214659,6,25.4075724358467,0.842925691968852,7.26777890362583,0.773610181133099
35.4638648917699,2.59767752289934,8.74775573700037,1.8149332878126,22,110.240318673864,1.07368765620274,12.244239122904,2.33323580055085
57.3959954929994,0.881251640046943,11.1193687981804,0.810640290779049,19,31.3177116838727,0.912079727080855,10.5930869329164,0.975990841027416
38.7818328223739,0.708508331200999,6.71254240748438,0.600134156997294,14,82.949504917939,0.630999887954438,6.69800176385346,0.653833295947253
37.8803855076682,0.653043598380323,10.8641441816164,0.804200717194336,11,26.3996693577065,0.788136877976284,6.31139875493413,0.737601125593476
152.555819975337,1.79220935561692,12.7928825666751,2.20304568567135,2,13.1694324380204,0.53960399585932,4.45361752889328,0.653479943932123
6.72762003227769,0.381794103673175,2.71244364112929,0.462958290602966,11,123.869963174499,0.981144875297268,10.5284234429218,0.66733923983142
28.3130787744454,0.386837058110417,6.80147693742185,0.861720557867574,22,49.0100273897506,2.91867310391665,11.2778305821886,2.03408929644717
27.5677388104583,1.05624341364205,6.24733989182511,1.19968806473057,23,51.3940379275974,2.18221264713002,9.52003473488135,1.8318506052297
9.75039855076062,0.327986673249209,12.9990334084578,0.968374315582671,26,62.0100863229699,2.96397377531748,12.0281607418925,1.32647966522336
42.8058532675556,2.30996708577258,6.73178185822501,2.56619502029094,18,8.08777380662045,0.336253796540585,6.81526908208397,0.718295985099887
89.3937227167743,2.51630393438534,7.94528906747265,2.03414922226762,13,39.7656029962931,0.990478009526493,1.34963344137803,0.300716205414843
132.976007897136,2.74947629062032,14.2450916647321,1.70822887876762,13,111.366123548408,1.1824741311343,12.7980285913888,1.53527168384428
22.1733787701065,0.781073085299587,0.868605338052296,0.319149302906625,26,56.5436585590911,2.15678052115444,14.9913438761088,2.46150415025651
112.711320295034,2.65280515628068,8.42502443534559,1.59247039396491,26,45.375731197155,0.747571714542911,8.83390518840365,0.641520313313662
32.2223916456263,1.02862592283593,11.055004799353,2.84324247301088,22,104.747018135986,0.816014432729286,9.68814182314595,0.906858976519326
33.2716192137052,0.818894037492695,8.75336288881618,0.681098450178508,13,16.9016124609013,0.514638868035613,6.42099054004493,0.80046882716794
20.2464751497386,0.432556812034153,7.22192676885365,0.756999571511784,4,179.30750580372,1.87251195238277,16.3040641902408,1.66409908010884
42.8188997450086,0.669035030707279,1.73992044235203,0.312070167099378,23,45.671642771426,1.33737175052631,12.3646542362386,2.18690540319721
35.0077338407457,1.78474932909372,9.62862615620796,1.09968954995352,12,55.7268508861692,2.22713458896039,10.3965168904214,1.46772190888268
15.53022802903,0.808567275963464,3.51759828473091,0.574464060065064,6,29.74817604774,0.941377831207153,4.11432870056444,0.520581594997562
28.9021106901788,0.654077422021441,2.99903703362638,0.502089488492027,5,47.2421096668544,0.433814070308815,13.6071451361172,0.979720634022298
76.2031401779991,0.819102477277311,4.2199265321894,0.478443029951097,7,48.7954775442565,2.19284379724474,7.58767888381447,1.17511946287367
41.1588256389956,0.883281607648825,5.18264291564014,0.499809463343446,11,18.1523184535457,0.809989126271337,5.25856776984748,0.694932129283506
18.6303548731766,0.78769901357639,4.22707070814021,0.593255311538347,28,87.2902233320799,2.95368886430886,16.585415104644,2.43275926524188
81.5575298254907,1.51818692354023,14.7079547911439,2.09011002348054,10,104.349844974581,2.53157513792879,6.44373324540902,1.68790184208236
49.1203063670431,2.78377848893724,13.8664164493655,1.39998718850466,26,36.7613986719878,2.29256974036757,10.9683709599366,1.25424304699122
62.3897878569136,2.73385845748866,13.4698605017833,2.03312468318611,1,34.9231714342316,2.76662166611865,5.98550564212757,1.14193579162643
31.0197929880518,0.3327884903001,2.47898000212573,0.33287179770953,22,189.678447107694,2.28872822658738,13.1955537084838,1.84640201422034
51.9926541186926,2.45702461510755,7.69892991635495,2.62421955166025,15,52.935817041109,0.523157833122527,7.48438367131038,0.635345135615681
55.5910169088432,1.8189596966668,10.8665365723333,1.66921239069164,3,24.7296138896443,0.493202851783597,11.5007104248146,0.711640916197837
156.866517599122,2.7551727046376,12.8069643136193,1.36926320249917,26,55.872112633438,1.49364534711124,14.1692058564538,2.0062255704846
100.287667900995,0.857951526047642,1.87331559053803,0.384248011796557,12,13.2984973421806,0.328682325134047,3.71349906862677,0.454662418727964
151.888115067625,2.7801473512969,15.0620960278064,2.52492062999984,19,21.6462806531761,0.445280113785819,13.1740619789259,0.92639417740445
52.271589891744,2.56915581590378,10.5838856495734,1.42559353345177,19,32.582069856244,0.420571754969691,11.6769615509997,0.807550662878523
37.9677372073617,0.634743166950673,12.8866190106288,0.968320136515293,9,90.1421760874153,1.74133880034656,7.98161324180536,1.08808519972289
32.5148260983201,0.924456909280876,3.33531264258682,0.410975444128426,29,252.848338001488,1.82662056165816,13.301023031691,1.1432409248731
82.9246338949788,2.98467912142651,14.9927558158835,1.5619643333162,8,71.3411789174027,0.739112275286442,9.0251744915801,0.895760993133261
35.2046421582933,2.97049975920423,7.52509522392571,2.53471778470569,3,45.2065793814674,2.80727614056512,7.8752033419832,1.95480292902846
27.6250827621837,1.631646760196,8.60012260168593,1.19017447472086,22,121.29695267205,0.898899696268649,8.51815217006113,0.824148177883756
57.2706722515781,2.74365634755029,10.0958572501864,2.95181927069205,15,18.5690360974849,0.617889950892758,5.04665238584311,0.822293284331161
72.1123566964983,0.988952754366136,2.37063771435878,0.341234854901736,22,98.3314309042872,1.42331077462223,14.9793181663587,2.98575111499384
32.2799274226929,1.81156191225745,7.34539540077667,2.65725153738664,4,209.570259886595,2.1186682876759,14.4449840896177,1.38152176065309
43.7302201946236,1.35484953995798,11.8491349919142,1.26332663065992,12,86.8111746749593,1.21447639514784,14.7601044502073,1.3951016587132
32.9328747755364,0.638447389176844,7.86705863802288,0.552118886753212,27,38.4120748800879,0.7159342697754,3.55512737677551,0.503539226685555
32.6860724802258,1.8310869673918,10.0048355733743,1.92416923308649,30,44.8912594031741,1.04655762097378,16.0234866358627,2.43572899167963
66.7665074270493,0.793431063216188,1.3863538608733,0.301079631810098,15,17.5578419221874,0.468046329357205,4.94833328077153,0.435694901368288
50.5218009345851,1.09770310326804,16.6355008060973,1.53343543792343,13,23.7294599873476,0.421270494199245,11.3420748766451,0.764333222672354
44.9237522280461,0.641508718983595,1.73594085742669,0.321724289929642,14,82.8178543541932,0.856209532521221,8.11489932693278,0.602645191982188
94.6919310580789,1.91313699781359,6.57213306478554,2.75110087622056,10,41.491943213344,2.65681925003594,11.6597553851207,2.4712023926825
32.1290234507784,0.806912441286972,9.08630595913669,0.961319417494039,6,47.0519034653367,2.98614068530477,13.9861619211659,1.175872569791
2.25715943324199,0.30165344647901,0.748049033386761,0.318134752715126,22,79.175510654893,2.25742761374087,15.5992843119255,2.81257662097741
22.7078351865413,1.58644675404519,5.97284844378576,1.28151200652948,2,27.5740711047901,2.45704256536924,6.66181718086877,2.4741039629474
50.1952265996554,0.948913976607243,3.94228888214366,0.59810732281453,16,126.686920566253,0.937325972230375,7.79973073216447,0.596143416790184
85.1780283531127,2.87420617692867,11.3416083073013,1.53734749283957,1,60.1843611717757,1.17234335745256,12.5534691022704,2.55881696167789
53.542630138763,1.38475900935127,15.1221645566796,1.26590023582374,21,61.0205813340208,1.44728571356014,6.0669408654114,2.84243011917434
75.6660848330171,1.61677089483934,10.7918673869905,1.18608352349297,1,31.5288446848553,0.665433376390501,1.61329138328302,0.337862778599797
52.4933762711614,1.24816551668524,7.40182828653862,1.54550509246409,26,113.156863906775,1.45089227741007,10.1056659091026,1.79133465157206
38.594286361082,1.72142556435026,5.98835470770915,2.88311388589788,7,121.366995054844,0.673388644733375,4.37063096296938,0.429277668348916
97.4685547186278,2.61681939512701,12.5679249741648,1.97329176233233,11,185.016087720714,0.970697541789464,7.89105251105247,0.611827319160016
81.4914830755983,1.85784290888992,8.40760441307211,1.24807412655857,2,33.5135662676671,0.846894891804613,9.52528314723315,0.903761030128562
82.8727027893381,0.810758698367369,3.79925654447519,0.523807655615763,14,39.0889886268545,1.79549046213149,11.1308838184555,2.90984994362254
98.0589289152236,1.19192254458487,10.4015836952131,2.03170367276983,16,201.918833428016,1.95207084493142,13.0592736957342,2.48386075866109
41.8746272855736,1.72751041263411,6.98912252467125,2.98662979198338,6,150.927798227231,2.18241760193139,15.0979527213007,1.14165686995183
45.4394809182784,0.883076618831903,7.3639974651688,0.676790925977747,3,31.482252967182,2.83587818109822,8.91097798108732,1.16391255221609
111.622192628325,2.01078844404645,8.53001355609788,2.34468943578378,3,29.7284629293229,0.616215646888174,10.2642882902586,0.701925220141647
140.728279774491,2.20142316552912,16.8552720059721,2.46265929830338,27,13.4716683501889,0.384584708850316,6.65810361866859,0.489956284789017
104.7296497469,2.11059446627999,16.4961229465803,2.9832493464822,5,44.4033981149066,1.16964768428389,7.44071940727919,1.06146550475032
57.3632040876715,2.59868806942499,12.1346930776392,2.35965788081774,23,56.1313311849924,1.82907886410908,14.8467361176686,2.95797321810342
12.3250960939969,0.620479881457012,3.31190345314405,0.591997297073266,5,56.4322428008987,1.62773208377048,11.4158135819255,1.61085317044477
46.989404037688,2.73363228494277,6.76164754291688,1.52088628250491,8,31.6436390897767,0.480862950587993,13.1015883536776,0.816625446230947
18.2543620402686,0.447723180971832,10.1611009584081,0.995022056196203,7,34.2380738684782,2.73905950546606,5.32000249381793,1.04143302457436
127.996327824949,1.19199764169491,16.8810370864591,2.54924451535352,24,59.4617025105478,1.30374402111251,15.1325245152179,2.42277699084453
33.0209815210339,1.44547702479016,8.36776040029887,2.46341977244786,13,29.8780657280015,0.414380811548054,1.81150644295088,0.309572260635437
55.2472065851992,0.987182062056321,9.41371815702909,0.598167142332548,10,42.815032917254,1.29856564744436,11.4146037855293,1.10072452875465
17.3998144071119,0.52535671551334,3.59204213144786,0.504008368600392,20,93.3269119842838,1.7254848154651,6.26106123537057,2.39049985126713
80.6992121536941,0.792716490994539,3.50449720381429,0.400605254809091,25,115.856814858587,1.84681966417037,14.0341196620084,1.56447744344003
80.2769041963324,1.8363943895535,14.3177432505197,2.96907038715634,13,75.589619047821,0.896232370526545,10.8927689297865,0.983871774388072
54.3958403873181,2.09621261142974,15.3577118406409,1.61641907512195,3,65.1657947862725,0.702027640776948,6.55934490325397,0.710970634895212
10.6756284822642,0.322951869655508,3.64537871076618,0.38854184129217,6,24.3935790575384,2.27944607624039,7.81975806943202,1.87504078971504
43.2235885203463,2.07349453061241,13.8004032789131,2.96729710208564,17,5.91567960108841,0.349777201076995,7.46136091382372,0.785594765662036
65.2854904183583,0.973357674804632,6.33097329575731,0.497007160951388,18,54.1890186185523,0.606343410502691,3.36481732581193,0.584093815893623
26.8002165268174,0.62150269044853,7.3924114535013,0.594051543152205,5,12.5500436012437,0.442675821765952,5.03419175407556,0.567007280901878
91.0762597432739,2.58580639054968,7.39252844425947,2.76148538469837,16,91.3846016981412,0.740811042135118,14.1218211098019,0.995921699335105
21.2905198986798,0.585004463341616,4.91428258971521,0.6776587958224,5,42.64873242359,1.96026227644206,12.4128889449727,1.21115816531201
88.0435214660874,1.89572899579101,12.1673187730669,1.84228263797173,5,181.929015708339,1.98622886242367,10.7600045275199,2.02768451307206
55.4618715154692,2.87778167615434,14.249886046339,2.19680077640857,29,189.943374476775,0.863262101540646,13.3926447632825,0.951032502534288
22.4532719170805,0.785855056986619,3.53671825623205,0.501155074504733,23,41.4980221826008,0.330706350656435,13.3419299167487,0.924285810607221
88.0507261486928,2.39622527547214,11.5294212469243,2.8580897395285,20,53.1952042265052,1.21915385569212,8.05433425502822,2.92664923445934
163.8815039734,2.25710654263335,16.0015637915576,1.22551467665745,11,32.6364606098824,0.730558861135864,8.45676279257605,0.82616764452531
35.8975021326845,0.752961393166611,5.99838389539039,0.808009467585518,26,39.7727987948645,0.664056308707531,9.55791405914035,0.73741842778726
46.8331099320317,0.799616610447547,7.08854536587845,0.678915071863547,16,26.4936891028109,2.03170292509922,7.85077215877391,2.12264416405545
16.7036430885924,1.27077960732541,5.64569283530539,2.2904098231066,15,138.448096159723,2.05614418831407,14.9066409938754,1.89707947443458
21.2131639795852,0.58087782848982,7.1430275471677,0.683189052737652,28,65.8232265482585,2.42439558316657,9.40443055811615,1.33119627023001
40.7664416685063,0.812033276414096,12.0852670831091,0.986068927541782,4,43.658611988989,0.543195030014648,3.63469646931047,0.518051114896727
43.955099376851,2.72455967476577,8.7868291855264,2.94011721652563,2,45.9223933449246,1.54254956238156,9.32824087570981,1.45147151175423
31.9459691350274,2.94577040147321,6.49600707914961,1.49258851371937,14,58.0924001689642,2.78030946409412,16.4670871339874,2.71636383538141
4.19457834059688,0.333996705740875,4.8993873425861,0.633158087259382,11,22.4522598080281,1.31310385052805,5.89315121970593,2.0367430216001
197.767329666166,1.74350728635272,16.2875192146008,2.36654609580316,27,30.098963531598,0.717392056447272,5.26951494869939,0.61876896462263
118.354526257223,2.61951043822175,15.4481756210599,1.09761942480141,6,11.4649186610047,0.363640766267466,4.51013796513158,0.443341123120986
45.8136031187049,0.549630862920419,2.84981112367569,0.383186319649133,2,32.6851056334492,0.87601346805129,6.86777285780831,0.614739052018119
8.63735114765485,0.328208815640838,5.3687244593173,0.545175765666082,17,115.520840674639,0.462447183449192,12.5009560476017,0.780385172163436
155.23887307072,1.19923469400676,9.51777647355904,2.33147583421442,24,25.0639885614039,2.85132976118135,6.06477570298775,2.00540783871352
66.4894839063275,0.474985275864797,10.3274539862722,0.746547294214438,26,32.0149615701042,0.645858751241043,5.65143866513398,0.753261789065314
25.2622466786347,0.370423150345985,8.53321186272204,0.894867233684058,3,29.3295614706256,0.957959460147847,7.00195122513195,0.754002255732965
42.8917255503136,0.970933966874278,2.03790152501823,0.417249618746037,24,30.8610758064329,0.537697922120521,1.63712602993673,0.330192030195304
87.9615304762163,1.92648540866668,14.230674305477,1.95600443612817,28,20.0365974568956,0.330289139543515,7.28441016337807,0.499771640672276
28.7572668303132,0.614197106958097,4.30515058913504,0.458724353533812,3,22.6825055688298,0.60329006965108,6.18671251368127,0.943834057550796
43.0752033489338,2.76624428574865,6.24157200731018,2.19528034985025,17,172.763189491946,2.98916015986002,15.1742131936286,2.03761742608957
253.371168215443,1.19497291653903,15.3723816451083,1.97851673543675,7,37.3782583543824,0.700309053705155,7.24786368833869,0.494397220920211
23.1084326861584,0.431321001194611,9.08829673977613,0.706360940366801,30,123.457887006237,2.97021389874061,12.974519649949,1.06372526735199
68.2463940696348,0.831598701039133,3.05130022298503,0.437658574161844,1,13.5117451345401,0.505652587782667,4.63757959433204,0.636588685349786
72.7176451458008,0.528281059826709,8.43464821583212,0.609467533591946,2,41.6344094039047,0.863951027639461,5.87788391351809,0.585114077092078
41.9277352551097,0.916309235720073,4.88400095308241,0.568077176920091,2,100.751526613368,0.962804138185672,4.96021420238829,0.750477033650022
120.574577975429,0.951433998609921,4.29047587221618,0.589434867777544,16,62.1440924305918,1.29779865911598,9.41743672097974,2.84469652493779
93.3849421042774,2.03810251350198,6.03839521377195,1.28362879366241,6,114.943007890335,2.93728691950769,15.783422713166,2.30327973777568
74.4519660694303,1.47377642667593,6.63245050044913,2.38017927919259,9,27.4242821989969,0.888832338350886,4.88951956719012,0.940659920452862
33.164677572207,2.61136782743215,8.1083290544134,1.68914873137459,10,52.5621356546065,0.397773304954255,8.02886898651617,0.630451226877774
48.3882404427644,0.909718480770971,9.84300368506395,0.871965139678193,28,33.1264059600855,2.04915434297765,8.83670609690337,2.46136681367305
69.7985307378121,2.64570342903009,10.6962314377711,2.40769330635454,17,66.0190846759975,0.784163875950738,1.65254291844112,0.301541252053797
139.155032478186,2.91018926844902,9.74444152887228,1.87715763227725,19,118.091817315455,2.40073948500779,8.93378671332269,2.86784546831811
61.2141439072153,0.45733105518304,7.19351311171901,0.512214151184189,21,15.162049843353,0.462650771752647,8.8224828621608,0.685514815195386
215.214431942077,1.6921800096417,12.28404295431,1.59590280313545,18,98.6736837104895,1.73214935893926,5.70320049294759,2.01150604932394
20.8714989640904,0.648970694474396,8.53255583277779,0.983471960936807,4,274.645920339097,1.49118718743172,16.8378306651963,2.31058648060847
113.47272523909,0.894944503635748,8.03716324280437,0.547350614427399,12,37.1700420011474,0.677486958030275,12.5516496640388,0.827925456870514
5.86494335152062,0.346099695130389,6.0422282731728,0.975012909822542,6,31.7704775980777,0.466251868908372,11.0861873458596,0.845377793687237
5.73410763495741,0.400479739506955,5.2255669356163,0.978937027978204,27,114.111264094696,2.53028305265883,12.1569984044902,1.28170002099507
67.6283411057758,2.45629486235944,13.4628974454954,1.95446604542232,19,36.1444590922136,0.540902023849557,3.58925383743,0.399358822261083
157.835306941929,2.89945003630598,9.71758508746431,1.7520301596157,21,34.4823995516779,1.58844905548343,8.67892114065927,2.56852155471585
5.61090370957029,0.30752091084463,5.39919152770145,0.499586432439249,4,184.994600027048,2.06986949499357,16.6476670939796,2.41930842159134
91.5941173611298,0.746175992765765,9.06208245628482,0.749407521595479,29,47.8844668444401,0.92827029625654,8.4193528016389,0.601673960513638
29.8254829504012,0.898965960477486,10.0050538466568,0.912910549418226,19,27.5777154070788,0.569015569195687,2.70246330518842,0.346380658300099
65.1371857264525,0.757253994833903,5.36854038265568,0.491718148230729,21,17.9749849910097,0.599120391973943,3.92840651279055,0.553923717876986
68.3592307204758,1.73750360030226,5.92694255714034,2.77718700559657,23,54.2400652128341,0.929449702945949,4.53714302562348,0.457402521085391
109.055827080844,0.890999252017847,7.07636125046168,0.615236819164951,1,91.2133046856656,0.952918010070792,11.7357080009543,0.838970445286088
108.822169166452,2.50082018144259,14.1905873489603,1.24497509430675,12,48.8553339503018,0.459279388019537,7.19476656160004,0.963920965479038
18.5580399038374,0.561674825381357,4.18926750774907,0.484436870909234,27,295.29971419295,2.99826101977438,15.3486506006982,1.4582168859829
70.5480981648984,1.52630755313188,15.1355459344761,1.4153455663295,22,30.8476575007466,0.619846012563617,5.53765880602251,0.574645930382503
17.3693003897135,0.351008936001279,6.37644059066851,0.709236625852475,4,6.90943615565764,0.315997689214832,4.56803399896338,0.436496543965876
33.420338216951,2.82333403451478,10.9897690915837,2.57596221833533,15,36.0500389640155,0.796466528508037,2.54503240597076,0.390337788113667
8.33507856120091,0.312616601309842,2.46945261436544,0.459975135935039,19,29.4212947054535,0.99598867386209,6.42175145504525,0.654220859442179
51.4090450504318,0.780777815464472,4.51952229244165,0.525368301115759,11,33.8897355544626,1.2976080055638,9.61845784591999,2.5671257418476
12.2269576429225,0.310390775386378,10.0949574658521,0.978673820164047,15,77.6932357344932,2.02080685427969,12.2466960653737,2.42857562294652
97.6971395156183,2.44241482943372,15.2971137499728,1.96685075436616,8,43.2634654591739,0.924630765552412,11.0176899153834,0.928278565371798
139.78111579959,1.11986104478989,12.3428549005497,1.67019265797812,2,60.7167299113355,1.96558558088324,11.3292099785352,2.38581373143187
153.861299970688,1.23198311648668,16.6675956541659,2.02737570032525,3,47.4686586442528,1.15068486850034,6.33751107846146,2.84849361487417
76.1990743499854,0.734652721839247,10.7955500858823,0.786318438260103,26,45.7614022599984,0.718024666776616,4.71728240925249,0.87490919064352
17.1830689175597,0.492264234442153,4.82084836621719,0.756273655732019,26,52.6433875197093,1.97102494889136,8.50845035188684,2.12164933895141
35.5213019411183,0.749704262013837,3.356977221355,0.497153748442734,26,76.2942356201986,1.75501425146579,15.1668636729974,1.76165321216801
52.9224033815866,2.17976791940661,12.6626880242226,2.14996884066832,4,75.4413994034655,1.88296305877496,14.0822755822656,2.79276547477371
108.940409427984,1.89704101795768,8.14912737002403,2.65682709074299,20,74.3510347028773,0.748861453833509,11.8908758121006,0.752686563463967
43.9662152950318,0.869766098768817,1.05757961263525,0.320752200308139,3,142.495263509637,2.65034400774592,11.3461029787725,1.29673534520949
19.198962993691,1.58949270977342,6.30840861635527,2.8998662707998,17,148.333478540603,0.672848052776718,2.82468287753001,0.349885788089685
82.9095953535991,1.59171129805671,7.93887800923631,1.30830529162076,16,106.533327910605,0.740542131499176,1.90364508821618,0.315973910127382
31.168956599893,0.554945787987351,11.675153254777,0.721587496127207,29,56.59946411112,0.712648825700996,3.02448631835374,0.35627726937424
42.0175637277651,2.09977963317409,9.17524420500436,2.07957535901565,16,5.37450098560584,0.322918198142108,4.96356811520505,0.940781457897472
55.2266269977436,1.43827703255026,13.2397175030654,2.61556712100902,8,20.5924700306004,0.337577611144551,2.59827256427181,0.394791174462048
46.5510410328633,2.79076114219027,7.94074358049774,2.01517842818019,15,189.943427659696,0.919597557967617,12.1268022119935,0.918776486881319
23.9205723651355,1.56965102995278,6.46998320901637,1.85007740162298,20,77.9825107498564,2.95992166989409,12.8502130493458,2.10091459487507
47.8365850703714,0.541270977246665,2.76138944603184,0.441570829817779,20,60.4534377910853,0.981615565017634,9.75582379513706,0.929994276946368
50.4110427667171,2.1880833273821,5.54587820583757,1.37277871278957,10,17.5211705963126,0.70017814015075,5.6381994113074,0.977672327252993
55.855422568264,2.70796585373264,13.9808550657553,1.32819858236032,27,89.977116431151,0.534655830196604,12.849207704153,0.925436095930886
112.996691109671,2.05919960401931,13.7437005431928,2.92321268614844,22,40.4941083668492,0.66541886503705,3.66829236978076,0.384166753391175
47.734723185492,0.92835563928399,2.17441575806579,0.421305711880704,11,48.2650914281317,1.1849320201347,13.2889054844041,1.89195674160722
34.053066653495,2.49091863698346,7.60209906654378,1.04708317224028,3,39.4915020848289,0.912503029437996,7.9650735883352,0.625820549513424
6.75758147747307,0.326527611157378,7.87425290827708,0.652227354528268,12,45.5989213556118,0.872215549453105,9.88511659637143,0.610079173375487
27.4709324811966,0.793550068189075,1.55886378120142,0.357473416076183,20,58.6156595648891,1.05843947470118,14.650625467341,1.46687280280378
69.195544896971,1.66426853654369,9.27793202432328,1.23162113864118,10,17.1222304936548,0.389123546568711,4.80598797189892,0.425073876428052
61.1774565537484,1.94798099193743,11.1590339859019,2.72269894983006,19,23.9466822925856,0.459396210791664,12.1586781180682,0.728867390853554
71.384381031726,0.738050551515208,4.28458075843705,0.439997580837316,4,33.8498780683673,1.88390325883242,11.300596636076,2.32854480187675
30.861000405316,0.970509999310815,9.85929183757977,0.894535733667403,17,63.4511759706175,0.515620413499892,7.54043966632384,0.898454784018547
9.06495281895604,0.325068046458962,10.596526041715,0.971629036876634,13,71.3069248065752,1.0544851581855,16.4372516678803,1.91560285504581
30.5102290005742,2.0946483246619,8.50209798669346,2.62743404257987,24,45.3281442182842,1.2984265781173,11.0016925935502,1.21397609937503
30.3413735926866,0.739546840370266,3.80919169504355,0.674428369265654,3,23.2442950201883,0.336455386640635,3.41995933079853,0.400563003585443
16.1938993511701,0.485182098585155,8.07875070181463,0.9663985682411,7,26.646964032074,1.15115289262488,9.04893139843047,2.53913642188493
52.7567147495705,1.52848828703138,16.9341402221872,2.24013972036743,13,51.8371552550233,0.641416803476324,4.57621974342808,0.571618470173426
166.812293529667,1.91362313883487,14.2044127667529,1.83067632402816,8,58.5051818088399,1.75371865456622,11.6392884606626,1.54565771861773
108.011128934088,1.94650723719952,12.8679855576411,2.70945188657513,18,116.824390949012,1.96700316038534,9.92566371697045,2.4037639114865
80.4998571701357,2.09896388091155,14.5443701064487,1.47371840332585,24,43.3188601748047,0.705219546969731,4.37728552834945,0.438488886990572
81.267468255884,2.24842286375168,14.8919952420218,1.81122344177722,28,61.0397894409853,2.71524877391596,11.0220902534722,1.33476238811907
46.7484097980601,0.61942748340234,4.59367137878017,0.558408376374151,14,32.9785481450094,0.686918212013366,8.11334063202138,0.842655948461905
189.4516589252,2.2234438896348,12.276767612769,2.51795907243902,20,65.7413057121548,2.11486500551801,6.50500179089832,1.02952510370922
91.2219156743668,0.737444627640863,11.2952711957332,0.875813579909333,30,51.1445629857152,0.96506488719484,1.31429679303476,0.345183214933628
50.0624040516072,0.630117913389329,2.08477439796977,0.360529712240672,23,19.6857441038261,0.540925624442153,3.31100522214747,0.420843386166893
122.368663941913,2.31640515025563,13.8436882682686,1.5772418461584,27,70.8772906842962,0.599249303372788,10.6188985207775,0.931614126911814
134.367429426407,1.31154911463584,10.5257099544016,2.60603234709511,6,94.322999957077,1.10915449376523,7.75711772856901,1.30093122142876
24.8871023833801,0.593703546215554,5.76776206155542,0.756393306555962,3,39.5683908114651,2.75740276687044,9.0519489802133,2.79059199260863
53.5016016947019,1.62682001480446,9.94613399735846,2.32372031283101,28,58.3909573449219,2.82238990897127,11.6566042994807,1.56169050352425
136.301435597466,1.44740967139715,13.392311199578,2.55517317515845,8,38.046056946302,0.992439162230025,3.93610707030789,0.52883488445182
28.5232406984602,0.505219730663712,5.97252191617972,0.660127306558904,11,21.0929938805521,0.589825364282131,8.12013243246668,0.768842663738332
66.2150565045704,2.32342150471344,11.2647437217798,1.52645858562873,26,37.5671061422494,0.544945208691111,7.46371745407301,0.648552101183779
50.0788797079388,1.96817717347839,12.0346940389587,1.65611933555124,18,128.858898163627,2.86852328166969,8.37082794140562,1.31408612818191
35.4188546669863,0.544179964359493,2.24273078182745,0.355947122198331,30,63.8446819158601,0.876506963768121,9.90099210795065,0.93381249168682
60.0813617357161,0.900729984149891,9.68016656193106,0.760850286772801,20,73.5622763087408,0.827049007973319,9.42657740405117,0.669315775680434
34.2894522820797,2.01219755586002,7.27636128887421,2.9182992905414,25,38.8178032335782,2.70605482631444,12.7673378665575,2.06506341323255
31.2438103033838,1.53356778121512,8.76377663229473,1.0760970775383,25,158.601375353143,0.812615583934556,2.21290890595397,0.344108613999373
23.7152150252899,0.633299815963806,5.33421995496458,0.813282765438725,30,24.2135190504673,0.506111318198668,14.0569471166886,0.991066678734675
69.7779162078404,1.12074787230327,14.6020991655183,2.06047664677807,15,3.92466893107293,0.360703960137564,4.85804549298361,0.738520546338088
18.1631993993997,1.54121513293644,5.89942408840063,2.42647428642486,26,45.0070243123438,2.46891329154452,8.62098248577631,1.08251517276128
24.2249380546775,0.56150670064328,13.1044554239532,0.991421950728936,20,109.745384305855,2.65894610988554,10.9380971327133,1.41430104507524
37.2269999674704,1.15272565320446,10.0413797829657,2.26237060344166,7,31.759637469842,2.63180221918882,5.75399012637728,2.62453465607575
88.2333570469511,1.77772904043339,5.71106811781813,2.32893652184121,20,49.6691698985634,2.90873527686115,5.77406892056233,1.56995068833132
40.6223098593791,1.74552111043636,9.93917557885384,2.28172956897807,22,72.9653731675068,0.925592564505504,7.33144552178659,0.644335254231277
121.075466339329,2.76137741396099,7.70168687634714,1.51477048455871,4,46.4810501686044,2.14432267601943,7.75866714567953,1.93816917763006
43.9746474406792,0.788148610474028,9.75892799855639,0.61879494807434,5,21.9595515798747,0.473365325247557,9.16043835525586,0.723343551823619
46.3241858034332,2.23601251208172,13.2138245890724,1.86015682667599,12,29.8855930627357,0.472825783503078,11.6668105050753,0.900074516509985
72.09585128768,1.84978881690372,11.7467894258503,1.67792437671374,1,31.9108355067843,0.562306097537991,7.18780139427519,0.551366787214724
27.0358121609162,0.919550523181057,5.77276828939458,0.953340398714847,10,16.1164027700267,0.839412668453668,3.40317037536879,0.570105886282123
30.3066873359066,2.26051648436097,9.84817148572475,2.91212584214548,28,32.8267677519972,0.805683418903345,6.24813605686446,0.51212594631855
10.5554857345012,0.404411638681601,4.08742821762324,0.514828855396604,25,68.3063864638156,0.622952363784123,1.10873019909601,0.351614883224975
6.74336116380581,0.31867959310965,7.0342365828975,0.565536713970674,14,66.2631599955799,1.81178441031915,11.3077528350872,2.85093027856394
69.4142641290072,2.3595887675533,7.11355437351234,2.56642582723274,28,202.949832240853,1.0925925665353,11.7063211118894,2.2240593807262
15.6618378833244,0.43406705651178,3.74389274910237,0.44251909329823,8,18.9850949291914,0.625609267161791,1.16491580473783,0.315989565892416
23.471045436989,0.477818678648227,6.31626728989557,0.9453269842051,16,22.6667852003594,0.43615871771373,9.24188947283129,0.977726834859486
83.3955565260037,0.942305735642269,11.3236698164043,0.885988798387277,21,156.615985099331,2.26618032325186,8.32716748244169,2.56206621776769
39.5325456848086,1.78615417233889,11.2769710525816,1.30375825624777,28,76.7596430803814,2.35290576597424,13.9799771980491,2.4780875354085
35.9044287649242,0.950384981916995,10.2761316333645,0.779868858323511,28,61.8710260114163,2.62611700155814,14.0519646460493,1.83176682111134
12.5639490289712,0.426452479145571,9.42185422947379,0.77957696123369,10,50.1515955544101,1.8210871607733,13.3344139500834,2.09109091002238
30.0374039484102,2.20919644258405,6.67826850503342,1.13621607813184,11,85.9035744336221,0.731013114200723,10.0610043748743,0.62248152821977
65.069807560181,2.45477013588469,7.97399504368652,1.90003329524434,11,38.4437068165652,0.773922113305944,6.02410058941902,0.620701163699597
52.3911358513572,2.50557998178321,14.4283983666303,2.82196459248714,2,74.2927302350212,2.72032266345809,6.04353775016561,2.17613737102085
25.8545981449129,2.48606510055702,6.57203622631051,2.7022898495262,24,53.3818224574289,2.48036474082082,6.11401090803115,1.43299724464411
74.185798137037,0.503287207283174,9.56216871854301,0.866942248619906,3,55.9952761299649,0.950584468972117,13.4584897863337,0.837088320759565
7.9363110966013,0.3320327557984,3.1006032173025,0.461441941963955,20,19.7608092033255,0.422856798740945,5.58007304223252,0.502386987668367
34.2485607617469,2.63227129043652,6.93408963578129,2.58294744877267,20,136.954072856275,2.47790690515745,12.2056099284646,1.41119553267146
56.4318304727014,0.703207204334775,9.12967342889038,0.96187681081767,29,21.5570831935308,0.678354153332857,1.7196012511702,0.392762495372893
17.2639037606122,0.533699970413094,9.36788446587533,0.954608966766497,21,5.46501606311414,0.347189507515015,6.47395014110702,0.666829575231359
69.682809949828,0.948379691023175,2.22189201010567,0.417241630746759,24,45.8107166897483,0.720610727284588,7.65960571768345,0.728084209174223
9.71250772442498,0.378018523673399,5.3574313358189,0.97611368648814,6,34.2599363965715,0.683852034100057,1.26515026710882,0.300959462941656
55.649332692426,1.70094164959994,10.1688174964665,2.75208919500601,24,13.7927404441887,0.468067705449395,4.62788656619831,0.634635592176401
39.7440738250806,0.824911240499894,10.2043696494746,0.941741513069141,22,47.931756525559,1.77540642860592,10.8485798625481,1.39975204582343
54.8621856141477,2.64721753077418,13.0466964806048,1.39666170522139,27,146.316500602743,2.20905001160276,15.9111222188658,2.23818256726693
149.249830260485,0.979270293831346,14.064678394657,0.907757238716548,10,61.2957406691747,0.496943998417033,2.38074273839886,0.330552771607976
16.8394722067035,0.588983037749859,5.8655027828992,0.644847192545892,8,48.6810617182988,0.587460362811609,2.19362247511366,0.356459058476841
32.2160714783354,0.545655130541049,10.5054566645651,0.699324108442997,11,21.6158469519965,1.7623097857151,6.27947232992021,1.31218404991483
62.4144265922124,2.62689557201171,15.8273413780479,1.67693833161322,12,44.4733619601866,1.46102694302542,13.1510725926949,1.0267127546443
75.8524954649403,0.914478606681078,5.33566358362383,0.486431682135711,15,47.742944611397,2.79620508913422,9.09545177187886,2.40665015919106
101.215018098008,2.94922920676935,16.5570792230319,2.39330634551984,21,53.1262353751501,0.744392144595351,3.9409044787576,0.442473835817976
31.1928986479542,0.623897292216502,5.88489949905219,0.534649471634816,3,31.6580264008022,1.10414045737804,9.38762548053896,1.77468833330359
42.8907087634162,0.816889625556451,9.78428966860112,0.94530756334363,19,56.0511599230315,2.22906714391119,12.8342067515591,1.13611130449095
72.0487572526623,0.85637660637058,2.88158598558419,0.367198476030903,27,34.7709806232971,0.592620211927876,5.61029498275808,0.452126020861394
137.066634520903,1.73896928267535,11.9417169335252,1.074820132252,16,40.2986683522389,0.60248859995009,8.83350107315547,0.920830008539033
152.801433489793,1.05617570841583,13.8765925165377,2.36194592299743,6,18.8314709709124,0.509223072126628,5.69540953478919,0.547858292413494
109.098343509714,0.692539196399234,8.03345361216951,0.652832547312982,6,56.2808251116603,2.89544486877189,12.2203652845195,1.49324240251961
89.1717246550461,2.6276599207898,9.62895574868541,1.1740753444023,21,13.3235823870245,0.527268283872942,6.80313085906965,0.764247582227474
107.318469665918,2.51909152638419,13.4462142230643,1.1457747545925,26,81.8562751974048,1.50129324780749,13.3780632841466,1.17016038970081
100.129202958437,2.75137196107678,14.6854492762538,1.04784760989868,21,129.103724380638,1.17660517328196,15.6317070077272,2.08134917457289
49.4529846638702,2.52863566558386,13.936987736726,1.72530141404755,7,54.1635019484338,1.64057480308416,14.2861812488316,1.77226293265973
77.1372018828244,1.11808663842895,15.0829444538341,1.02227586330255,10,39.4027808018303,2.20944669043884,10.7233897703834,1.67380551005899
83.7869202036347,0.875893027844095,0.911632585330737,0.332805516817761,12,39.4222113635592,0.879661450832103,5.62669184085076,0.601407174834821
5.91073940664283,0.337591881735227,1.93258442931137,0.354042000266495,10,45.8149537827776,2.27285231859393,12.1693418816357,1.95271649583393
111.075980146943,1.28449153295294,11.5017920344697,2.50206199589726,9,18.775981936796,0.885944283223025,6.44970159280081,0.995788658561585
114.140159603889,0.944755573435364,1.76728595948521,0.321461061703115,19,83.5362590391717,1.33961165586633,11.6403158563801,1.50620238167585
42.7590323527847,2.9737169906153,13.5669388088299,2.80422845386046,27,29.4553181657875,0.701942242499096,5.35142513270322,0.469239947313305
36.0710091791928,2.36495594866366,10.7027970533996,2.23919872782046,10,50.4424829265902,1.90456845663686,11.1423970210567,2.52392474461977
74.9846362143203,2.51919997041733,11.0922664063796,2.93054807635524,9,29.0120226772968,0.838534716349456,7.15874136450656,0.645227514512703
11.2065400083511,0.578206478111659,3.00768477378384,0.538983487340261,1,12.6437015635516,0.589596132009064,4.33543607797807,0.626599604251122
83.7638538758274,0.695236246397877,1.20321701298119,0.302939487738354,23,129.151874469307,1.25035651993066,8.57402162630147,1.5785422956407
28.5737415581924,0.443482719347102,5.31996655918426,0.617124004869454,19,40.4584140658723,0.929098744109823,6.65300135623485,0.987713024912946
90.9710749246539,2.83482629212153,12.2646275912864,2.30083603551476,4,66.6132099890832,1.89842098692399,13.1715965198524,2.55309695256433
113.216365885645,1.34786046952587,7.2879706683206,2.51319145858901,21,35.2034433666828,1.80812796563293,7.94891932677787,1.03628610626351
99.6601420871853,2.43952371958183,10.3424581068688,1.0287535394025,11,48.5136487401716,1.24980035313877,14.0884697749218,1.65230249610168
36.6798029908384,0.460775705442857,7.2837026836876,0.697931497926657,16,99.7112976369403,1.82616146557072,12.7755020000363,2.49320655844982
113.906225728667,2.90368702646645,14.5527608070174,2.95051032003956,30,48.3648799223394,0.995000424809267,9.24617873471961,0.726569957830703
156.395549620819,0.827731971784775,11.6066603488703,0.776663235214233,2,14.0132473226239,0.400797934861649,7.21823681826183,0.506526412528298
23.598465188214,0.747095681662369,6.18090963833784,0.685171318702249,4,68.6357660116529,1.69589385867325,13.3450632305368,2.16667156789445
64.2795689247587,0.984398371104421,7.28356003125298,0.608656768381442,23,33.0719076468996,0.572095206055404,4.41405647679632,0.481411021264829
44.6574411310936,0.765844209755873,10.3321673991452,0.94443274987114,1,43.0975144671297,1.6106021371476,10.4248870782919,1.49492492895642
25.5224717709562,1.12881229479844,7.99059683514,1.61619695694618,18,52.7241752947948,1.09415150727754,14.3100783785993,2.8006539151683
52.5955154371041,1.57701212670551,15.8237917781771,2.94178906937349,13,8.20510222854116,0.354494910504901,5.94564775261306,0.960722427025958
84.95869277661,2.05583691767922,14.8336045251136,2.92607207885124,11,35.7710119260034,0.882497461025168,2.35407700398436,0.413188243617023
49.0445497696503,1.37094743483047,12.8799007416488,2.00160009158943,12,56.2104240398375,0.734357134360239,8.90437875425206,0.868872852477807
63.6198489997609,2.4660057861792,16.2860439827634,2.81658899235418,24,29.328463431075,0.536677569267611,7.97540481380886,0.646717803577889
55.741010731678,0.635373584205384,4.76788056121761,0.415135694927819,11,34.1737229555637,0.584331537122484,8.47934824157467,0.550310942267028
176.219794354347,1.15697654894523,16.3075994646271,2.32504419474564,27,28.2897905385234,0.512817466798125,3.66024781380334,0.477874770707326
113.374407984927,0.584564753154036,10.3354325190222,0.711573166637203,25,67.7162239716928,0.494090866015393,1.3880897640798,0.332595662422145
40.3893835524555,2.47368885578892,7.28948926983196,2.59184960827333,24,53.6625389622803,1.55437006812484,10.9370047740045,2.36104298748085
46.6048027560176,0.985688975279572,6.38996768481571,0.512481554474092,13,112.962205320599,1.31740408411344,12.3510806951978,1.43841354158994
153.110625628698,1.65144986641538,15.7252514897445,2.87191438687274,27,40.085310414603,1.33911932903301,11.3082686536241,2.13652690990787
52.5065983490608,2.17417676282882,12.864047794822,1.52259039790312,3,9.80365846384419,0.390553191219346,5.51995523312685,0.751835199456906
32.9422110331216,0.59945888370777,7.09130509596554,0.742272660653909,30,37.3297957750155,1.64135843617121,7.83390991869071,1.47285544109599
63.0789437102719,2.81982375820334,8.64686332602109,1.74384548829695,15,82.3105834735267,0.999793198828906,3.13207225080067,0.486951805281569
55.5016281663831,2.09012794178062,12.266509946676,2.30218612507334,3,11.4460045572851,0.369013415039799,3.16693101401535,0.491199382956499
39.6668694226437,0.747502739671984,11.2692658920539,0.694638868846874,22,39.585976467661,2.06231955268585,12.7848888354266,2.38059349998414
23.7526411271752,2.26091004357498,5.94602967645242,1.24255216961273,8,206.611002607191,1.67347005806038,15.3304959109224,1.56990218385014
47.7935414034611,1.19625225006343,8.30482451614548,2.30740683141905,7,85.4185757817457,0.878578115291599,14.020481926739,0.908015138197285
6.20370720094012,0.444768031489442,1.91448255296547,0.437570076413036,15,204.97150577752,2.67649573598359,15.5198297780827,1.46019993472893
38.471763599144,0.849493180501675,4.78803542611291,0.688551195184369,1,38.2026187217787,0.68476087532535,6.7223281821087,0.789133145818097
90.8934240879189,0.74879493369599,14.259881293922,0.97216994101275,7,30.5370853257637,0.909122517193268,8.3845966126742,0.998884643377497
133.369335179188,0.815271032506418,7.68522655496875,0.742436754178836,16,29.655309495886,0.759803946727938,1.79587682035262,0.400617476254898
66.070346190095,1.93734043551424,13.4541235917251,1.69343851861227,23,92.1174066189743,1.28422744838204,16.4182141123579,1.94593453240219
18.5739128508994,0.415772455463527,1.17653249218052,0.342397673322536,4,150.47736724373,2.78341579735266,10.452248415063,2.35710711282621
27.847579576984,0.671226730267445,6.07904023875646,0.757207743696412,24,58.6811677619937,2.30452442437917,14.2673327410423,2.26659828487323
65.1909442587296,0.503916104141491,10.8514346746146,0.793745006182494,3,69.6265895242999,2.99392745545702,16.8175123723914,2.19949233306197
15.1970879983766,0.352634958463692,3.95405059984511,0.401748271000673,12,64.1643331706105,1.27273894756319,16.0945314295443,1.82349151649881
68.4593206805495,1.32129117500205,8.23612651278108,2.78086945275145,16,12.1631402756361,0.456273055645318,1.86936405751575,0.396350593451432
69.3024137933495,1.69370653965175,15.5862289829809,1.64604508107308,19,136.375377987579,1.79150621938645,10.5591557534081,1.66757510960112
28.5136649423175,0.678321187829422,12.0699382085686,0.944215861296967,27,30.0429921970362,1.65952247867441,7.63669743445163,1.13137506416894
90.7942266443942,2.524577410036,10.4207541917016,1.70020338712159,6,117.926429825087,2.25768813762196,13.6074769701895,1.65073409110418
40.5459469256827,0.772666166633947,3.47950460364838,0.565571718859584,4,129.630219660219,2.57328624790825,13.8878091722237,1.55387260144605
72.0163298012689,2.84457181185326,7.49888469255101,2.01078718294214,22,60.7569849328143,0.772179463757789,11.4521593049099,0.909594843729179
41.298023913085,0.957925497923138,5.82218196748113,0.527088731787968,27,34.4749504826556,0.838352865621912,3.09870743383297,0.408929893199314
74.6714940983988,0.696061666992101,12.4578334236413,0.967460868391599,8,61.4628879410577,0.607206645918803,2.69308329061901,0.469479694901689
83.3466748413451,0.787541165902947,3.69350791968498,0.651154313746661,24,3.33707211922363,0.3251411835463,3.52395310507729,0.582350440663882
55.6625822277944,0.662403224321227,7.75600317655808,0.798227207501237,24,48.3265843405858,0.872228788098046,9.21643743850427,0.702749049163124
21.3805513428763,2.81099424457053,7.08152685926644,2.48567351394453,29,125.140899182776,1.45919644351449,8.70767730045373,1.20113027471248
80.9708672822383,0.543594129585341,9.29658085483536,0.710718991647599,3,114.053363567889,2.80622949134178,14.7315883512407,1.12413779027704
75.0021118470746,2.75025344300867,10.4856253515069,2.56391564780745,14,54.3750066859481,2.53204936324591,13.2782940787466,2.09368248505821
41.772733774678,1.32390262031926,8.15711307851488,2.62300418154386,13,60.1951551869261,2.05098254716709,13.3263537802315,2.58230436814614
22.2615445983722,0.316893808186925,1.37652310715595,0.300733937703429,29,85.394740450868,2.72919911388714,14.3670023429172,2.16970386112905
59.523325399028,2.72319423388668,6.37836525541367,2.9316342694696,16,64.9489057274763,0.587906852677085,3.29562457856718,0.407742078842909
83.2158037042363,1.26183391055611,13.6943468781376,1.66325961347382,20,76.4892792166251,2.25947869129728,12.3270886147236,2.83112819212181
107.721814950784,1.38492225901198,12.768858830675,2.63221532946754,6,43.418856935091,0.961247467047769,4.50828554581038,0.477064977950864
48.558438174337,2.52911484680226,14.0984222518126,1.27985629647829,8,35.4499420798102,1.71547624878502,7.16571798058597,2.94071088429322
75.7845607698835,0.549671881662586,11.5538852241877,0.7167016318685,20,29.4066448396688,0.756097612943316,1.18491314961606,0.30607460742417
69.9743206310365,2.55645271071164,12.8633393509043,1.48281934997217,24,40.3427043577017,1.71313545560113,13.2962342821597,2.56338784424294
14.3827146979739,0.558811892759071,7.60489757865125,0.954423104130447,28,136.884500676826,0.896609563475558,8.31755103425957,0.569856934351195
44.8536429483567,1.8204589077316,13.5765064941283,2.92230628722917,27,131.946654391211,0.656405119112378,9.77141739440783,0.81481463287146
116.689819309464,1.08732764923048,16.6627505752383,2.82033765821267,28,104.230780856318,1.23091688355009,13.8865573633984,2.16621892007125
32.3283021720643,0.661617769919273,10.9309605290749,0.860757339318146,29,117.937517769142,1.74803636271967,10.52979256873,2.31823601485604
64.5133558063678,1.4462925723733,7.88074530351817,1.33347566752876,15,112.940668351541,2.33087601586392,16.2846983668388,1.68922113829462
15.2258314169882,0.539579817927806,6.11090803320375,0.655632407996747,1,71.3286007249889,2.88469812975272,9.02537053277616,1.97739501431162
121.977518518273,1.02205928655424,14.3854321544789,2.09842748805846,10,75.838089273774,0.981054385817349,11.8494222591466,0.896779660754559
86.3077250781175,2.97660022448755,14.1047446883363,1.30848545581062,28,75.7718327458886,1.77329590977799,10.6422219974528,1.56523972513637
74.512394510659,1.5136501854255,7.23796198156665,2.98685392672691,29,117.980283363018,2.47408720182362,6.81506030536442,1.83579075930544
32.345554646616,2.88835656430435,8.10018137203097,1.86635489280197,12,32.1087090737806,0.610222475334505,12.514768824253,0.930602785281267
31.656905825602,0.981086622347418,7.89505863470588,0.947682709522507,19,68.2464163817814,1.17564126824766,11.9554557783496,2.47682650130022
29.9785444995747,0.916582641846035,5.19859777418712,0.839797570247014,21,112.330956994927,1.71520203543288,8.13260464999813,2.25362920096563
39.7656291723406,2.50940820110106,8.68614481512156,1.68726643752711,18,29.4704986943295,0.826330018169651,5.24193961685171,0.788584782759387
121.858039954633,2.33119175146055,13.0668150366673,2.93054630374255,11,91.2550120572334,2.96575018830978,6.61748513035272,1.17705432701716
49.0068083552396,2.37794571099972,15.8020404783813,2.73368427083357,27,32.6329532294666,0.461948423235047,11.0410355754218,0.861302486609727
22.8507563708892,0.446149215151542,11.7033352474918,0.960523436639262,26,73.6237558224438,1.97715739091896,5.7438618668042,1.44858534041226
33.2981194639573,1.62704489562122,7.42484379566794,1.19007265693203,15,73.5105319953215,0.920872145262231,5.87123644900021,0.44561926680251
11.9352695198758,0.476006005625339,2.58755523608927,0.399593952090897,7,28.7829254588376,0.632451052257914,8.33503221499666,0.584522974763436
31.5226451869384,0.792276070969877,10.1051793035912,0.77678646581095,7,12.9433856750282,0.368835171735082,7.75084562837869,0.696606948666251
13.7894805918072,0.348460482935722,8.35983405579498,0.651610185470359,20,111.948817618379,2.28867797522749,12.7779246068695,1.68004672774778
136.913107952925,0.816305084760845,9.46714136465623,0.888326349864023,20,30.6369533579348,1.993929947153,5.76321844963636,2.16029185459202
49.7782848165942,2.82908710173993,16.2452514574011,2.86677567723124,18,14.9422730767446,0.567989811048896,3.14092947118137,0.561258603626327
47.1858074695293,1.09666603077198,7.0338800548172,2.92230821714973,11,45.9608765668991,1.27919521495921,6.89307944572207,1.23127770314901
39.7828423433162,0.775818450935465,1.99151492969912,0.39540922116012,19,40.2547140432445,0.419132549638001,5.77088919979465,0.467402788223182
40.5403989798429,2.11277735700506,12.9631625413001,2.86091865148211,7,70.3178253616208,0.855355735124422,5.27377265870408,0.434920947971802
115.808937597111,1.00213110366263,14.0938131201399,1.87749237384549,18,154.827841363335,0.623429535863073,1.51052648122819,0.302747159969185
15.4675398278259,0.396626388259928,9.18385498165037,0.606529116270799,28,41.2127107582879,2.85650747948457,11.2938305693875,2.58237091255964
41.3840397362034,0.669494137469862,4.05702115273239,0.398936035419631,4,34.0501755903372,1.77963228524526,9.43517433873501,2.47358463874816
60.2385674504682,1.81889118124669,13.3622760758632,1.50203508778178,7,106.307909012999,2.3442107336279,12.3445483982246,2.68006136926408
59.6613960450317,0.758828092783583,5.1038009574086,0.656968593644706,4,82.8853294145704,0.944745120519339,6.10807457915907,0.49310211798056
99.8928545931198,1.09497359851146,12.3466540516356,2.44352761476406,16,85.1941715884213,1.07229250006722,9.92662079236538,1.16136315328021
77.9240647605258,0.492247669523133,8.76996470591299,0.549201420270421,2,16.4419933811402,0.407950788537472,1.4615009872644,0.314655092738343
108.135610864091,1.79021402735561,6.12831543975181,2.05816562268285,20,37.895443227145,0.904227341667172,8.43013730945962,0.642380576838411
18.1487906358459,0.529580102954803,8.29359869614829,0.754323136634447,24,67.0459588105128,1.83992389542755,16.4846464589842,2.42995486600707
37.5756183826378,1.47427559467162,7.19655556012007,2.29675364667799,6,28.1541491853472,0.76728412631244,2.6468572232735,0.372499674358146
70.1561855252744,0.583723454275718,12.4319657155727,0.836071824347391,6,11.0146725511382,0.55513543504424,0.93434156983666,0.338137449400139
48.165937586497,0.927169110897162,4.22819641368282,0.486066399014191,7,81.2224651603502,0.571031353856755,13.6201752741749,0.888819528642339
72.903442369673,0.48436295558343,13.6316174733406,0.873413370387837,12,50.2416202864257,2.43899326824899,11.5855017615756,1.56493857113612
104.925347428411,1.74344568741511,16.1133454028715,1.42323570913398,11,30.8020826206195,1.09575132987742,8.81057944811261,1.60165250635092
21.3267447907138,2.08075566979027,6.42856025893907,2.67221512959789,11,26.5198047340883,0.57862169236799,6.39359927011007,0.679808461390376
21.2410836762286,0.377084338156518,4.84754987299581,0.69969475692941,11,44.0281868579283,2.13441899669792,8.31903244755332,1.14712118652035
17.8951383876703,0.756246529953574,3.71811882987954,0.585252732506078,9,32.5789281434671,1.05015307434026,9.41822016219833,2.92475175161067
72.6831044045627,1.27101610386155,8.97292348435292,1.51142830627124,1,92.0807944262782,0.618626553950189,6.76549437831017,0.672417751332908
46.3116950826702,2.57703649359881,12.1567831861734,1.10571391048956,9,30.6100039172472,0.604553166202048,9.90573719232082,0.951179899215517
70.219246944896,1.79331313462093,16.2474798680423,2.18362439877758,10,58.0732864944553,0.93246703163859,7.83260072455657,0.867807082429535
59.1076287959119,0.952720389219902,2.88633108606959,0.371562225413457,7,11.469461147428,0.577612945600449,5.20176029513483,0.776483420255239
131.044739524163,2.36963396589408,7.49314293288822,1.6386877207292,2,23.9574451254251,0.544877651838666,3.38154447702946,0.402502038826907
137.688525102401,1.34390139001715,14.5995316241805,2.17420656461769,6,168.485146615344,1.87540265388486,9.59076287940565,2.55573754468653
36.0439267831612,1.48997175574238,5.6956167251053,1.61238725915355,3,6.54157873544785,0.336706753039645,10.1778778287889,0.906918089235097
105.275481600926,0.982514505571912,4.19026614954113,0.415143872190643,6,25.896989284176,0.756083150756647,7.11914208606837,0.922165598485316
96.7457177772253,0.82102442559629,7.91947651058161,0.543834162789167,18,216.877976861457,2.19507043513622,12.3348631666898,1.83381801510084
107.108425159421,2.18281839554858,8.46480858003656,1.36454387987163,15,28.2881038255493,2.45092518389447,8.21243694812343,1.24225717194896
8.4012870400488,0.363993698942348,5.70549137084211,0.97950563115249,7,26.9339589603643,0.463847585228657,11.7021404575149,0.785020687559883
42.2548116695367,1.23849859264221,11.8784855629401,1.90000902015614,18,55.1751536565115,2.80315325846712,14.2751301871574,1.35801453612923
13.8978745788682,0.440726645575921,7.51601948797193,0.892463821271582,26,44.7579846104586,2.46375704245385,6.53608514789647,2.75706277987086
248.061636827993,2.72417005029777,14.1390843622321,2.92404191380471,19,40.1831677831976,2.0153751362005,6.90000748942747,2.34502818170973
78.6130503487301,1.25517367524137,15.0090932026798,2.99730023448605,28,18.9518105610082,0.567671867560847,6.69133590300087,0.626608510479195
241.328437459005,0.814560932263493,14.455546905388,0.956671167294348,4,8.41316300345206,0.343726961180652,6.92993559042035,0.587042339979096
41.1314016224309,0.715654348364667,12.2708598854068,0.953104719601202,2,105.227170794255,0.903227394236075,1.69836502828733,0.330439209397629
112.593292827106,0.589865242321461,6.84351026352133,0.58549855053479,20,111.157274161176,1.33779273275197,11.949541760208,1.07058155988201
38.8543956311075,1.85315880756613,10.4038041923797,1.58629911977557,21,21.9952226677645,0.313981146323766,11.5269319231859,0.704858308884702
42.5726253344721,2.74904447579024,12.109747140261,2.13246078927039,12,59.3524727556268,0.906151730812269,3.09960135375876,0.443826399256108
97.484952784518,0.757826863303463,7.96488855676794,0.738858759634566,3,51.0470591409893,2.68269537284642,14.1513899666261,2.91060001794432
56.6798208452349,2.10756620285592,16.6561940600049,2.54271865196867,25,60.5308583768264,0.98645646040926,9.16456192080093,0.780286295212454
46.3828047511195,0.668659831667759,14.7818747325138,0.971543556729164,14,26.5814731844843,0.519672618313312,6.59224019611491,0.938279416765751
121.19402889526,2.8240424146705,11.8445434349558,1.08738521433762,24,7.7241360949337,0.387992654427944,3.99129627894077,0.503922834077658
167.821473647916,2.7827885325975,16.0405315074799,2.6031070480452,16,12.8311487020228,0.443570697059239,0.871888664618828,0.302394027770839
19.6982242922124,0.717166462432154,4.67677465997032,0.791915628374081,21,22.2416514559511,0.460522586079704,1.72212013675352,0.341824648681742
46.8911126370003,0.537494301636569,9.65819907309264,0.64123403634258,12,80.3707258785884,0.954188962121725,11.6242873578018,0.821485012090164
63.6623067943528,1.18366569572521,15.1810264778921,2.50222981466781,23,156.20828777004,2.33293134748453,14.8278024108002,2.94377443102819
96.0033738691019,0.619598023178617,13.2358005642991,0.97992630128386,19,59.4799310044657,2.60253552385726,13.9660585448087,2.86315069362107
83.930529429115,0.837260790273421,4.27486693182289,0.39425052213577,1,271.069470069074,0.97699562070535,14.2836897673321,0.92937377694147
32.4379733059794,1.8779408447202,10.3271635873065,2.84561160668049,24,194.759892099043,1.16485885912957,15.30172666179,2.04383471845015
92.8111931228904,2.79796315309756,10.0311036990318,2.50626336502737,30,40.7456943927926,2.27786914555907,7.18898188397798,2.61325982267639
17.589079956311,0.402540801651476,13.2054371980248,0.923082820726751,24,19.3758179368311,0.733902260000358,1.09986512259065,0.348071463205941
16.6179265073973,0.947798836429778,2.51594222528069,0.493117719802715,7,32.4118883428855,0.596958861191809,1.21366032812661,0.367458554445739
111.29230226016,2.03567863155676,16.5043472840068,2.86683724337944,15,31.2258433673034,0.547824881815242,8.14962569762852,0.595411938626708
34.621076657825,0.768954856479479,4.53878868335404,0.735381388663161,2,29.8238418693302,0.630836454720961,5.29491145003955,0.971275053461128
14.2138340694985,0.389131356788051,9.12202164619201,0.665918676828576,29,36.9524444031363,0.843620781779699,4.85117193765898,0.548474665147301
24.8960995581525,0.906161609211709,0.895770737786503,0.311322351863789,28,231.535137420606,2.68555317938513,16.5551681305856,2.87052126229154
73.9610759390406,0.881238201506369,8.95575813671053,0.990049765520899,22,20.8546034490464,1.80588346979179,6.31450417824183,1.71825522631421
13.0655432234983,0.554534618557172,5.91328808681245,0.878835256414647,27,37.0530362251343,0.704576886954642,12.6150964403745,0.781457308131215
113.452251401409,0.912975131574344,6.35240433905925,0.533638943881675,5,56.7639527983224,2.62460859335189,16.3611519592023,2.10244780124048
42.6051003721648,2.88219761978566,12.9500230413848,2.80793117098903,28,15.8631928193309,0.510331571164359,8.3233297369476,0.998480555562028
29.1734748352957,2.5346469378129,8.70307020230339,2.43186240146197,12,113.28644774399,2.3099926142337,11.1931795539793,2.61548816128156
69.4923964628252,1.7869991708158,8.49380117516856,1.6169143513144,2,35.6160224183266,0.324793598415374,11.9912988721757,0.829390882915678
38.3730651809377,0.771820708518836,11.0556287150045,0.716420494952109,13,16.8995891006029,0.5151514495744,9.70662616666817,0.969377427001449
71.2946974353444,2.36895480229077,11.3528145630819,1.52228312468389,26,4.24478473495512,0.302042568744431,7.31754920055908,0.955967881572162
44.2228840089555,2.42097340696818,13.3906850713503,2.09264572740805,1,10.1317174859792,0.349284288886533,9.35960694213884,0.599930500516521
63.2348335071879,2.62511975746861,13.0450774273406,1.97924752133366,8,57.9171327409948,2.32332879422085,12.8221691569097,2.50846684907686
8.88544610987175,0.357246502365479,3.89729094050644,0.501146830390934,19,32.5705271749404,1.79039812441167,6.77379841612549,1.30396272970015
52.0540948546932,0.85718406861663,12.5173361736958,0.968094899975716,27,49.6126870203734,1.99200728541344,15.8428795709089,2.88640642131306
35.5659410126764,0.648015415569193,13.1136076429111,0.8094350726505,29,34.383202020807,0.803757101246085,5.26586284703513,0.472265798895524
49.939949743928,0.936755702466128,11.5750765497363,0.795586344487244,7,36.7738341439417,0.580580819415438,2.96851538221342,0.403566594385199
22.297852331971,0.315467162284882,11.767339897006,0.860045423617028,8,36.3829223942334,1.37365533706961,10.1805204060357,1.9296011317943
14.9446465827704,0.321917612222204,4.73321433263463,0.469796472904488,20,87.0993906790158,1.70089726392836,5.67710248982666,2.64108637473786
60.6366292377289,1.55496136282269,14.8624536918169,1.94960257580733,26,98.8898761620866,0.763099397096163,4.8473976039519,0.502610837887493
18.6876843827757,0.411484378617389,7.70026717924724,0.648755223495214,23,74.8059197100594,0.709726304286104,12.7674740015431,0.937462635593445
84.6282043371106,1.23433844035619,15.0827679394024,2.27202981008873,11,82.329942402432,0.766257799172184,9.60442391592039,0.628165146997633
204.54312534912,1.4954198543257,15.5188892878108,2.82553145080846,4,51.2527532599402,1.15209190382003,13.2526168897618,2.82968637749125
31.7428053279167,0.960666911716082,3.67946693990043,0.537971405938314,13,83.1074504484922,1.12614616593229,15.2839600920468,1.82895008985767
13.8452713802489,0.497826379434113,2.92478130403281,0.407118509052019,15,53.5516477006688,2.44577204759326,12.5517114276659,2.19660599425291
8.19096272626864,0.301699538164184,13.2281057620405,0.902307540840189,14,20.9244344503878,0.771504993735415,1.57569982750576,0.377328969945312
62.5585124666686,0.702982277040191,11.7978363516465,0.962487373354514,11,136.477998036226,1.88251477074456,14.0564405266107,1.52724618082704
52.4033140338225,2.81304057242129,14.9417408759557,2.12406583094917,20,86.5619346433424,2.63486594519075,10.6449987361244,2.63050808066916
161.556046163181,2.78728999727311,11.6311799536143,2.91295307548352,14,16.6383477054675,0.448627386016742,8.71389418945078,0.649800065723421
59.2103882199838,0.554355225080449,5.59889844094748,0.906191299110487,23,69.0305108347282,0.965551283924763,2.76118027364826,0.414616890831179
4.6663752173242,0.315582308471378,4.99645093172797,0.472866458721106,27,38.1743941079953,0.765033027362303,3.11455721015705,0.463004724771935
93.3278895166418,2.85970676657816,12.8225164857456,1.67620114676003,30,27.4144028200342,0.868043784020229,5.01539182630153,0.848683803573237
93.9876605424415,0.924276989649229,1.81328663154313,0.400520905467843,15,131.419740030505,2.63584586137488,8.59965016071305,2.76852704164469
82.901185941356,0.555941918997125,9.18153783674526,0.863017953866293,27,39.8636682806252,0.907263383038717,6.33444053405337,0.569547412213454
106.605638144768,2.07857208778761,12.9194998210245,1.62136350832383,5,53.0519475894228,1.24141642130737,9.11491443260823,1.00911770888721
29.3425273647757,2.50595682117843,6.17975403912495,2.20024517246504,22,21.4408006662384,0.493595764275576,2.0640471526631,0.398099034504137
148.261799296724,2.47107295398324,14.7268155315792,2.29821041811581,26,51.3841549594683,0.976156304444324,8.60085313387138,0.99263144832787
124.463977209885,1.41345900449303,16.7248718463435,2.3601527224084,25,77.3247021264521,1.4517164131331,13.2148642073885,2.65956921827226
42.1976686594354,2.5599681957619,10.0168748159556,1.37826260668492,13,228.852913827776,1.43856353498887,13.1864207051534,1.83340717686883
73.7328079491657,2.36320898600534,8.41686630868243,1.67062845928789,9,34.1240150243591,2.35617112564562,6.66510670264965,1.31158503079982
148.914298100897,1.97214712586506,8.67933404786721,2.47713752554391,27,31.6225989423318,1.96934548401251,9.55573100654058,2.79357888973685
36.5905654592382,2.82626812764562,9.96485258108421,1.77624647151847,19,101.176893917851,2.36213399413454,10.8090402301824,1.83872866086851
34.3394811587805,1.45005608834716,6.96008877499098,2.01628918142895,25,28.5971490501486,0.597832706408265,2.70077321434307,0.380554328994392
11.4423086765898,0.42428881191676,4.91422364667417,0.659596056251221,21,251.715983142267,1.06793589178986,14.8776826009324,2.28822423174508
53.2184411326469,0.873593107949319,6.75150041221226,0.530331741480869,24,84.2272122476799,1.17547368762362,6.27940672247642,1.42306976644508
254.555494576992,1.94514022308288,15.33745920335,1.97825576165224,7,36.9420208702111,0.46001609056896,13.6870622861748,0.976932818052067
86.3707702642612,1.27483926467852,8.80717263121087,2.76603591282718,8,143.0366775078,0.747228689017048,12.4938473796713,0.773940309345598
90.6156878815598,2.83082475431058,14.5626063384054,2.14545801689095,21,47.3682325968202,1.2889441040863,7.86042021760536,1.6605614499058
61.2342269565101,0.930267188384281,2.53512837274875,0.37776692399821,5,110.453761812879,0.906512221186365,11.7604829518562,0.748397437429034
10.9079702821754,0.520124205975669,5.00695817175202,0.821466136437053,26,84.203733589773,2.35682400797295,8.5199977525846,1.46389095010673
40.9447684316434,0.748238224667187,6.09099580640196,0.986380648491012,24,132.439996118232,2.47962915844563,12.7058530123503,1.39604638941295
55.0147047610472,2.58545781410711,11.7195135712185,2.81256564729539,13,89.4489747917263,2.51189132071851,9.58484537918492,1.63025543529678
151.346500647975,2.58204244176671,9.99000173252596,1.45508310564281,18,44.2896643742686,1.08253471728471,11.2934172130368,2.3840183448871
54.5304184794251,2.30143987847617,13.5323402829569,2.09802453470811,19,42.9451060159137,0.527355493903482,9.1216659585221,0.974398109506948
77.9574762432459,1.17030568588369,11.2077759900849,1.16952023678826,28,56.6862143288882,1.98388452969987,12.7446409940136,1.53962445846504
107.998570625578,1.12429133921983,11.5944024774471,1.97493277454643,17,37.5564028938368,0.731137166369141,8.86905700755736,0.59779811701535
106.485736189364,2.39550956984071,14.7714770514446,1.81987532949291,25,116.168269620218,1.34257154660992,12.4392369933795,1.86437744004945
9.9682722753395,0.479777586661148,5.54663952033997,0.845837320010195,17,138.139333390594,2.98963248220478,14.514071106835,1.52390359770994
51.4302681767374,1.67170579306957,11.9134034830535,1.77411761838369,11,45.3804580533726,2.32127597239668,6.19686052652357,2.30150274549747
61.4278578341163,1.01599452934083,15.7293062426676,2.06816088598485,27,46.4384789260696,2.53935555624469,13.6755799732556,1.37827127821035
7.32244997874055,0.440614254794522,4.14945194233711,0.71054264106802,7,41.7096181216265,2.56494218240915,8.1109020977232,1.50915927372763
141.751912610839,1.93632904462128,9.99021505918835,2.19744248972865,16,13.9901062836809,0.426551726408973,3.54246687584072,0.402482611995424
103.73832943678,1.98627867406701,10.6655023958435,1.93154451720924,8,35.1775491970873,1.24606735917288,11.895479166667,1.97613163303894
32.2643558948538,0.744761224110426,5.49804787662118,0.611714631557089,25,4.72330766922273,0.327521092487003,5.49379519891829,0.806749528540329
57.0240947928436,2.00226858503201,7.38588170658272,1.51018532326559,10,27.6960168455964,0.893423565625035,2.13077049242218,0.36592449329592
41.4755000838436,0.737253641343694,9.55073077362642,0.708112419931319,23,46.8214847454837,0.747014187797516,5.79969249090331,0.876579287694765
69.8008783965083,2.74842844860896,11.8236114018715,2.06891899511449,12,34.1771636810235,1.09414247104054,10.4569134878514,1.06952864276635
21.301761754731,0.847797956333507,4.98075163272839,0.798090182172141,10,23.8795249725258,0.569377323416412,7.24084626271952,0.59475165555441
193.615121357182,0.810594128298179,10.0371198867106,0.625365809839213,21,53.0229783258648,1.7966837902882,14.7005092853469,2.66241498052821
40.4869180391173,1.01438335039891,6.95777777676102,1.21933640743715,21,62.6369498425654,2.80299472568195,7.44653065978467,1.14945058129562
19.1819642965795,0.411375513531417,8.57715777891933,0.701820008622587,24,51.4459602075206,1.77102200147918,15.7167302588636,1.74028128898529
74.2424130968474,1.68188641350583,12.6804584595458,2.62433839970636,12,138.533991023615,1.73084278504986,7.65626217754356,1.17443237957082
19.9226738922963,0.538291949223463,5.25904196752957,0.558875639540046,9,10.8575258026767,0.343905740810731,7.37141085473888,0.567725230814575
19.192311557552,0.519220719551031,3.77278377210555,0.616613132333559,1,38.568862015559,1.5910480661623,10.6346913797642,2.44420477989499
41.2351716575574,2.30646717546489,13.3432992405176,1.86733054287805,9,36.7696735319943,0.602953517340671,6.03932775703567,0.64934325504923
15.8299098754886,0.572328417312328,1.44556676711038,0.343439202865086,30,113.163427673338,2.59560563580416,15.7694099421672,2.36998402851022
36.3588746917974,2.62832303601608,7.29411429136053,1.58059648670973,22,62.4489216348449,2.67723346251151,6.01227966281702,1.95033785334878
103.789872519409,2.3912793257876,6.31623649605129,1.51254959869065,12,170.825436397516,2.54648120404291,14.2396665614742,1.11980515753081
19.4355893290733,0.492560834934769,9.25042885986263,0.624503500335753,10,10.4422996562412,0.553263857646953,1.4053216378499,0.374969367386067
28.7989964977978,0.593878832288048,4.4663063647589,0.729115450185808,21,21.774974583425,0.695240589488379,1.6258533743974,0.405967034661189
48.411520827496,0.796234050122145,6.93090033153632,0.523289332211577,26,37.9246267252858,2.88796450494811,6.44841808713509,1.22198450803761
99.0107934019756,0.618616016629888,3.22405197381217,0.44645655661769,14,27.3263271459088,2.04107799010161,8.35083015360756,2.89644852028641
34.1021401070371,0.462323184178752,2.26864699235848,0.420881420126057,19,69.4170974583267,1.87391883739838,16.0587550732617,2.3445390681053
112.916466785949,0.90531585163739,9.08372258591315,0.635064000278296,16,221.619197617623,0.855669428572813,6.59021906448877,0.499564409672711
31.6836071490817,0.857705718762604,5.36319203795261,0.593088722893307,1,34.0362079584716,0.965364724416099,4.98761522323944,0.570421884567735
17.3572939206932,2.6525203542151,5.69468435834012,2.66122004939273,23,42.4458164323107,0.913716567599411,3.7523693100521,0.652397604028681
59.7001744006606,1.92376563943023,13.1064790042332,1.15389651582131,22,263.688843133387,1.69390122274546,14.5271523533523,1.96196703395279
57.7679246244396,1.95637764951723,13.2108625156926,1.04402763584624,9,102.319491093602,1.10881720156272,14.0156230207446,2.92108515422444
49.0733078300158,0.570740639221782,0.845965472406899,0.300184868756327,25,82.5218969417879,0.861487504494952,11.4780322891064,0.825629421644267
33.9302735974489,2.88542333311883,9.89227633612673,2.44499808496007,23,64.1217322090622,0.613940377064534,12.43127944091,0.936649401932528
137.685877000751,1.47544530990273,14.1353425382973,1.20739555364518,17,43.5647680272361,0.56309251692402,13.6868474041184,0.931781378765696
63.1382046252442,0.485223636473456,7.52367917637325,0.842536963274569,17,29.7112538563095,0.486538983318888,6.91296511576664,0.636049415473471
49.3078788442864,0.920351883085757,6.25056578942867,0.756423726126078,25,3.02771099665629,0.316937819969176,2.7809520878366,0.46503018572285
57.2685841457536,1.20983401094042,9.32207878239023,1.01736698204617,2,45.6029937966548,2.57810900230393,13.7624991667704,1.78919230322653
63.7935993173383,2.30086894376628,13.7012405762482,2.13158347188611,9,122.877259246734,2.34806051346107,14.5055558633325,2.14031270887803
6.06631997876786,0.317813880075014,9.31245878598539,0.956796378035933,3,29.4020102190131,0.95683212582211,4.5886269241462,0.840550003196373
311.738870975009,2.91686635863869,15.4261031070001,1.10915184214529,12,153.168828338223,0.95621320949104,2.32426114705911,0.334273394815508
26.7507458038917,0.363252014397009,9.28929944909428,0.648277845272157,6,36.2644069724959,2.41006631118604,9.1012402635243,2.41645063602533
108.16353845157,0.959557185897718,5.27579480922901,0.51891652124497,30,20.6665077161572,2.11489609845275,5.82272173998109,1.25886142843642
8.95434878228086,0.40192079918827,2.9996851325515,0.550505477093373,10,7.70952085665319,0.390391500291052,5.64591565527839,0.819509420414277
64.6137389509157,2.82763569284759,12.3516857602313,2.64040483802498,19,54.684515251176,2.91548189682587,12.3591670195993,1.1047972333076
49.1985593616279,2.57023630631212,11.6904344782034,2.92372908791172,28,41.8038317106316,1.64744001075516,7.28975409566002,2.9760934570334
42.806548266058,0.776586416047817,9.44783433613931,0.617217516114938,29,79.8336704877301,0.477901183640691,8.23627208933912,0.536130811885146
192.652469141772,2.3504354307051,15.6586521884524,2.24433118318197,1,211.746981278857,0.90212833047152,8.85923953358906,0.580664413315247
26.3973047350859,0.584581123079788,3.86885142266821,0.571165771092591,25,41.7243921004448,0.953135773192056,9.09606460850945,0.715508891752526
221.522691320112,2.8888908793228,15.3224976197874,2.84309416360056,8,112.931258365905,2.02371416222401,10.1274164067563,1.04930466077441
67.7349911176518,0.795453629500089,5.68538214468166,0.858862571922627,2,140.957901923985,2.39268245005609,15.0891454276915,2.72026475179376
121.503875565656,1.51307693402562,11.4962763073721,2.91847647505511,27,12.3371482821586,0.575410885549617,5.48071151493067,0.907235980075501
83.8146570800841,1.17588439590064,12.4639924258085,1.48854361437558,17,41.3772198842291,1.54154112672025,6.45195589509035,1.81970299114789
17.8954742777957,1.14364338131846,5.68105917351304,2.36214507419839,15,69.4132042210151,0.532069533373441,4.82382037820446,0.551441314350572
60.6029117538405,0.968926309126998,5.5426249029752,0.457579859999324,25,92.0177290616188,1.23955520948006,10.5699283077886,1.10355213488357
44.3204189691264,0.994835359011598,1.10315270380567,0.360675894166894,30,60.9700557869951,2.39715559123691,6.46072212429586,2.11512101835629
87.8114579863047,2.41752876080036,6.92557129383299,2.50587418633553,13,38.661024293987,0.812456319058286,2.82422628133424,0.437899107237354
29.8592992171601,0.543462556148693,10.5071865849321,0.766435989177234,10,31.8489515640588,0.69192802801323,6.81097305117031,0.95306123861614
40.6373015388363,0.926603287837211,9.41209948639605,0.795062115962095,13,32.4066817549724,2.02689897864675,6.43807385529556,2.03176156958497
4.94357885075263,0.317146435734314,2.16436902188252,0.341585618919047,27,40.8167027206553,1.95976162373736,7.61581577401106,1.93560498244803
34.3744267464003,0.697101819916686,11.445990264606,0.8474837234963,20,27.7602893192512,0.339565899609879,7.54158964253788,0.625034306225597
85.7551846049072,0.665332134669334,6.75639385381338,0.789259790790376,6,71.9469867611946,2.39101667037262,10.9414353553968,2.36202661740991
136.002471464094,2.35122197749345,11.5166212175143,2.55530536577409,29,104.587440458707,0.513557565340499,3.8076190274307,0.417787130637795
150.070863433558,2.94459819595341,15.7355705915991,1.25789012498811,10,93.0576730860897,2.75543497788413,15.7677483082559,1.65076553173814
13.4479418054148,0.462689504568249,8.78520525290143,0.861822958281661,14,77.0760714249963,2.59622168226968,6.02684280704418,1.49158803235212
18.0458239701478,0.407356574151824,5.28673136783466,0.692914572920436,20,50.2093426671533,0.408043617426229,7.90068528366515,0.569952183001788
11.7903480708386,0.359687832365341,2.94946428579297,0.470191988521452,19,68.9481428670841,1.7179424988803,10.215210919117,2.79878817890794
16.7937900183205,0.463461540957915,7.34983724447022,0.922414597042527,24,96.9178713775804,0.803217427664466,3.5231311598788,0.412347902273861
4.14211744484656,0.313150248179457,1.65271451826844,0.360224981118354,26,48.9268973254038,0.887512846878192,2.37158598808051,0.428649831395726
50.2722596994942,0.595743707984661,9.50140632285729,0.638147307712854,26,38.2498664451602,0.818570640709349,7.6679687538215,0.874266399394119
64.5814378672007,0.698363497905108,9.24731146669763,0.947508807576333,6,52.4975137106725,2.64446166785905,13.9110240844103,2.88404021637712
95.5960104352224,0.555970072989022,13.1455388510785,0.845276540010347,29,33.1976423512655,2.04949910364919,5.70101582846493,2.87571542452266
40.1780389471945,1.37398508081015,13.4861760781932,1.61941647146402,3,134.363978747196,0.870589485615569,6.18138209424381,0.466328844257494
24.678837170509,2.43748554461501,6.07542189872821,1.49410235051592,20,58.8671427584295,1.71876046107365,13.5006160842288,2.97225074707537
28.6866647299823,0.543408352068407,5.58877819464021,0.441240635419101,14,193.13494775706,2.69066390135101,11.4772231831486,1.21070602881511
21.2872058580245,0.893720307886483,4.75495658187163,0.627960006651935,25,101.138328344818,2.75980340780057,16.2736413025051,1.47699263921495
27.317691461263,2.63162068269694,6.77618723754613,1.09039367456798,22,172.330242687859,2.69978113659485,13.8853310279878,1.52966257198739
13.5649436256574,0.431823440845379,1.46666743153945,0.325759664484456,21,61.3171999177688,1.67201386178746,12.0072979607115,1.57352085765126
62.643786423238,1.56186592448959,11.6034775343458,2.05835158496648,15,53.0441209781951,0.928824105865358,4.65400338591786,0.800705185497733
34.9694813968923,0.960096326620586,6.52320360810162,0.531345319612942,28,62.4580161880328,0.487368884272301,3.34705020866498,0.380289104629036
18.1560008341152,0.755276774072323,6.34457527659381,0.839365528636943,18,212.961663883395,1.44029970959204,15.0902553487657,1.89064261373368
59.8318627627823,1.06368438825399,6.44159013631348,1.78545676479567,20,208.750328808947,2.60797131157242,11.1957814549783,2.97463769872558
27.6311225073047,2.82734902821455,8.62067573637772,1.75350524808635,26,18.2822873601771,0.974387595524299,4.0625581103741,0.669392890762462
45.0163834576523,0.626281231020641,3.89094045338368,0.600005802091951,4,53.2833126420911,2.87373037091389,11.3508867081768,1.72650414629383
113.053089897328,1.00471668246926,12.0922628864387,1.73995446493579,18,47.5227451200183,2.82931092155384,13.9984507529104,1.99188028366059
110.144166118858,1.54979261464219,11.250318551778,1.20126288051667,3,52.7864321803585,1.88726659655591,16.1318387142304,2.13940707533967
166.341309139413,1.61779236830485,10.6883736706796,2.94086688356967,18,38.368369534007,0.862873865632441,5.49208560455233,0.477104869842148
32.8001575539983,0.722739881662428,10.645988913887,0.846580103454539,22,37.4308493489964,0.593517053658541,9.6988701457168,0.975611176173079
30.8039490174569,0.806665554045854,7.69979669553932,0.947250333219901,14,43.3784254295505,2.42378478101661,5.5787972449041,1.02653809042658
26.6337463581895,0.912644063293152,2.51796489041924,0.430087174166482,20,50.8256331193191,2.31860960931754,12.6026998078804,1.9104357656215
40.4678136462723,0.604534217109735,4.86387025295606,0.439230646456102,6,95.690958790755,1.07333546847521,10.1253178159338,1.85766265127597
25.6983387556041,2.73215056434671,6.91904476639207,1.07919932702964,29,37.1270507166821,2.29607836336022,7.1588206285679,2.03645037312784
47.3972176170262,2.24322496934754,14.7516727663317,2.79620891103861,8,44.7666519476581,0.663711989817776,10.2611930391528,0.785768329685674
200.255783564967,2.74412102462578,10.5719293463879,2.78418654929057,26,49.0897876508681,0.899255087441296,0.824294588887647,0.303731943650863
190.66534506898,2.55155873220812,13.0601607035192,1.25595409830801,30,30.4761081136257,0.83334254484889,8.76558103360407,0.974732122109766
24.8055646528916,0.688948013019732,1.05650190991182,0.308501379773341,24,30.8375507615594,1.17121193971335,7.88050490692709,1.43373774464975
48.6535585422308,1.61578700165632,13.0660730990233,1.07720882475443,14,56.5302381521038,2.54511153915462,11.0156267583624,1.03321686735982
39.2736925948289,0.716336366882613,4.34751850439694,0.440643736776811,23,89.3611829112927,0.769206630049662,5.04076271199561,0.605729063411897
26.1642128580625,0.876747826748915,5.70264573941938,0.86827597154383,8,33.769844554044,0.464547040364201,12.0920070767707,0.954361209414865
82.7689902902786,0.503294476247734,8.21747049861046,0.653341692073084,15,19.5221165648327,2.01064260546696,6.26121235905267,1.97748363574054
47.1920977598316,2.33065200475429,6.30190285203057,2.84424005944181,23,11.6345142471624,0.379866247694892,6.3386742005888,0.596919750003836
97.0622011534838,0.883794857769372,4.3805233295628,0.400326807436017,8,55.6922219232738,0.823464787386607,4.3646971832591,0.490610179120336
49.3479558714818,0.761971334155037,6.94425005722598,0.660627793396173,29,82.2036781346521,1.92608374441563,8.7489480522953,1.69665649089457
87.9708848834593,0.947926627994845,7.54946584476277,0.529129588943889,23,88.0339729298869,1.50997447251036,11.8404165495382,1.34794139887514
143.623913919545,0.824860083961591,11.72923746628,0.73288581719527,6,242.09521045111,2.95582719818361,16.7888528036401,2.82993167380491
56.6471833243011,0.465173374185165,8.14510314937745,0.860712647246479,15,63.0571513178425,0.788763752877799,5.31621590227027,0.445130683361446
92.8592529304264,2.23857105739458,9.83312723199839,1.08079670423355,27,94.7202717594356,2.54883927803912,12.0559137739418,1.17180312179737
32.8120474615886,1.51862975626158,8.86593537442854,1.42661272849974,25,34.1193623882741,1.84791190035958,8.48097677847324,1.36866907245823
148.702825935745,1.94100040709742,15.3114324933842,2.48503374281821,20,42.2520560545516,0.549976409656522,2.7653643914656,0.482042008235991
65.2883235776928,1.11845513273634,10.9671872008796,2.2532493162028,7,125.917122162752,1.57909879596797,12.1282058352884,2.24216543509545
52.8830973873457,1.24348862290623,6.49916492450413,1.90032001736787,15,83.3038194240552,2.69238794215709,9.6419475371775,2.69145616045749
86.5134938307895,1.39713960803978,7.72774664731197,1.19189628318948,7,10.7691860427402,0.321780971871214,1.23596702953388,0.302653746550869
136.693937553352,2.22243126651952,8.53122717823443,1.82675647793187,6,49.3449833266612,0.855193546274959,1.76047039049576,0.414339359581695
44.2598119074134,2.4830552610483,14.6357224130386,2.47385049059443,21,56.4273278164695,1.57849070867445,9.953617785206,2.59000406479016
38.4437177328795,2.13042338666761,11.5589729536176,2.04682771497823,4,20.0731888141289,0.346202650118609,6.10620544651175,0.618064534719127
63.4380947143402,0.923926150331469,4.21659097390015,0.499948888950234,12,51.3500220635053,1.77048183495408,13.8635179566194,2.70053028637878
12.9329387588372,0.432273485442974,4.08568133368621,0.706560840914766,22,64.4326977830061,0.751385570076556,6.38920187086162,0.664804062671777
32.400613776735,0.644370168635384,13.7519957735762,0.986473984559055,26,12.3895426025772,0.388493832047246,10.0994837039652,0.63375031385238
68.6708379465122,1.40369549124066,15.0075673351974,1.40683693103358,24,179.027667541422,1.99802468349629,16.1569984714692,2.11398637599643
19.6332218715822,1.01428581806744,5.96822887377682,2.73455249179454,24,98.8210704120449,1.41897814455197,10.8308293766811,1.8801584803761
81.68834110961,2.25823379907358,14.5995309287179,2.86952419998504,30,42.1824242823449,0.873499362261777,12.5098886862,0.905985614350504
11.1262747561325,0.351599721344636,5.57119447511168,0.570328428458936,8,23.2585410041841,1.91938954192596,7.01147418667303,2.18567254202883
43.6678911546176,0.546550256473114,5.88840846730897,0.803971398976378,1,44.6300782304167,1.63396723567678,9.40985921081048,2.71352207290781
9.88350120207911,0.495560026230959,5.74742421104516,0.907702404697125,4,33.2619430685038,0.917895764225762,0.688011558190472,0.303576331882212
3.27548950903739,0.309131663729752,1.64409544847531,0.359871366485581,6,3.17561546808611,0.310888254961618,6.76034798377083,0.851874479333619
9.9433006722344,0.331047658360341,3.80303619366629,0.450606043758491,24,33.5912431611212,0.878171432662638,4.31247427072911,0.675162364376337
133.296436984167,2.73292107396276,13.894825217501,2.17843527693693,15,31.3014045090173,0.62077016629014,10.7629756005286,0.789471350137619
36.715990250648,0.562608720175876,8.72909059082694,0.621085330357578,18,21.5280873304518,1.04090525655709,6.33062385688493,1.93527025275655
10.301318231684,0.391180157411908,2.0269608653904,0.364899595222942,21,42.6475554700289,0.716009336673435,6.10824650029138,0.74504007737011
45.5347958994021,1.35096492818411,10.7910871371565,2.99948780692988,23,76.4272266833172,0.567928353457201,11.1871069618544,0.783799290029796
66.0897990370236,0.778184423825165,6.333028317481,0.616140825529321,24,80.2783631575952,2.23011883747466,10.1727686983781,2.8734625270383
75.7193788485472,1.18447934407869,12.8699175580263,1.07529720579449,5,35.9735230616987,2.90651456290408,8.60192670118579,1.69485625043441
119.454167573113,0.562435593429504,11.4328826191595,0.824954384284455,16,27.8022065719685,2.1709414101026,8.27886896059286,2.46202226520046
33.3585946092629,1.28854216162046,10.6627602360862,1.86742937389153,26,26.8809707313765,1.06721044847536,9.41013012870029,2.03566081439418
78.5272672335058,0.771407384656875,8.90288812538159,0.697163679122634,18,44.2958032975239,0.81775103892513,6.88833935673858,0.479273117834392
49.1440812515923,0.720565622965214,5.47005109578055,0.84357512553494,9,59.1624766804166,0.927678367158186,3.007557072658,0.379578075752326
29.3893836026357,0.428735245871344,3.45262262531177,0.381523895248165,4,24.6542021386588,1.18702391797511,6.64386052322058,2.93932781985899
20.3989621309,0.483757264466394,7.06313234374872,0.589087678342892,11,12.5843855240136,0.327660814581428,6.3157561739829,0.944972243756119
174.54578590028,2.03131747935944,11.2040664053798,1.1195900006001,12,41.6701873403394,0.796003145383982,1.76028447010421,0.315026150790508
30.1885668518339,1.37209738788837,8.37985201960526,2.17823524276137,14,15.4108055444229,0.478013427768529,6.53277109259416,0.871317104459485
47.6109456409673,0.704160942708317,9.6450147951192,0.603308690932135,21,78.3568183697084,2.15910644765839,5.39236781902329,1.09718684139359
96.0386651103897,1.80822191627398,12.2918701156697,2.44409428211902,30,35.8034048685093,0.601148852369633,11.8841170674643,0.935903814665545
124.026396267734,0.891856894736043,13.3942855935382,0.85735298133025,1,7.51038634021008,0.328922125623455,8.70064567924502,0.995131200093686
35.2435181493944,0.368019709430264,14.4997598765366,0.974746596188244,5,203.240162438846,1.78518218775597,13.482427393048,1.27983007816341
53.5201559091359,0.906521180235634,1.30079977787877,0.355894636329751,2,128.521772855173,1.07743374711821,13.3839927222222,1.97614212558277
39.5212067283667,0.723712502205024,6.33270151054404,0.746375616297448,30,66.5540046160002,1.70499132341822,15.3483542931335,2.01080084675617
23.0999812664707,1.21890678051492,6.38789040575431,1.46045287808416,13,55.8496353652393,0.683291619760229,2.47192212545708,0.361918615291421
174.72035301275,0.885493031426295,11.4104405852751,0.840545005974518,24,42.0175211797238,1.34829803423947,6.92313815201684,2.97277459547558
54.1954870521801,0.86434695567355,7.22432826965219,0.651959927024028,15,54.7006239606713,2.98230367114114,13.8350841617588,1.65025535822956
61.723404089,1.19801740077634,6.91538197669402,1.32960200329678,18,133.304498790316,1.72755016440799,15.344118915239,1.79477484064584
73.6600281432896,1.25559991088133,10.631487982698,2.23877080583785,19,59.366773717898,1.25877642287925,7.75682307068261,2.14699978058259
36.5261829608685,0.449929528407605,7.78593779663097,0.658908642844563,16,99.0582055588777,0.699709233946943,8.02108031444483,0.863594610896666
84.8991836377515,1.91396949920249,15.1955815907739,1.51739774274783,22,37.9918026671173,0.841376814268333,4.89644974226506,0.907973587225135
18.4138432190551,0.411219176512121,5.19987714196348,0.423226216104299,24,44.4143487456956,1.93421503950216,11.0337796349183,1.06010242988763
62.4112700957615,2.3418618149999,10.813619424595,1.56463225528702,28,64.7970430030721,0.997721745178438,6.18950708772986,0.555948346978112
188.444547185733,1.68229505763173,12.3491198331712,1.02698026427299,6,23.1649611978371,0.653684424406849,7.15898993152778,0.887605934671727
22.2477594312488,0.64492957970621,3.91885131531795,0.553610098624875,17,143.554316656095,1.27910242756098,15.3573163820106,2.4403134183193
56.127244776229,1.90470038046274,11.8584955703995,1.33935002354314,6,25.8962285078825,0.655871898099565,6.87607012018095,0.86020744011372
60.545880132237,1.84643219180696,9.77303336952817,1.14856474884349,2,114.336297838569,1.94619777942212,15.4101442363355,1.7296598423449
35.6921993139384,2.40515021430026,6.01969699713544,2.88621242216833,7,61.361577655664,1.53914293077592,14.942247079993,2.60303902531909
33.5412434393879,0.915007469158738,1.02058806352686,0.312674409967639,11,22.433707869565,0.714493770888997,5.71739822321469,0.775525393902852
48.5616730626527,0.452092425804527,1.07672066609499,0.335451364516742,15,49.5635344176012,0.686035193015597,9.36664508321893,0.645572447914575
50.054111823062,2.28493899933242,16.1445435945005,2.29020794704631,24,19.837173724523,0.539429156736174,8.65890592461698,0.951478663099158
203.042832259849,2.58975468959735,12.2724777896177,2.07347015201797,26,135.600303634,1.87452746238925,11.9969135364445,1.11760301844901
72.4740237768209,0.629749109292909,5.25422923439993,0.686565362814914,14,26.4091226219321,0.660051995204445,2.36968815376961,0.352621049267586
30.9677136347909,0.521450198685195,8.74151939737876,0.9061266685316,8,155.444902791734,0.747085754951212,12.2010572950083,0.89473453974342
70.2037867664688,0.875027654999793,10.7437109179739,0.898368894161182,30,18.0665249366899,0.427445293721395,4.42831719933676,0.561571404507372
70.6660461143056,0.800098484773045,11.9085570326297,0.882253406316923,13,42.7720947371236,1.0424177783167,7.37847506168691,2.17877986139615
54.9142044451173,0.592141703194643,1.67064131516731,0.333091754572369,27,73.9477044366328,1.82870100558151,16.6108112701446,2.9800511585778
35.9598123257485,0.422062498667005,13.7768656650699,0.862896650971994,14,44.4480848290117,0.620268973092939,6.50975561166646,0.644170718340368
39.6560607624906,0.804239747815913,5.88126036055889,0.501099537837179,30,63.3270157395795,0.859206667659719,7.52489147199141,0.601320659076261
17.516204566209,0.390116251068142,12.5279859883715,0.974221014169689,18,29.0046228621859,2.82801346629409,7.15893452155493,2.29331167278713
39.2519031080795,0.383236723236649,9.7385392771033,0.868781544025995,13,68.8947802952662,0.457728435169717,3.40289008402633,0.365954112153782
23.4462148980301,0.89692049763953,4.40166278124468,0.526742290517015,26,68.9074778109912,0.897164785539691,10.8501186784515,0.97230082288555
104.653533606221,2.87969471063327,9.41790169205206,1.5443586673231,20,143.368647003875,1.06559779206379,10.5987521534685,2.10643234403015
46.1940849462349,0.917049102115345,3.61105756038647,0.405273101649875,6,42.5999725942547,0.722315031223556,3.35294271198526,0.392958790733046
84.0986262514035,0.753840457963702,10.9047694754927,0.951363073303923,8,36.609936964686,0.685947542357888,8.33002069838271,0.950772050887872
46.810828291558,2.61059892048363,6.75580249345213,1.53566983048065,6,71.7093887880615,0.651413011229636,5.38223627999118,0.595321212439689
27.3180331939468,0.861990784693343,6.07612757706384,0.666684818596622,6,51.3846155069485,0.573783760518246,12.4686593874637,0.817369991959355
43.9164720649295,0.534011142536963,9.95809392954953,0.675329031761919,18,99.3146252820734,0.761354318492495,10.8692090587545,0.710594042875276
110.066423163018,0.745003418402189,8.86937036064564,0.782265524715681,17,10.274821621576,0.387695219021939,6.86680648621549,0.706640398690625
72.5794955527791,2.48136076952621,15.1505725769598,2.09924869330943,10,26.383160268838,1.75424187191684,6.84156767784083,2.02227286534308
144.650085291118,2.6913837654206,13.4679253833985,1.48862176219333,15,146.753371259983,1.81557122485053,11.7169482997228,1.42446083068166
53.7142013438352,0.743858871963691,3.51704679227845,0.400814205177382,26,67.9832192877616,1.45742990925745,15.1634942581038,1.79055128522107
119.005105939186,0.697520910600865,6.85356129356408,0.559055225277483,23,6.60526584935015,0.373220266482332,5.54271556556252,0.71988275665744
69.3805461763022,1.83998907664467,11.3354470220073,1.48314423041649,15,107.656074312605,0.910650512414943,10.9592461874272,0.866211748977302
52.380626262637,2.84104567709008,10.8911486540836,2.19304011093293,12,24.5140902837823,0.52040293837661,11.9297154736887,0.852709275562676
65.0942142977602,1.72649192891831,12.2010952906194,2.10935552712458,14,9.58601580512345,0.410335987650689,4.22200088885778,0.56733231390349
104.50630387088,0.713708425429798,10.3118716179537,0.897936295762488,20,40.5888064722251,0.756190190643275,4.72035239901336,0.797466150897826
208.116591740931,2.65093743185084,15.7971754607472,1.82321967662165,12,43.9457904004227,0.812552822212535,7.10698412394013,0.803442441710245
42.4143735554212,0.9320535599867,9.48430032201186,0.77203414610828,12,87.179742462774,1.56550967469168,5.71541204070041,2.44586443711144
14.0533830475673,0.376274054485994,11.3437165563881,0.746932732392435,9,24.0309242892851,0.389238556693811,5.16462229135235,0.53349877748689
164.412626157581,1.72970562038317,12.2322479186389,1.71298081164002,27,165.888495770325,2.64602642693466,16.3411887928227,2.76256169441497
42.8353552196592,2.48286490720778,8.69389630477931,2.15844216090705,19,49.7686151156729,1.58935253002412,8.13113756098617,2.09308022290646
43.7978170443775,1.05651089829816,13.9774000761263,1.39881491064559,27,6.66224394307667,0.325069442882594,2.47334381718638,0.362426502982629
47.5757589714419,0.550210750888799,3.18727207951471,0.36408808187042,24,7.54093418708314,0.376228927030532,6.82544238085256,0.893126195422236
49.3872549873113,0.760679028708773,9.53465893487834,0.864426342787562,29,89.1396994921204,2.3627655045757,13.6355144405048,2.39700981179634
29.3351570655366,0.558056532104884,9.07713442247299,0.63638895425909,5,32.0817082618783,1.74348300289729,8.34837200053015,2.29168718323138
120.140562657972,0.942063948271316,1.79690211745271,0.349569110029363,20,23.2497535007951,1.42765500407029,6.25280929747767,2.61492659005101
94.4307060161911,1.05179336208983,13.0356902242936,1.14341049658595,7,165.868748379542,0.778824061192694,5.04001125863436,0.460783283975574
24.3052566875902,0.560890062864387,9.02969383979539,0.732160583673073,3,82.1418538531932,1.16106137472538,15.1834541213887,1.87070811122518
31.1893351860837,0.806789547535971,2.96593304357499,0.410779847730882,15,213.937756919539,1.3277821724237,15.9446438483164,2.19171829471011
43.9772344471065,0.916844415794626,2.78073941293197,0.435225024020729,14,57.7234867949401,1.90402958776443,14.4306907932647,1.38494070470871
91.5158210506212,2.91022600543807,13.0893313636572,1.71190275237586,15,34.4472540502245,1.08561085669991,8.18918607517834,1.31980440145514
52.1482445447498,0.932038954321904,9.58291894531927,0.854020584353292,26,13.8395146914471,0.362269206675906,3.6255359575443,0.550769128055015
34.6878440378692,0.923070392513273,2.58959876133849,0.392903795774583,28,61.3287652854899,1.89938449034231,16.7455299031943,2.60196238312146
122.033683430651,2.01843274768814,13.7282959783063,2.24239160020846,26,88.7098783972523,1.4511793209912,6.88451705874726,1.9157134867954
14.0234648525462,0.428284819237073,3.09490454654556,0.397424462188535,15,68.2079481790883,2.24305592437793,12.2555636919474,2.92462521999073
51.8508272625545,1.51835851584541,14.7602843531631,1.39652360404598,21,4.84692929276825,0.366009286598712,2.62857933412881,0.447180120680367
55.3634205457976,0.530626222772346,5.43690786331744,0.776700384235747,1,47.5332050429077,1.74899122661325,12.9326529347038,1.38587587190733
20.3999923066786,0.435723234779785,9.24333695599418,0.677191501433289,4,34.0744455276757,0.925799501901523,4.87793942451391,0.549001415943999
65.6703559788127,2.84283538022992,10.3663073580182,2.61651328206637,30,49.2442595019235,1.44614903709043,10.6799756227318,2.31253776678031
77.4243912087757,0.757164375788085,6.08250771997335,0.832473902367173,1,86.7520206473485,1.35989403248473,11.9615109924829,1.56204091303006
10.3088613104521,0.511774113958632,2.52698624389454,0.49683528035494,25,36.6370613243876,0.485286706000183,12.7367746713867,0.946390211832422
155.920431204715,1.14288598589454,15.1521925851342,2.9218172010228,26,170.458247162215,2.19380223721218,16.4680850890292,2.25394373541438
75.7093127186152,1.79876069548891,7.37115253739635,1.46711396521505,3,48.6427283858978,2.10592427092364,9.39071847193474,2.15404966601363
26.7262110391017,0.663962287258862,2.83695448558352,0.395945294449198,28,41.446298834892,2.70872876426661,6.83942990285597,2.12464219376437
36.5446323182068,1.70037728507481,11.2523869751832,1.6365825795137,15,20.5261291418293,0.736331089618083,3.70159445058372,0.590339379660696
52.4412542179297,0.949176125104533,10.2369164627545,0.914185733520579,21,18.6599364499636,0.511039572564543,6.93645351918172,0.971234823386333
24.3275255976277,0.734368117411468,5.39486060367577,0.92501670803166,20,195.307180797232,1.37678395348582,11.6245735710064,1.92808670774738
140.65769716105,2.67844023285254,8.17871632868308,2.57673870387799,16,23.621288957773,0.484062054124428,7.78467924440792,0.786320839282398
19.1419179100599,0.300580592219059,4.61574576035083,0.442425296971272,28,129.227910269494,2.72701709967136,6.81820902133951,2.69377981574534
30.5435002477635,0.854329572134643,9.13505502183901,0.96918254537903,22,48.1547985241466,1.49534029263769,11.8950179140705,1.84723263472211
58.0143296701669,1.93883030292183,12.3950006037646,1.45169699111646,10,126.231846632498,0.903682992251638,14.21229991376,0.979220796231555
27.3936401295192,0.425103964320416,4.44187635328753,0.501096118412685,30,38.1966810647058,0.798072112568674,2.00403852408027,0.405642820598662
90.7734943553923,1.32741530853651,16.1474613693517,1.74295279869464,28,259.653315028293,2.25998867712482,14.2380140749454,2.42302992432148
15.9164066778047,0.475983203613102,6.59874325294104,0.653106486681111,28,43.2925141865789,0.531049532905599,12.638498652431,0.938499913917255
63.3285408646196,1.91893942471766,14.1743717865084,2.63234304643475,15,101.441161195216,0.942348982988801,6.8342505170793,0.988370194552559
41.3201738307871,2.90452604098201,9.53018238317148,1.31771764256577,19,78.5058008628019,1.41228367905966,15.8135439675245,1.92796724013674
57.307780031667,2.40255925017063,7.95867280280668,2.09817653777867,24,58.3589312166331,1.27962943592008,12.7958613750386,1.42784000268465
27.5889819265496,0.712706908838438,6.04090256200491,0.614431537366229,8,59.0799791455546,1.35662991682938,13.6977639330641,1.24511935107186
21.689116211241,0.388224973270213,12.842993137061,0.769045924511994,18,201.952950676323,2.04582530823359,14.9113016930741,2.54608928506219
27.2107649956574,0.650331144137481,4.98493650431295,0.469084898766299,12,36.5734028655987,2.72844326056297,8.46346395900438,2.18644037376825
78.1009118995433,1.0018851107038,16.1040296195455,2.65511769491522,7,68.2681793557795,1.02279664469348,12.1582098264564,1.4014046519057
54.4482618303066,0.522029325674287,12.1078119143849,0.977583795884141,13,29.1208107375453,2.21454885753898,7.37925889370607,1.78172936518219
41.9087717634733,0.629775989272745,2.32055564113063,0.332356525214023,14,34.139865838058,2.37544518632281,8.21454610528839,2.50127179428672
67.0034131791173,1.72119196677064,13.6430944645203,2.07747816608077,28,36.527428252322,0.713944810933634,2.83031316311192,0.372251816325
29.5585282392281,1.59498507644386,6.20692047116809,2.16198663727362,28,74.6663817035521,0.503843561541153,6.37650448849992,0.496486732383107
158.049108038682,2.93746625105064,14.8431187769102,2.98275104482506,21,32.9901527506707,0.915202716723595,8.30009748728678,0.765466953147316
33.7134714494704,0.542673051835608,5.39111684030427,0.487525635057033,28,53.1421387777356,2.90149613198672,14.8155416280424,1.37630677307431
53.4901733065135,1.51456210490014,7.97920263603492,1.0782668621948,25,123.042710077204,0.764425504305943,6.57262409278368,0.552736620762497
21.6390874102802,0.725453362449045,5.26012131553361,0.82134358893387,4,154.25821523422,2.82262390316559,15.1729754770325,1.04712509034913
163.647055857592,1.31414985883419,11.4211508389395,2.1904546209908,14,85.3403410286916,0.949514204320143,3.64325184698378,0.480687873985468
44.1114334011093,1.41469469597679,14.545426152828,1.48291369717037,25,58.0056633266773,2.48227391248907,13.8207732909482,2.18457927421128
51.7411617268575,1.32630170448026,13.7000062456119,1.47982976907282,4,136.341796127001,2.20642794106917,16.3733848582987,1.68968752652563
22.7735727502502,0.533272702716507,6.61377027088634,0.546176831778477,14,39.7992962684883,2.22440445194528,9.82857492169618,2.52114061178456
62.8507123279341,2.75631885872395,11.5131168244118,1.87185025614291,26,54.9036030668517,0.987887150307644,9.8851486282825,0.889722992546632
48.4384620859101,1.54919560559508,13.6535410226467,1.86646833306445,1,17.9924317727978,2.29961197974436,5.69761507928421,1.68686544182233
57.0786392577296,1.23672808060359,9.88037265126741,2.94979225099103,6,62.5289204348265,2.17513875486696,13.9558995466478,1.49217405537933
42.7191782254756,0.807324622177706,4.69678164100201,0.757099047211524,24,56.3397890394455,1.93164359932713,6.30568704262439,1.63977780668336
30.2101113537131,2.69419947883651,6.08444539423265,2.92847453126143,18,109.696583138098,1.38801913912212,15.98557193493,2.66124967367775
48.4156103672405,2.54905624642445,8.08428678537991,2.20731536207979,26,58.6229905877283,0.794858062467377,10.1661294284407,0.772694455553102
38.5044707725842,0.503729713196392,7.18383301893884,0.745369228973523,14,90.3337316274699,2.53565948298135,14.4392433572372,2.0518058271957
29.3367584302376,0.620351448357754,4.63734242089923,0.517300254508471,14,63.8073163332433,2.45917949862648,16.7445514396096,1.91904908607215
35.2123086500458,2.87582698719351,8.09597469279467,2.8598892442967,18,303.137942252427,2.59198987661615,16.3960812018057,1.83121816023303
59.4691733906193,0.686192692891515,7.0958772303221,0.732027452952804,11,58.0126167847691,2.31944012597452,13.4952655649745,1.55930311432792
274.176198754253,1.27580277133377,16.4203772245408,1.3806273251654,22,22.1437020595561,2.63866737398427,6.74595595046478,1.58411403239048
22.9827016230135,0.468073231528094,11.5724192150884,0.821346787395941,28,48.2276452684088,1.35647550241619,14.3628249708739,2.57050869374505
64.2799676756055,1.09514324645881,6.20756985543136,1.63394148209929,3,47.7714852936687,0.777312035103085,12.1929052742036,0.948088856608664
53.3846359277898,2.1863620726981,15.5690217266601,1.95800947566077,8,29.9819374037239,1.63375081076488,6.32133382179272,1.08378220974679
62.0192864267023,2.01355410818997,11.3207383023835,1.00659419199224,7,114.059639253021,0.697497837485506,10.4615565556677,0.942454720673608
97.732981289251,1.98036026055878,8.86763596150624,2.23075597053221,27,87.3609671291263,1.65635229622583,9.72974945814168,1.77869295674103
6.96547714750382,0.314472534675438,11.8165794762385,0.778808282238928,30,43.7473748416401,2.33485998918443,7.92817776204009,2.00874461546974
113.391462484347,2.01676032001469,11.0376948581772,1.87346134961856,29,108.637444642093,0.955130492216423,7.85721119236894,0.547899489309017
86.886965115766,2.08105578892439,9.38158811869822,1.56464829085334,26,176.391182423948,1.32762605111429,11.9876960441385,1.4746079065375
25.1898008659641,0.534112353843884,13.4703713788251,0.91379721816228,18,83.7555351047171,1.03433741699158,14.8493993314906,1.4351617949276
152.445294845219,1.39884476912333,15.4763364921658,2.39723086011884,13,69.541360950042,1.17424883679441,5.86746185615923,2.01999308622326
12.8415832400043,0.332203838346937,10.413699585174,0.769615481664422,14,38.3630868404641,0.828434413919031,7.36207298162915,0.686333180861568
75.7309729788464,1.88333056090129,12.4450864664062,1.35311890646764,5,57.5537832621708,1.8320297543705,15.8559758880175,2.62572672927552
67.9814588300805,0.594144292223489,11.071902032992,0.800574774098366,9,193.193300729153,2.86319686516427,11.2422314543581,1.03881162792088
33.0983131071672,1.90178432046765,5.94067120221165,1.95842897318322,22,50.9012510616261,0.866390173266353,9.62002074360662,0.660851802017479
51.0776431859731,2.3999059690971,6.64942028260824,2.22456333578906,11,84.5458075200501,0.635352711125931,4.30006200331801,0.39392929019917
112.880164072094,1.56168740053296,13.0039891698177,2.72874023906404,18,17.8440159230295,0.522674498626174,4.50869394089524,0.622128446696416
97.9430123445898,0.865330203553929,5.9651765409934,0.547944689034011,9,94.3874173451078,0.868642836954228,3.43918514380218,0.367197647699442
36.3528595955088,2.20979065529109,6.19416551836551,2.59370471549175,10,79.8843184206452,0.9922655020366,1.10292260962238,0.305132713343274
26.9391272874744,1.14526622360784,9.40014526969044,2.57649880390864,7,68.9802170917238,1.848420521549,9.79266945521859,2.03874243042487
68.8077708537013,2.89454548846238,7.82230456815458,1.88182673348708,2,37.5653825937183,0.586350711607084,10.4438292256398,0.733864410595039
68.8104059915638,1.5735304783868,11.8214947076628,1.8947406612393,16,90.4884713506612,2.32924667088766,10.0423402067884,2.82464351640331
73.5653926430317,1.49252848985626,6.06163171304501,1.5830777142462,14,46.0031722978206,1.41175936574769,7.7835227960215,2.48105016581945
48.1475742219383,2.82217822731141,12.0728671808526,2.4098969770796,28,37.6321185338425,1.20073871297897,11.4196224379449,1.00567831739995
22.9552236976448,0.797811690449682,4.75556165156635,0.647220469708071,2,35.9173654909373,2.55515290314773,11.127460339827,1.31024941084443
50.1289075001202,2.21354539850231,7.92441719932076,1.75904947303693,18,81.356187544489,1.15506088629063,10.4657501508437,2.52028987229982
81.2268961277237,0.671409282752256,14.2239819885668,0.900479118253813,8,90.2244277209701,1.30225216267096,15.7762817019408,2.59169534531748
66.0617775617239,0.720174897442763,3.23211354248368,0.432398277605919,24,67.559288157757,0.507636815556415,4.5640930381458,0.406734264590653
29.4940092346738,0.566835213117491,10.0373539292493,0.655476638822963,6,59.1699553300552,1.41042637743641,11.000314282971,1.08008446154403
15.4964467082316,0.724187930598343,6.02621482571413,0.971991954399969,3,9.73075775098981,0.364488071580581,2.96922370284584,0.447861517303525
124.094844871727,2.79144640197657,15.9384125612281,2.68887678786036,18,41.8597941382738,1.98208608187322,10.2964058035856,2.94162464353172
88.704594120303,1.86117675867608,15.7843117700313,1.404227516088,10,33.5294218479069,0.860269670490192,6.63038332543436,0.679516178070965
176.228860108242,1.5506038709774,10.5094764709138,1.363246504259,9,82.6029992964281,0.76232256148734,4.72113152823239,0.684138978496149
59.0958491668305,1.20064443254163,6.231101102973,1.76860160534075,22,87.645282459961,1.67212371693047,13.7503395189636,2.4022350080377
7.45817078112447,0.413736118945974,6.86166040902524,0.878400735821342,30,14.7977908765272,0.527974258750793,7.525092125466,0.768946093409366
85.490544536413,0.942573564435805,9.76579393488941,0.855574694114208,20,11.0600869693033,0.398011832813738,8.93786559778787,0.729746772295892
140.910027193379,0.770052643546469,8.63283589476408,0.764692752279532,14,21.7334979467095,0.335875327874784,8.06586647082644,0.670527303674977
9.34404815351031,0.488625419414851,6.09232009099934,0.939967380903393,14,33.8019152251225,0.791546237379275,5.03780856697449,0.841807429240876
124.482545493569,2.82835523878212,16.3003620327927,1.46962359249878,16,26.7382591755596,0.791772598530574,9.81787987994236,0.991367897590616
29.2074161941531,2.0293358830451,7.02125700631313,2.03438616059583,14,73.6707086887801,1.55688580553075,15.7052052364913,1.69578662119592
27.6718733782002,0.642113242827874,11.1099606836741,0.85810255979922,7,47.84879610941,2.27420030060092,13.3304135173907,1.4577979492792
16.9332266978279,0.666501274014153,2.30337299617579,0.406486896831036,26,92.7308268580474,2.29537262070423,15.1964131640476,1.44556597679055
26.0432956078128,0.528841423689252,5.76070050594423,0.609243032902837,10,11.911329927423,0.503295039325531,5.67233158622902,0.826579364910988
16.4729988628413,0.477683481161397,10.6725719668359,0.903393888005791,7,54.296079967263,1.06598453843245,16.3735327853376,2.06056722242467
97.3883582950639,0.90163931916958,3.48534356495906,0.525970907780787,6,76.152014909501,1.26495215300338,7.78041091997955,1.38022964180529
87.9607352116536,0.762192260739328,7.99647985477345,0.746050193301987,29,45.2074419283442,0.628273241779798,7.36700173600743,0.618439684723698
78.3799354288568,2.04846925703275,15.4750135578372,2.43957404336513,16,48.2608312861015,1.75114617821947,8.92791704709044,1.05460976161386
108.177199643973,2.94466124407027,16.7759516914449,2.98391399405783,14,34.742153810084,1.16021454731303,9.78825938201097,2.48094542642313
137.937647486722,2.0313461879958,11.9551099679038,2.9912499020025,28,40.4416096876304,0.973641364769307,2.1125967557099,0.340189423622857
58.4791416927214,0.903885332999828,12.7166806822593,0.926807112867664,15,44.5062720511312,1.22386878333441,14.631113390415,2.14769715013127
51.9926063907168,0.863449642582549,1.9552744671062,0.345027499001216,10,44.501769857255,2.76567088289983,12.2102285701425,2.43243682114207
90.0119488079763,1.72177057402762,15.9786302158636,1.53171391892099,8,19.4877153150963,2.88191229796983,5.84597367997674,1.5626303596393
65.1236697015684,2.91011877352761,7.96816411491733,1.60454096953194,16,41.0250674495806,1.17710294459784,8.04619726813867,1.17350314300758
39.5978325454486,2.27360684981778,6.13513677805165,2.51251169407966,25,37.8181544814884,0.966666077164934,3.81826028342384,0.647125771347592
132.453227026992,0.979710818240555,10.7561342426482,0.907170713129364,21,31.7271720485508,0.595003047229355,11.6664918130728,0.868923413315791
29.3730729323093,1.95395451239016,5.86979863496492,2.66511668151734,12,64.9564559114124,1.25129757369267,7.50983976044549,1.39364742180052
174.262060405908,0.784855278084957,8.58020003532573,0.559665163541015,3,106.63393771516,1.64625569636051,12.3579641603926,2.14044177516095
68.5297174657847,1.72136331555267,13.5264860627566,1.26719605953792,8,21.9868784990134,0.983098868154005,5.7935224274025,0.732153988910014
32.8965296967163,1.40271716265595,8.56263087430924,1.79710443187174,11,102.654238767342,0.647062743243103,1.86338598730677,0.328570049376716
126.61276386747,1.07701772031002,14.8366583370854,1.96266029547368,4,7.72411093670586,0.341833501614372,10.7619937981113,0.903245431262146
88.8964708339663,0.839960329393691,12.0054547499861,0.980764224408121,20,34.0043705973293,2.06481796770242,7.83351372602296,2.68830058549071
181.831799003453,2.5225221735656,13.4867632896383,1.97878689478539,14,101.362276740692,0.745542970369738,6.97532186617469,0.512707742476306
77.7159522075773,2.20480769516667,11.3404124820064,1.94993513180343,12,40.3285112449558,1.50541842015152,9.36266816264727,1.97116544510262
33.9974456687808,0.405522770614566,8.92678841184003,0.679605851891633,26,136.231277307833,1.68750473434451,13.8387571669424,2.47155212662667
121.487299899593,1.83215947891938,11.4571734000893,1.20582096140374,4,43.5991883477048,1.68732068487101,13.7867312177608,1.53605294631079
92.9922346911724,2.87758739434309,9.14360788853395,2.0323707538414,15,74.1190980241147,1.35506887871915,9.28194202118985,1.57942151754859
50.9447015479159,2.41156869285847,11.8712198503944,1.39637622683382,25,122.818786955934,2.32048558854305,9.67679284478301,2.02843601986944
23.1729360952001,0.914417982256192,5.45701739118563,0.723316073151024,8,41.9705207723331,0.726038838895446,1.37578228176813,0.374843851252834
167.05319406327,2.25703634313756,12.687713889993,1.29849916542458,28,50.4114891129721,0.828728172893841,6.86963424084075,0.902701976563193
48.9274225007047,0.800480338003271,9.13139979049608,0.991494126052261,18,19.7765497813501,0.401221105988498,2.35109968379896,0.329015218078072
35.7768207528743,0.872200446066049,9.01457882998323,0.882922810047884,27,34.2957458061529,2.06876966569798,10.5862119595505,2.3364262506837
100.553017676946,1.74978314403114,16.0613525824335,1.70575498750966,22,43.0479420036677,0.523159464579257,3.84258401209115,0.39067558404015
158.055846648426,0.822409800572934,6.22500568870474,0.601107026694254,23,5.88672209656337,0.339325993136807,5.45898851799581,0.516927434698609
45.5476745143433,0.645926444559321,9.52502426022364,0.940243349286322,10,9.03808505111554,0.322736831724116,13.5271416492861,0.831193730819346
51.2020776723011,2.28473579552588,16.7559094617028,2.09278566533512,7,58.950120635581,0.544206942433557,11.4200816424402,0.804071008976579
28.2441524047862,0.676579736892402,5.39491761573364,0.483505149977493,6,78.2737531991922,0.777798765322414,11.284529074991,0.692459987590796
95.9408551229763,0.719710753219552,5.47709624242205,0.598142590367172,6,42.1868144939185,2.38952690998784,8.55333632339998,1.53632067379803
44.1212199428948,1.76485807001855,12.1646986101064,1.1007748943681,4,28.4026602242012,2.79934421200702,6.35151990928789,1.05732708683463
166.285702565715,0.881177668431386,10.9213272175636,0.933688912526967,13,226.459239524822,0.952648233462605,6.58609112783667,0.495716274000961
66.9574366076261,1.92445534690161,7.34451719218746,2.90326473519101,9,130.614626585703,0.855562703017675,4.62248820104622,0.406736701571049
51.1983797922974,1.45565008860333,14.8931252083349,1.09821174549317,11,48.716979784141,2.69453310296044,15.6486351346692,2.29757610411378
24.054321602196,0.802274722827601,3.67703622753546,0.54954444246254,9,47.8235822823509,1.7806118194646,9.35969742916398,2.85822475161627
48.8818682771193,1.62041895676148,12.9096106375003,2.96174273767999,25,25.6672721496105,0.800495777267787,4.74891795996596,0.758811803756283
23.6193086043272,1.03765182817936,7.74062522811488,1.80886219140508,23,132.590361506788,1.04215023561102,10.7510641111743,1.28143059736706
9.44359211266492,0.508342561695629,5.42672499758938,0.939279397071021,25,78.7274061429635,0.872063165754295,5.43090568759843,0.762434851264279
32.5988705927518,0.612607499456131,8.65743896894575,0.730456883568556,18,163.337312253062,2.83688210962455,13.7977450273807,1.85155764121577
135.381320939872,2.67050570453005,9.12920857411513,2.63792849741035,23,36.6987394381968,2.37667274388177,6.10877496449921,1.95516915680021
73.4016271654638,0.786991262319924,7.66148026654141,0.633357216140818,21,57.7584152914458,0.614143688100809,4.6548647733874,0.50827122140255
27.5497114353836,0.561916861947131,14.3445750696853,0.991114880870855,25,38.356436735648,0.79200647398935,1.96899712604791,0.439481890082436
48.0590601665163,0.76578178540707,8.03276768000984,0.616950288661906,18,94.497856852991,1.23972924012733,7.84992887459924,1.38748406773356
48.5018496839168,0.920583104264953,8.1609723010732,0.564362318725731,1,100.19709706284,0.611671225133605,9.47310064754923,0.922066680432164
184.099974728815,1.24882106097056,12.9207733833198,1.02213935281834,27,40.5540530964102,1.01078184356798,11.2823676897162,2.98485308537841
38.3365391229691,0.944344335422342,3.13894479238982,0.38627006430794,25,35.5909447932934,0.774694694114421,3.60206278402669,0.461902784482962
147.246672850326,2.31367989292312,11.1748590779803,2.60539678067622,4,167.81806924655,0.898345550214079,7.67853865475525,0.557129086798448
120.389163380819,0.558186462468536,8.50183892178095,0.687922399195763,1,21.8475486125516,0.846510126209403,5.38006122714832,0.733109464426939
44.7669781911833,2.49875973284765,7.57071698256436,1.92592998153221,3,27.9293775712501,1.0865050475259,5.97641930259694,1.40412336442092
29.33782442578,0.671053293184243,3.60119703657016,0.430835315958856,2,69.1569345549731,1.98356933002907,10.0409800619408,2.91535508253444
42.2584022262398,0.976013397613063,10.111809735551,0.90559166668226,11,71.1391953810867,1.33802261322315,9.81299365451938,2.79730790870832
65.3723778254633,0.874585674668532,4.79581883348829,0.569502952236426,2,220.414520035152,1.95766494626521,12.9492475268807,2.84036893114595
46.6594341425699,1.91417205238596,6.45220350485777,2.10309022358381,7,86.27275271442,1.59294237772315,10.8991823144509,2.29095815688339
16.1024424937624,0.734743419795836,5.67607660045483,0.790247777733682,15,145.765263680061,1.49810800696557,8.18923918182816,2.15652099347861
32.1384653040187,0.523337936117311,1.81996927793217,0.371320521116046,24,35.9642919467086,0.745746998282,5.78353627216333,0.750204046434124
24.2399627454047,0.891916216878004,7.13268759971834,0.767012237471062,5,73.1875866053556,2.08757640159182,8.03562605328146,1.019751678785
173.335192867983,2.94905422572184,11.6223747141173,1.72874370313969,16,33.7918325257269,0.592891519191683,6.65150185053398,0.880007910558928
25.4396246028735,0.878533145020467,6.35963666911846,0.642377181031707,29,20.4961968591632,0.83225957255343,5.44198801804659,0.783483714632284
46.9599190115996,0.723176325675147,13.4661657893097,0.966965540416612,16,38.7228609595281,0.403412539027606,8.72558161388451,0.753145633964831
58.5966095605103,2.52179142102797,16.4398419749914,2.8049842898829,28,34.364928926203,2.60723396593984,11.2561975824519,1.70102415491478
88.9459046490609,1.40563813509599,8.74698819436413,2.34344153872027,11,85.3738173540444,1.31592817898886,12.8656027495131,1.14293037001713
136.488208674546,2.19336047900459,14.8900231039875,1.06085904037664,26,26.2776220113033,0.681318197555462,6.15876435307315,0.537173318372319
54.7373499232019,0.957665897374641,7.4627497220406,0.878955870138255,26,108.419694324618,2.14715336252376,13.9101403748439,2.99959256526039
45.0431305058652,2.40019059897024,7.6561817152763,1.4747404592561,30,5.63320074831877,0.329234468160934,1.64443729208405,0.340510837641334
3.83953757457084,0.302063955776227,2.52951492750482,0.364911081407772,9,91.4539272332635,0.957160164854339,6.87158718636593,0.683723654624734
67.7933378747056,1.6248508280952,12.653615978635,1.18850600256905,4,104.709145327548,2.38830824299498,6.0544247429853,2.98142707129884
22.5752708463255,2.05997650345722,6.37148696579464,2.60300227686743,21,13.5929956355166,0.576875899997096,2.14099963212962,0.461200380557285
51.3032475403778,0.616165542560378,6.66082153076271,0.580523297368051,23,72.1919486796948,1.80102329951278,16.262697194056,2.24618458736352
23.1271895859019,0.327907836244078,6.83366277511922,0.716555953710857,26,42.4720220177343,0.429681901007576,10.9112268556816,0.703097832850067
69.54743021044,2.46664206715214,7.19699666352928,2.50887530383653,14,210.783810092327,0.827647358411412,6.6639546058992,0.503745449411358
123.570272589576,0.747202156099572,9.26807100914413,0.968881723182793,14,22.8032395158547,0.71134966199302,3.21265595328545,0.493756363816565
83.2992169896493,2.82441056544426,13.9478154444376,1.76945970959326,2,128.076525433348,1.06818530273198,14.0974050561611,2.27295891331714
163.382278845256,1.31956706326691,15.723337060061,2.99702606013123,2,90.7492821688543,2.61529454612453,16.1257283778151,2.41519904517846
23.2783685548313,0.553173500956965,8.27500133660189,0.65653273445587,14,78.0648209614911,0.964576223540257,6.39070875222329,0.643500605678809
30.6597351024895,2.44293617957797,7.65159745479511,1.51638380118807,26,49.0673689756898,0.493453152710573,6.04850016996964,0.527953909469031
12.6070956441859,0.408732554525629,7.63865013303843,0.788509458032738,16,4.56275488827379,0.324850799865669,4.79657005857007,0.504115930268223
133.926922979402,1.7804872087337,16.5487789777091,1.99864142567847,13,74.8007362316511,2.56008769313059,10.4264490626112,2.55354439234327
62.9853174829158,2.96285555534469,15.5172009757847,1.17689014100935,6,53.195662897193,2.32927385191525,11.6815450609634,1.77306088146197
51.6304748963816,2.00994054979742,6.53922561411594,1.3020181646639,24,66.3082033578997,2.23767775365195,14.958060460792,1.03988735448281
4.01327097196847,0.304561716540385,8.12762196022345,0.652263123661782,27,31.7439758610691,0.990164368984691,1.57153750313717,0.357482184376549
34.2086951939802,2.45534658805069,10.7216854901218,2.72175284743917,25,16.9349395155172,0.47370029736125,7.53719627913047,0.932422366352976
41.0989018138013,1.96942119338078,13.0596215820815,2.81467479055748,14,32.4467790244617,0.784226621667462,0.696127321752461,0.30118348985247
46.2513726429449,2.4578020305028,12.0719308665202,1.17288691014186,27,109.97287794628,1.19321209195119,7.02937557557804,2.05135108557733
47.6345827393422,1.35460832327061,12.5866870801478,2.16382079102077,11,13.6096875751668,0.48554010732549,3.27309326223772,0.506262935346828
6.88850767328083,0.390302636230444,7.04917888116012,0.877767880615058,21,195.68059979978,1.58268448906688,13.5766430057506,2.00587043702327
69.8780565575621,2.63557327737582,8.12555100126363,2.60855734272171,6,20.6552515341901,2.66757993336313,6.62972636910591,1.97864736782403
78.8949992536736,0.941103678779284,1.21736982180555,0.304478413543176,20,63.819115764004,1.99801773479635,12.5598613335196,1.10007460256333
26.3456315335997,2.8978242285329,7.97940789332657,2.28108120347503,10,29.5533069352455,0.697107189812328,3.464589906008,0.43372478422454
75.3894475843609,0.913922182194711,6.25959752049362,0.534805821115816,24,125.678650929015,0.804001370913144,8.29320185843891,0.91818255727455
67.7259964692399,2.13792860000193,15.4506862772262,2.01669387397001,16,28.1057406801836,0.839609279583277,4.29901493143685,0.488291633651303
158.256080176872,2.01679945537239,10.4046686202625,1.85889198131249,13,76.0093891264189,2.79094322962709,15.9437309713154,1.68119991518442
55.4475415240863,0.893932558382131,7.49249670034099,0.508656520431203,7,40.1157265649864,0.965661476793204,3.41350237482653,0.516721846244189
54.6091069382748,0.980329987937253,6.31984384991187,0.473403762411666,22,47.3653033426661,2.43746328272815,10.3358560227756,1.06335379674429
165.240654686304,0.692479295789079,12.0974451661981,0.8347243049727,23,102.497680776906,2.36173624329849,8.88214891948073,2.42982642159179
113.326961835827,0.974777174889654,10.2460392981632,0.683023360302352,29,43.2734017684137,0.552591242886428,9.8593449742931,0.988781262473365
18.1874711650758,0.553493708484554,3.57661156499752,0.552669957521071,25,15.1855318431622,0.57476210289377,2.8744110582577,0.535246468910749
60.2554498365454,0.553894636207014,12.0620078999,0.749623026042052,7,56.765471993493,0.876450145891191,11.7792048153512,0.990821687269981
29.7168000946051,0.376460198159706,11.0293963239283,0.77833487702913,30,68.8768138434407,1.86916674060008,11.9785133392701,1.50079828965963
96.3552056454464,2.31961952182523,13.6095814903919,1.67407793557761,18,124.012659928955,1.63405399425837,15.4351812907174,2.13823979127085
24.7803410460264,0.579056330587778,10.9544174752176,0.801615686810352,23,107.365603050794,0.984269561188329,3.75721309261295,0.594119696372779
80.2615853973935,2.51597069663087,9.51319379054997,2.05414109844272,7,62.1996787873767,0.984572362017506,4.31961164334694,0.483502368949012
59.4374914640797,0.521080866398733,14.6495732421062,0.955387219331711,18,13.0600209485232,0.382453413641275,5.99500599546122,0.44904363878348
35.022898192391,2.41337364528498,9.38960796025485,1.70259442246399,20,43.2840032541788,0.525952903113532,9.25056370337262,0.59046352025838
28.3196492537146,0.517899542411511,3.64582545853406,0.413585474830617,14,15.9238135809957,0.590292125519381,6.90323517666734,0.831101712931657
30.6122204603653,0.369323233065322,6.29349606193808,0.505285420152345,7,70.1037016486089,2.36484817972101,15.3215959515142,1.20175698299758
58.5646149714514,2.14422026713915,16.6640137092695,1.84615129675525,19,130.396303449476,0.928397619251629,11.585240871229,0.858438233204523
140.63438468795,1.19303327996698,14.9767112740704,1.1131284471691,23,137.732569948452,2.43815055041245,14.9160031494433,2.89451427889016
276.95885294162,1.32990994756849,16.7072343390014,1.60904437550098,9,59.0705619383089,0.85099561361451,6.66347828935977,0.940669114671228
68.9889819119698,0.962729007696113,7.62324779314113,0.613665795197847,25,51.9347232812046,2.62784549717391,11.9619324459067,2.64126025875466
46.7759981236353,1.00132425599346,11.2490424982729,2.49171730094922,22,19.8934729544154,0.44750428265632,9.46900618774206,0.742501015423564
96.2884541474633,0.602301116807347,9.45939409147679,0.663036494011304,1,74.7570798446475,2.18592637742157,14.2480490675332,1.79092808349859
16.6031570727257,0.449589262522645,4.03212196277656,0.648454561426077,30,101.188818840997,2.7229796152849,9.26671331238013,2.54511344531291
47.349145080942,1.77420204727043,14.7550159177547,2.31837555569601,18,45.9188696155502,0.629026508445773,2.17294301762504,0.345097492655945
60.9392148350625,2.9914785734692,15.3193810319004,1.86163879072819,5,35.9772998213896,1.72558496231182,9.79907126329742,1.86468594074017
84.5219836071347,1.87275788236513,15.0755342169618,2.52526164650032,23,29.8805473983849,1.51207084345017,6.55733783086501,1.69585190084543
120.649294260707,0.79150381258279,12.812677514733,0.975865959436714,23,16.4926048859074,0.459553567857269,3.59269443503753,0.588250108997099
92.7464083450361,2.50241883631815,12.3519737399758,2.79144659665919,7,25.3140976468764,0.752968801193806,1.80346910125446,0.417850806798036
40.6653482146512,2.29548780926923,10.0334166556922,1.39582952690655,25,175.645531033863,2.86991850445766,16.2429612750893,1.35849403594246
35.3775598433178,2.8018646978004,10.5563008258535,2.20917110971811,4,17.692712611059,0.332365984220504,6.2100790472302,0.541486902380695
41.4657561622862,0.920750378232231,1.61811053257273,0.338020759163676,10,81.0639896153678,0.733951674225872,10.3762651726359,0.973101193476904
45.344394628058,0.69949281354906,8.05874332107571,0.775746900438843,24,27.6834858433388,2.1252866605281,6.48742474667073,2.56061007955247
20.4859545363497,2.87908498237072,5.73361228545356,2.05318732461465,20,21.9514313137721,0.761283200557746,6.87404070164945,0.779823601301591
31.6881070937613,2.02534683566458,8.29221240000026,2.41308662569921,26,12.136555062476,0.472312250030639,6.11723158681822,0.914946667416281
124.861842479441,1.81182509249886,11.7496652099651,2.76290533999223,9,96.167265340272,0.868751117500144,8.20713138529405,0.532330666275787
164.966776043904,0.909131611680233,14.5387161384637,0.996271908264869,30,50.5587147894397,0.550390365952356,9.42616109599555,0.750429942682187
29.6532449570907,0.777972590667796,1.19928061403115,0.355585686847336,21,44.2788353318284,0.89151031169979,8.68997800781868,0.81157243483262
109.049372287289,2.1994974387441,13.5704187040699,2.4192075688899,20,3.16066993986099,0.33154153449992,1.32340947886892,0.367753991821291
54.0699884315489,0.682796635662628,2.56608636536964,0.423396859962814,11,27.724745249844,0.763717023634362,5.40584488411359,0.645976141442792
60.6151118753505,0.662310031585018,12.1349615858365,0.944111143204599,26,100.673318048597,2.18049881555418,8.43989677958244,2.50443915689868
63.3113195321253,0.955404063631951,13.5718308282611,0.965792436596226,22,39.1379880921142,1.86066032658689,10.2575997630342,2.04819125596373
33.8959930704105,1.27046991638997,8.17195588733787,2.75227556580872,28,51.0036474661729,0.576991435503417,11.302870980617,0.8336230187999
6.25109396055126,0.323798995046593,2.7555842830678,0.358173994234865,24,31.6270076239712,1.76028117493189,8.16884675975692,2.31243871003039
71.1292809257866,0.814469279334437,12.1436335977828,0.825363541481827,6,53.5600880405115,1.29450722249182,13.8583877053003,2.72763240804008
32.8256889750886,0.73949951831539,8.90529165289813,0.873960075625739,25,27.4928050138603,0.525469200096573,10.1559701850046,0.843367045951429
34.4087941433203,0.831203222919075,6.62392929737752,0.518216924595993,4,69.5885884591656,2.4398843192894,7.52604873594029,2.75842486875759
118.102476104013,0.748921188811509,6.98631974907469,0.585641735310626,6,77.087218086893,0.842302299285763,8.98858115161811,0.689084174173822
101.201207710639,0.702652721987522,10.7549859839364,0.691767144167323,20,29.3992792535451,0.402709268689653,4.29950811815069,0.411056248889998
85.4901419321705,0.52845825515548,12.5912609737567,0.970821447485821,5,30.671147814753,0.434790557615789,9.32997283776356,0.995898554140408
51.6799824834018,1.86868258080487,11.2021755500968,1.90057754846346,10,40.5608085660934,1.75159873582419,6.16599390583149,1.18127554800038
49.0524854628607,0.629065512909925,5.4094907898549,0.8388606191946,2,21.5288882845407,2.50604815135619,7.11374974006171,2.88835236346203
26.5021016334983,2.10569563272704,8.65510707352927,2.43798384395238,27,57.1896656636408,1.82471727748898,11.9658156923882,1.02777501343088
36.876275062424,0.788895252508834,1.63326026640261,0.380284143678138,22,64.1037642792548,1.44469386576681,12.5621132971933,1.15180351564592
4.28205362480696,0.377639108778484,5.16934879117878,0.967365969990982,23,38.6473438296026,0.353346308511059,6.09259428063683,0.507472690637065
45.5000787649368,0.727228008498969,4.85552575992256,0.623725329830173,9,10.8996655289961,0.318882162038125,12.0619823630409,0.809546938822017
45.5729889208324,1.96303971336894,13.0924162582456,2.0527032344836,12,13.0893470376249,0.471592094014901,7.17473041939824,0.723997876806098
52.6166296180336,0.759222380774905,2.72925612858419,0.353156262743847,8,115.664560300614,1.70604809800555,8.23138176848947,1.18911114627871
16.7752040082387,0.745215904103758,5.14980596619226,0.954691934650766,26,50.1856401025531,2.32619224259249,15.5828615039323,2.42362462543832
54.1340363465848,2.15429228380308,6.88767062467838,2.49613004475668,10,13.908607212893,0.698739520475044,4.37627060327962,0.736689708878107
50.9974641302413,0.935016601968189,10.7990350401952,0.715449628795392,2,30.4435123884992,1.19350758825954,6.10669818812977,2.00837242509287
61.6432150335089,2.62877050694169,12.878986590042,1.28633440790968,26,43.551185807766,1.2887342693392,7.30338645143023,2.77660231239445
54.2478881601058,1.56591574688474,16.5070019429527,2.5867606299701,7,121.807440900875,1.62674021241172,11.6959121507193,2.15845841311168
95.6130832630761,2.97414436687142,9.67284558535984,1.53860238591674,14,37.5128277119646,2.19050549373459,7.54446124988317,1.1631093985371
7.77270936852253,0.305174962496604,10.9037935775759,0.763179186686954,22,57.37234867737,2.6694255192112,16.1951131182422,1.58432559780169
27.9568351491181,0.798957453766175,4.71923767472595,0.49612461812841,16,98.7782535569492,0.914775244671037,3.49750469063297,0.470322353450689
11.4265697617581,0.492622902790251,7.01748354234562,0.906119344427274,16,98.3380249859489,1.9110797752066,13.2878113905814,2.08423010397537
236.041267406286,1.65119475012244,16.7947732865593,2.51702389017455,17,13.1138379799454,0.445225316953464,5.38073890838428,0.671699464205316
56.0779651495187,1.78103296881031,11.7756158192413,1.62293559881217,17,99.7672001620531,1.83749840358717,16.1146500386112,2.84237219587202
71.8536952792145,1.02885627124724,11.7263832847405,1.41879863860365,15,128.66338197505,0.934132079175756,13.7399361677411,0.955602728356068
70.702920055297,2.4679819773201,9.07475676863676,2.58543064656087,29,141.938446806155,0.831649340588395,5.33966637361097,0.459967928336189
25.4072798295927,1.57566814611397,6.00114824014935,1.77700524256167,26,79.7510182980002,1.85258324648294,13.3993249424396,1.70777791905422
20.2803896413196,0.452172368770731,8.8236422315986,0.600977973498349,25,18.0207829731755,0.608994080696583,5.02329583123813,0.822283538627435
74.0749903287397,0.91326946118601,1.4987323652649,0.376596497544662,21,31.11365566724,1.88265605406934,5.99039079699143,2.49072625855629
44.7671741223443,2.47894890400822,13.3785937762127,1.84925115029297,16,31.5941733582649,0.885684237147114,6.7516939393325,0.914066711652554
9.59502126992968,0.334819814584876,1.74076456099519,0.357200946409042,10,27.9694727670121,0.786872847108016,5.61656269493851,0.881138468011969
40.5165742033871,0.510805214764362,6.68057089457348,0.503076479795447,4,169.329960620432,2.53413990504576,15.8669129738034,1.60100141478343
48.0795301374667,2.1944818713416,13.9289324762847,2.49962669024784,3,31.7995760857672,0.837041423811653,10.5020658563197,0.928340750875397
49.2898570488797,2.54920404612474,12.5807004856514,1.58335300170976,6,87.2746136339711,0.597415893670994,8.00838093125149,0.814418170588624
32.3474038414444,0.634463641132758,6.46977950987817,0.601916674518569,15,32.0181905064922,0.553189965369176,12.5082767000381,0.828371269444147
28.9116165317102,0.611769680501435,7.52014784060361,0.667641781328771,5,38.7116586977357,1.32881949736828,8.03738516234216,2.01851742570873
44.9744021678502,1.43820224979418,12.044212753028,1.97095537270023,18,45.4114169148373,0.827909274051091,8.30181350946933,0.635297310175898
19.1367315675451,2.96689260947144,6.3461945738092,2.28437413289998,23,89.7476038133119,0.71536390771037,7.16801110115233,0.953746369486226
76.0726907374989,1.304803893806,11.3615066265638,1.73066917067977,9,68.8880445106247,2.08259760268221,8.91414732194037,1.31257343134241
24.9489025374137,0.393412038602223,11.2215503665382,0.769599573766918,6,129.40039782392,0.752816526703816,13.920146240543,0.891369252445592
43.6186728654078,1.7452431342939,10.562600602734,1.92262687207154,8,36.4506171772092,0.532404689119573,5.05587815421906,0.563300256445742
23.5524316282803,0.740652452012352,5.61184176767628,0.654580179201633,16,35.1486078682128,0.410315506326513,8.6107634389596,0.737135160154757
53.9347615152673,1.90965240045961,11.4256987807085,1.22842802518624,23,41.2512613211365,0.661654485966526,4.73410852336995,0.677621162962163
27.8722027616019,0.719358670280323,5.98328781179162,0.623817733743379,19,38.4414395814144,0.839632333256437,8.74737545599352,0.9415972994218
63.3701560385882,1.96461261970567,8.73911005082832,1.07827912905676,26,18.7703980269847,0.495114767590672,1.3365915200175,0.301031772335413
37.4508034778767,1.90900892375002,6.37388024341598,1.31829864409388,8,42.2658675444315,2.4076804866697,13.2545760455274,2.75530980532379
18.2970912613583,0.530617440622307,2.77602358222482,0.493906437662378,10,34.211736215733,0.946662802697766,6.71068360838831,0.837023728531234
185.543847693459,2.89136909262602,11.2124989946983,2.11453858818519,3,40.666608226264,2.93148556590441,11.6033507367157,2.85809445460642
86.0764605542801,0.626050944388848,6.00596519939713,0.470091769100677,20,17.0097804229129,0.448121159049965,4.10933195684317,0.690159933916466
61.9558546163253,2.13203615648227,15.1786102885145,1.42691687705112,20,31.1298669957593,0.943145990308844,3.38121869315527,0.423720018031178
87.6883922942878,0.630362463289015,1.75695844640392,0.313263112092466,9,105.556320571847,1.03598388769465,16.0450857625178,2.8709184027639
29.2665455008334,1.07587644482675,6.97823662628411,2.80716986850402,26,94.6976876471588,1.25577006181423,12.8238981169198,2.99231227268658
39.7966760075357,2.84098519224845,6.17206919886606,2.8969630448375,22,109.139623074972,1.80675776528802,6.14749659118779,1.24751875107979
13.8114910081327,0.638210623195153,1.83817363622074,0.423898381334693,25,192.27977655778,2.31863375780988,11.0448131611358,2.88712026858136
26.5890879643732,1.6034719350513,7.02114219882741,2.46002489286536,21,74.437955757023,0.559841588719486,8.29079582615881,0.910019003244745
59.5376913915994,0.658239166328774,8.8910547755463,0.649518087560562,26,152.529846740838,2.41496425381908,15.1142446392294,2.41419769475045
20.4972781591026,0.768617946140502,0.793622790543967,0.307902374220265,30,23.3708108688044,0.372112283113141,12.854274677076,0.956842314729823
40.9101086509692,1.87405788958849,8.16153439657985,2.70637543189863,22,53.2466180057815,0.721779223175156,10.5666311892809,0.6715466467867
22.4425884440544,2.72091867112734,7.17946751533838,1.53754951333277,24,19.2501737340081,2.62820419380942,6.03070435369314,1.33859244021526
72.7413210410578,2.83161894086573,14.6684106845129,1.93236738539832,4,27.5445046292679,1.42542400631969,7.52102070168351,1.68669920322189
25.1968652034284,0.82663001987978,7.78723030553737,0.821925883774451,18,53.6841493617555,1.2226458268922,12.5835051697113,1.82185480518492
61.9325117992536,1.37829641268858,11.2131432118489,2.28242403044382,6,68.9679933131699,2.92869482962181,13.7146399154338,2.68181983341441
102.406308011116,2.97228565587075,15.6830308558302,2.99570444072817,28,273.109401681706,2.41591469721778,16.43834475311,1.49623218760891
43.4703785112642,2.17467713844078,9.13392134879125,2.4950072059578,4,211.301281551775,2.5643614835785,12.9774939829138,1.11220713661197
7.79633947395328,0.348778988400834,3.70628809911444,0.593210002589357,1,36.1269418827238,0.563131639928976,3.70266157668535,0.435073408545752
138.108918635358,0.900499204339687,6.1814961818086,0.608511229404128,14,25.8901555227744,0.447010518394187,13.3112393031773,0.849036718325634
22.8288710880373,0.513369262523556,5.43702439423213,0.670796046394085,27,42.0285223601437,2.19521636163762,13.6123691520484,2.26748562957918
36.0337192558505,1.53439073398362,10.109097544931,2.88417138324186,2,45.880351142346,0.829372191257023,13.6176622605775,0.937988639009615
16.817505198396,0.504530221063083,9.05845290862711,0.910385273556034,30,56.6467854846854,2.65834645537943,5.91442061947502,2.94617615653297
53.5527224063977,0.866109221483346,2.89832054112564,0.366474292642571,5,90.1853932481951,1.61081381388965,13.7776545903981,2.58205139131249
23.0769771838981,1.32562281155412,5.64981855022979,1.62588719545398,6,237.744581656098,2.8494187245258,13.8888983818958,1.74565985714462
47.4472634305885,1.44771027112925,6.09438648044043,2.44923095034786,5,24.9448210621046,2.54302270117543,6.32331490592377,2.70882098598284
45.2917901827091,1.08228714840362,12.5195815503562,1.04634548817427,17,108.5352989246,1.61495463554862,11.080273923827,2.28912782545604
150.50975592428,2.92988311414159,15.090053014896,1.77953355546979,21,41.6552662265421,1.44449280339799,10.3162408520009,1.29910108797454
88.2925804665915,1.36422224689159,13.9757200617432,2.44963415248034,26,36.8661920035815,2.37210750902149,11.718617062565,2.44519552987505
38.2359311678734,0.518263320127375,9.41833355562474,0.626510249257675,28,18.0016302433981,0.363927970927542,6.61145718410439,0.682672702548425
62.5903870863045,0.93870274011773,8.0204555655082,0.615121763122816,7,110.688468858619,2.65131989678282,11.6931796617912,2.07094317365674
54.3766538276555,1.17362755218728,9.10549785968207,2.52315400968171,29,50.0602900769958,1.64694690264331,7.64541509281553,2.92327323564218
81.2415039827822,1.79405200325961,15.0000310654855,2.52980109320188,13,17.8500853678998,1.88183945769267,5.6005015269482,1.2766368979712
50.9089929455132,1.21993929308283,12.6419030197988,1.27484954656676,19,66.6623059557366,1.80777490250142,11.3658976948152,1.89544057780043
30.9651611542886,1.40690480546177,8.90238195524955,1.06895534129038,25,152.865107989881,0.841879027844704,9.4689886054493,0.688574933588002
42.6636252746755,1.12537845243178,10.9036762372984,2.43133602680315,14,73.7534351851702,2.72171101762872,11.3364531721105,1.67155815788339
42.4222778686092,0.583036555346361,5.50434434492225,0.646210057523351,19,64.408754665737,1.89983418726174,16.1440481215087,2.81729215802458
34.2232576141701,1.33911299422109,9.45987388899218,2.85260782875725,10,24.7422424768118,0.484997335721012,2.02513030336108,0.367901197034218
7.49708517965117,0.350409734323992,4.97100509455442,0.895127617158693,2,27.5373225975015,2.43572857047663,7.27392966575027,2.04019731265938
51.2375860711532,1.52221380062806,14.8681682354688,2.29001242086772,11,40.0889939841763,0.689672885892318,11.0832786550222,0.655876304297164
66.580325932343,0.465230594016557,2.04785973037596,0.35157909316072,4,170.865985413442,1.9640811769325,9.79326246883612,1.09152041426155
145.747892542375,2.43578961346154,12.6650522724948,1.05580490743757,16,44.7271145148987,1.81451895541256,6.97549820458266,2.1889339396476
55.3397192031712,2.67506917936421,15.8788616078198,1.24063928219768,7,16.9010489229056,0.44094446421667,3.76204017013188,0.495389343235294
67.4500160216087,0.922838876832938,7.19403822760743,0.498182378547782,4,11.9991832695799,0.390428585766402,9.43291230977574,0.601148355271408
193.825736778995,2.10257080059455,10.5748282769703,2.99924411477251,10,31.0808803197005,0.730960725795843,5.38530217506752,0.577100993579199
97.5363165006615,2.99321682666994,14.3957308715587,1.65024476490765,9,267.392752278401,0.906296961263228,9.82304185902401,0.597123941278446
100.787060860247,1.43809940775791,5.97318472877196,1.59189822896285,30,137.346465340105,2.13714545472714,9.66561616532683,1.64611205889751
25.4353756302555,2.64456491787379,7.47892833936211,1.19329620495287,16,91.3641270267697,0.465243452414824,13.0207350254607,0.92765066007066
79.7327486831424,0.719689490348137,5.78897561711656,0.460575517900489,12,38.4242595172676,2.89984996318688,7.55813412036825,1.98455947422174
52.6580735802313,0.868995010355792,10.1857719692634,0.756418512174088,12,49.7781358062253,0.593962080680089,9.41736656212587,0.894177783302663
81.0647481881958,1.34402480051038,5.7850152027721,2.11194869846221,7,31.7396670213041,0.507614319312948,4.83659039739448,0.812685808607165
142.925083742268,1.77745957209356,10.0046730397883,1.57226376725482,14,102.374250011683,2.38518102144707,12.3603369344688,2.49208788529823
45.8378420635658,0.874048410843171,10.3026549037974,0.845854688256856,1,54.2316104031898,0.805704539777994,5.37311123759397,0.468329458882515
101.124522282889,0.804638293516939,10.4703764187015,0.669078114110039,10,91.3326232743009,2.37028897327619,16.4611132142619,2.65501151717432
45.7610352559669,0.984326596035593,8.54307834916596,0.812602122977816,14,40.457395655112,2.81665196865564,13.1102829747024,1.47569645594345
17.8455968043682,0.515410588820499,2.89955558416025,0.428936942369978,7,104.728973120338,2.46181749119896,13.1919555066671,1.28094971631343
42.7266415307081,0.96761288246677,6.5673159974136,0.611509085806548,8,72.811310414356,0.997800248313093,4.0646004371218,0.401684603017369
13.2188977394875,0.401075162149341,1.90681775953268,0.42282705777111,24,32.1666569754999,0.404821145744224,2.76797874731357,0.417274851140749
71.543615019093,2.93119611841082,15.6368138330032,2.95005000683092,6,240.808793768291,2.60529547969478,14.8940388037048,1.46062485082729
48.8073845808294,0.917866516586498,11.2720938876052,0.757170325496023,25,50.3301103629485,0.779869808897041,10.2970651239415,0.671877935414903
68.7368931312803,0.977500358306745,4.89495131058685,0.752855348798107,30,54.5545792593088,0.878087836190677,11.8175051901292,0.817724142327884
8.75960669659236,0.364460635667626,5.85791185091744,0.75499503454741,16,68.2491999144921,2.88434554798605,7.94099351092428,2.29752153497612
208.54183827512,2.67504118838932,12.5716720285019,2.86431566185183,19,13.6781465209404,0.434521428834789,10.1291863654522,0.945742423331434
46.3228103019246,0.927816090643891,10.2644216287663,0.673153360407196,20,80.7031654924206,2.74141506341682,14.2637831147139,1.85581827561098
10.6600456992813,0.406406002683973,5.43331801576951,0.491125013641396,29,48.8621590740758,0.829074518910357,7.64923496387224,0.690686610466043
26.3685574904286,0.650721814259827,5.28238150703453,0.700738104678412,30,84.3186719668949,0.913687916643568,3.18133707574542,0.485244770729126
58.2474028478255,2.40654716235173,6.44493872718479,1.98535188656869,24,143.615313536343,1.25029682510077,16.4574486742405,1.59572644194174
111.743690250569,1.30719469510371,6.88079775059324,2.70604325331446,8,117.477713065529,0.886438593771494,5.34491898043723,0.545274642158801
104.473566399732,0.533024995322462,6.75859177564513,0.528299478403664,26,170.520621434817,0.87600345695545,9.87527508748837,0.767789362509812
21.1193014703129,1.60599391204688,5.96377465631836,1.6424041678796,5,28.1720005409807,0.643601103979509,7.19182824186208,0.568515753972424
58.9211457361435,2.44058192405176,13.9233661416028,1.03011725855282,13,73.4215944140796,0.481668567722236,1.19577189557055,0.315307194296533
66.8564940344057,1.13542279121155,14.7935939859673,2.68011504714169,21,25.7355735127254,2.95174326721885,5.97445084860339,1.06517916912777
40.5445165169734,1.49786357340687,10.7784642067737,1.22506859450629,27,45.8401931752198,2.63960940195273,7.55163144485877,2.68710239332372
36.0141697089238,2.76019806230996,7.7978441918529,1.30768967809753,18,44.4946727005683,2.54236555909702,6.38406672836137,2.04568652487522
39.6124828927104,1.89046469968151,8.41809407740297,2.81466031156944,24,51.2908255079024,1.24710238900917,9.79933135170672,2.86808314668244
62.8424188773746,2.89143911299441,11.4165829480907,1.28090117139498,21,11.5280246121643,0.329641117596982,5.17330938366217,0.428145009688911
181.878555219548,1.34362811020214,16.0350937506451,2.4225574426385,1,31.2843360028581,0.862813459545115,1.24611146934754,0.310123956298626
10.7407723774197,0.410319994475067,4.85851732880364,0.62810392962809,6,107.342996811831,2.4935322546432,16.1369177518534,2.88047733752697
42.9161481388478,2.81959547493048,6.36027588300851,1.92096592328801,7,61.0330901380779,2.61076953257453,7.69271374889524,1.85954112787485
20.9500756922209,0.446552048267505,3.85289882707732,0.630345409225847,4,15.6961356256088,0.668032393231875,4.8627189537766,0.907401177257647
37.3970903626572,0.909898468935196,7.13230522831766,0.543732498744066,3,80.023276309923,1.59036209028271,13.563899850177,1.93926495092119
6.31358436084579,0.425279312974352,4.49026444220853,0.672711609750061,28,113.326330864227,2.1769937669671,8.50083311943692,2.95857263846788
33.2261176505024,0.69015938943895,1.46422762022293,0.34967197589888,15,47.8444432394411,1.00926249437377,9.48073438640757,1.82548250188451
62.4097277250657,0.770927357567961,5.9116579747887,0.792350798904042,25,26.9857338423279,0.488027686712584,10.5795837649122,0.63714921192038
32.91393976072,1.95108292786635,6.3834962689496,2.41601404881519,2,58.842257073496,0.843201575944543,5.15655510341379,0.452891581951607
71.718765161388,0.861889239359314,4.59694346250529,0.779708658703431,2,46.819533458666,2.60996053054557,11.6927414533752,1.55832784266723
22.4284962058378,0.581752276950658,5.33652891909108,0.661238646636304,8,43.5220755225029,2.09982391173635,9.70941839610461,1.04087397763275
56.1422685343804,2.23245511498271,13.9345351671807,2.47845102136064,2,108.990836682621,0.692229844180979,5.17000926981134,0.430661640641753
76.9813391647666,2.19634417143816,13.6444231404383,2.10323207746894,30,43.1171927078396,1.18927161817149,15.1767536299284,2.71123203453492
36.3499989278277,0.613366534580382,7.72519456695061,0.598647070207174,22,39.11561895576,0.938046604360304,8.55089395174974,0.795644298929104
33.4874243861472,0.88971315470533,5.68989856163542,0.831016038853186,25,138.424355573317,2.40187423838041,9.62723829711371,1.45934400187423
37.8799110951455,1.99004781046639,10.2233711845027,1.39357555896744,23,14.5504270862851,0.383809769485953,9.15379917924472,0.611877389413659
70.9475638633923,1.94705590419018,11.0035051407298,2.69141736442013,26,30.1615263248666,0.847114689448999,8.10433438237835,0.675870106421497
52.1637619116686,0.728209976093185,7.37833209774361,0.693341437383953,3,24.3979833288312,2.94279189329133,6.81650013262475,2.61522997233187
56.6904489157279,2.76303800132891,9.90616860799039,2.18576569093254,26,12.1022182298055,0.342049302357137,13.4228997419231,0.849690229285169
43.165112314762,2.41926138654287,8.73106462708534,1.65919838206027,1,85.8630840045223,2.67603986176063,13.1516035690254,2.45931873671362
17.2045095348596,0.323272918982065,14.2839497965566,0.948798632217027,23,79.3582025683632,2.55979222289895,13.2065682802381,2.07806314182046
170.519672000278,1.52523595557222,15.7883084812391,1.98986909963531,20,20.5693060905688,0.550234192460971,8.52002733420224,0.696123154861399
52.6701280538299,1.11668993197045,14.9249399377827,2.22058550643287,22,177.974965033471,0.812370317788653,11.188731800289,0.812863032280323
118.488862899143,1.03432147768093,15.3693843314907,1.91758639351755,22,129.559907475451,0.580441757656135,5.59336547466656,0.453863793612262
18.5829354218572,0.384493251981895,1.24145365603999,0.337538800715464,27,29.1039929180423,1.61860139167762,8.60351695353554,1.39010458204602
16.5842785031754,0.537955813287356,2.24348484143555,0.39174797094166,30,275.986268014521,2.21260129394627,16.4887075960705,2.79450327685234
20.764993161775,0.759050540742337,6.4397450240352,0.795576859416879,12,22.3747828167342,0.575776784545898,3.24757494660732,0.532988768730795
7.95305776646727,0.374875421882542,4.06890095401609,0.439829142925458,19,24.7256724544052,2.22674846380425,6.24079770179662,1.50685190343699
193.056989600182,0.897955530338558,3.70858012391828,0.388010350142893,10,34.7804735041469,2.71709756831102,8.28269711031698,1.22103397012326
119.77222402945,1.28497063732467,12.6106991718255,2.65118085164479,7,60.7474676127308,2.74920981970337,12.6387120991931,2.02455214071349
23.0346795033551,0.858837820891856,5.50665399625894,0.713730445823569,30,40.0409126239645,1.46664313486326,9.2004964613717,2.93167664882784
148.199871349167,2.80565757233246,9.58152759307432,1.42045131771559,7,35.2645909106196,0.362853451162862,1.80975603119813,0.330921444310127
43.0778673024797,0.675924839270698,6.97397640718103,0.589932797296803,12,109.86419901686,0.818062649192216,3.33810288574879,0.444402046115923
56.2229986033793,2.51165936400762,15.2915518473756,1.48766316211567,27,107.280055657712,1.51907403797084,9.73835610381517,1.44294659567184
27.0954788771524,0.463288753815487,3.90237226345846,0.609870844281352,8,110.366794213254,2.70735919421223,13.8111820103639,1.31455658143309
34.6345615856614,1.94808924924191,7.49552422807697,1.52982243908087,12,48.7192844714156,2.71005833489893,8.05026445608144,2.34968483809247
23.6717495492931,1.9739845573736,6.01575880417662,2.34961701977627,9,8.56148706120646,0.372677119405089,9.79241914865044,0.968430289859688
170.109824328292,1.8699813844752,15.6961674074441,1.86431167968357,23,62.7430380408022,1.97920005405502,12.9296639325352,2.37805757774682
61.8854117343217,1.24109423466272,6.69487677940768,1.26117188259892,30,88.8137823416459,0.736797021408943,6.21086622329933,0.838946439248361
69.1687923672036,1.8708515520155,11.7994644914777,1.93328639721156,25,38.4863706098628,1.41353132310615,10.9727202739462,1.28230579339033
87.1394472700218,2.93365811243297,10.3104669356386,1.2661810048344,28,42.8326054475186,0.620213522502213,10.4517587301434,0.6935032755866
155.158733090241,2.27837192144273,11.5608133115142,1.15735750376721,3,73.6662384990349,1.77287382536455,6.2595354003009,2.0766223325522
10.5021429372437,0.389578045026744,11.3561885584846,0.834685146693142,21,35.569380414878,0.694317327441712,6.34665693833608,0.675674113783653
83.2558403593886,2.7869424059827,15.1615006063642,2.72903496713763,21,74.5452854141141,1.57299210099585,7.33753289051686,1.12559552082962
60.2080235828426,1.7242183694711,6.96955899101367,1.75617381517825,27,160.617645027199,1.61038667813778,15.332439480563,1.99008789659265
21.2535701206761,0.754813407995536,7.25925722974426,0.972838732900771,12,61.2276971877037,0.910449783314309,4.69168891129776,0.461622335091971
72.8241987828156,2.9145401197747,6.38963958582892,2.73505542104021,20,15.6423152169004,0.574260645524352,0.713920646835961,0.301439248595561
16.3932340744895,0.525241423354402,7.19381381078607,0.933822857471105,8,34.2735636657485,0.878069114621589,9.1456435555988,0.686949228802006
33.3438705008438,1.63530658657305,7.22043537056582,2.03258436173823,7,43.2724033238715,0.740481650631474,2.07889264902492,0.330453818147602
142.66453051197,0.792453322933341,10.7865936437006,0.986304456599752,4,63.731362942591,1.43863571152574,15.96175030031,1.28749122795158
40.1467923011384,0.988954517349668,11.7009929143512,0.819755797460099,24,31.0650932349176,0.548260574908564,12.8502478310192,0.822935051319387
13.6861760194068,0.486950893470282,1.66046277927135,0.392028945455431,6,88.7118830419304,1.57830980698873,14.7354104762068,1.63206390759493
43.7075641717378,2.82659871767873,11.6556355637757,2.31544088387464,9,20.1116619263466,0.423451316901604,11.8852326574939,0.705501729779811
59.3722521618122,1.24761900866614,9.38150192055055,2.59479954712171,27,84.950199020038,2.8384294946911,10.1945411569423,2.28148851097004
98.9698973091595,0.614497852082748,5.39528807369861,0.602084185660905,19,44.3846933253265,0.620135158350788,11.7588648813671,0.825713097851039
94.9145775179205,2.98021115131518,9.88007967680782,1.83281123415748,20,193.163241301824,0.953525986960915,6.10140963810989,0.484829411106525
21.2642171279347,1.24067310693938,6.82502852614863,1.88560852068061,8,24.8599319584632,2.75507816026049,8.0648791773951,2.29160603645439
37.7022896226693,0.4605052814315,4.36591833532644,0.416431520078899,1,22.4125498968052,0.453395489371797,13.9186064632191,0.896910544220456
33.1897692322814,0.883427262324525,9.4526113189894,0.758782477365963,17,52.4181002394162,1.92530457499318,9.11319136444619,1.90399989522581
130.127906891034,1.21155714805162,15.34532979082,2.85937779703594,6,34.0176884171039,2.31341744939257,6.573874113505,2.98470641606296
25.8252997952991,2.5921312791807,7.09316715709925,2.9684103354473,21,35.2967027774736,1.55845420454872,9.20048491110675,1.2131977536477
35.3244720377932,1.39889301616517,7.8874771929448,2.87828108433285,18,41.4387014319193,2.46698259035922,6.70435130529732,1.48383576425877
45.2211481398158,0.727792354485579,9.46375370965657,0.638885375281445,6,44.882430301415,0.925714668641476,7.85724897647725,0.523851464008864
59.487797398773,1.67301384162982,10.5653603994133,1.4962765826162,8,42.6989624659024,1.12573816644041,6.05805937660118,2.40602522778195
21.8372485477387,0.91094048983871,4.9992184392394,0.639912698163065,1,85.3277881448727,2.18654474145189,8.0833436030598,1.34895201205266
178.623853719897,0.636193239493537,10.5741405836816,0.700599628593356,23,63.1689528386866,0.599384627302904,4.01977797946184,0.494795620116302
4.52208826981534,0.327232422139101,3.61290201604975,0.43711533548498,15,26.8301755000212,0.887735367893649,2.79377226110538,0.480870139209776
157.184440850158,1.6281934153762,8.96007178091361,2.83128500738429,3,14.8887961862125,0.350344095994554,6.21494774887179,0.514391813672405
43.6776898573235,0.953288713601363,2.46727039287229,0.371078789134501,7,9.74087651014133,0.365191582241425,4.82379389780565,0.507013863194123
67.6656881704407,0.76357940144914,4.23593845914392,0.430419323109284,10,5.78650650210823,0.338795953934097,6.85794370300502,0.59147276964565
16.5701513380063,0.465767198188137,9.66789758272197,0.693944862267336,10,115.604954413456,2.99134409104388,6.50961356284911,1.11206424690443
60.0490011115706,2.52913191795332,16.1884213435128,1.9031894670647,18,13.2235997501905,0.558798672443489,4.72546142818247,0.730328944782074
30.1399651014622,0.811927304472159,1.77219177309006,0.343632985013118,28,53.1355855635453,0.449393541523606,9.15149482481854,0.849878218183785
26.5657444191454,0.750798683935361,4.51382362851167,0.624689051797871,29,38.5112720668331,1.01857615540783,10.2805993100164,2.75350725545434
24.0501577840225,0.492475133001995,5.22427616024068,0.545183718598792,26,27.9525430290484,1.37365021778409,7.98133238694018,1.68507447789324
65.7395069196657,2.1135488675284,7.06125527225319,1.17192813942231,10,48.4189760376201,1.14285057060924,12.6277253325152,2.82506836671433
175.199504438018,1.48999618311192,14.3418853164082,1.6916610575303,19,75.3302780849073,2.32221930976899,15.4591730105176,2.68999324529741
111.013994381355,0.991836227157998,7.54496338755128,0.613689208064864,21,26.8029161112358,1.55019914758464,6.6816617622826,1.8265197930046
45.4645751386423,1.58557012155168,12.932568290638,1.31171560843965,19,65.6275179478325,0.877436005223449,3.64336789938009,0.394397097865944
83.2690153059012,0.481438241244328,9.47345634042888,0.834110507783346,4,49.5742049231338,2.7070208190704,10.1084869629095,2.40371956223845
60.3702407194763,0.815482818993839,9.25318810649405,0.709928112898279,9,7.98225407167225,0.300720001567024,3.7404584759427,0.559319536187241
147.648067017515,2.04211761314638,9.6596395443083,2.48641879537047,27,45.6217285135831,2.40916731594094,13.9561498555508,2.0609575283006
185.928451812451,0.972449390149002,8.62873172688307,0.594613839250452,12,132.395673392279,0.719312590573869,8.34873444723734,0.697999120387348
57.6850424294682,2.11403925895309,13.4140201167652,2.13395514308739,3,58.8687201241667,2.90620360316588,6.96832438283872,1.11983245720743
44.5429400303882,1.43537593961333,9.85638413112885,1.70652718466498,28,50.4488490718377,0.700607097002507,1.68484051725089,0.326868902859906
73.1694628874939,2.67725336819915,5.78429523159147,2.89078431065072,28,91.5373735631971,1.54944250015884,15.2440852609663,2.28136981825981
86.6196922875784,0.985711944488344,8.520243948992,0.697270518814408,23,15.1785237859463,0.432311292321184,2.61058803124918,0.467833190732545
83.1595281282686,2.6607499255586,15.1639146002324,2.29648205511041,2,236.527526906478,1.14290598367079,13.1951476241462,1.08284802987918
19.3565103495016,0.710581687393292,2.59916235505146,0.449002835782922,21,49.5588907986164,0.454406167405694,9.07818252311602,0.655272263871639
98.6931149320995,2.33549991944401,8.87675626603712,2.24467637266615,26,14.5053587289343,0.607412674481406,5.91982842228592,0.800486479657804
39.3161073853654,0.902673319742615,2.88045595330486,0.360970648552162,22,43.6442329990632,0.470202806136809,8.29628596870481,0.660953124042724
89.57579137166,2.08407415930422,12.2994938358779,2.29615041729591,12,72.1216196104057,1.09681808076805,15.750423993571,2.642094209889
69.5290923240167,2.61717105052458,14.4970457581796,1.91098708418066,16,56.8710629225009,1.05060691690744,13.0791988252948,1.33400102116801
39.6449223753459,0.449129189015314,10.4455225383136,0.702491801401133,7,95.6497327712526,0.936775791463327,3.52878957466018,0.385511745456789
24.863340455401,2.85543569747072,7.84606185772239,2.41427884228422,23,51.3387574578683,2.56139861410843,12.8132897733907,1.18581121154115
30.5283373540458,1.97613877183618,7.35319355323551,2.35214735561804,9,220.04186540811,0.782286145382699,12.1113326356687,0.764994214062648
51.6772709456118,1.56664309657442,12.992176146481,1.14693170195914,1,67.7242167868802,2.22916740052453,12.225652136546,1.363543581202
25.0923230670241,0.876475088944354,4.33116962971433,0.699468745805055,9,46.2279725938647,0.732270131964646,7.47331924997548,0.735770792611326
40.231920797404,0.868997701273014,9.59188836163061,0.634214602719048,10,97.0478956210162,2.09560466184671,6.11346167783878,2.30687161917183
157.042938825623,1.06220649640104,12.0611315682995,1.53645916206968,20,71.5219557507039,0.646840347869274,6.31577526638938,0.73860692307592
56.26958869484,2.48234456354093,12.1345246049562,2.35643142219852,16,3.41977866099897,0.315652350428039,7.17534782527441,0.84191908634745
32.6919476284848,0.477034690496359,1.22588754065305,0.302162756656447,10,43.0827698698626,2.38527003264219,10.7647907046599,2.22982692719317
50.1609193252722,0.946200559335489,7.65207072143428,0.53674706639865,21,55.486159309642,2.8428564998083,8.06779128070899,1.42638209144812
72.549790161309,1.66069620856463,5.42573173395322,1.23855331218932,26,61.2153175088538,0.907364306952427,8.05979710562261,0.673517646393548
37.835760987288,2.11530092102687,8.61761930697574,2.59207696230327,15,31.8402549878839,1.42855240728357,7.99846953797863,2.14808337058918
36.1855270017884,2.39247345244472,10.1271534829288,2.26831270099321,10,126.39209003392,2.2763170356261,10.4774135379691,1.94608602185418
8.03645988152793,0.383133822923322,0.714355136852885,0.302455576002631,17,96.2144787699246,0.853015237417296,9.6659376024374,0.851718627698269
39.0671531576326,0.935198884744976,4.65690091094152,0.478491991369782,19,60.3367673449364,0.581641521749476,4.56848809395176,0.559260776472856
62.8488483504041,1.48390519228909,7.55622322134332,1.18245616198214,7,50.9204788212671,0.678558119775444,2.93498747099775,0.472032390187376
56.7438896311784,2.98260167385087,7.4653085630282,2.36123738209011,2,35.0101389905916,0.96302798471922,8.65908429560772,0.953877832862933
42.8063746350178,0.612725044810547,12.6325474347155,0.971103852757131,6,35.1639700629627,0.602221514851241,6.04963629997105,0.987092443643692
33.1589112270789,0.616811438884132,6.86111572290274,0.59791619653665,30,33.4328936844792,0.562437322696305,7.97630265130223,0.885786829266174
124.601181064622,2.88887226379333,10.238689839619,2.99532749162503,18,3.04139027910816,0.305420426243329,4.5014726356104,0.773032872935768
171.927301110421,0.682094050272317,4.85960574240671,0.444531874377499,20,24.039087199189,1.51833679375462,7.27254186307337,1.14910929656729
117.582155314054,2.47612089805243,15.2309693049827,2.97312665551109,29,16.9466579779143,0.969947468963305,4.63400286080952,0.738509801472691
70.1188206984636,1.30339784368554,6.95570610787142,1.19507088989449,28,92.8086969647101,2.68770812052347,11.879536588625,1.26229644519137
94.8836384897988,2.80282554613442,12.8325586402165,2.6185635672346,11,31.3206039185687,2.82840071995934,9.38992755537022,1.50457978077641
48.0193999471143,0.972893314689474,8.61274246228573,0.601058061836725,27,66.1205246032748,1.19188969483181,10.6289390568958,1.99046104275978
212.145193611024,0.961628500708934,11.201531298756,0.717845329420034,24,40.3088452142833,2.35194236662066,11.7711340570165,2.76790445009799
54.1011035602932,0.728341068271206,6.47065031511687,0.475278464762993,26,39.566528723319,0.66252435090482,9.06594363118678,0.917169366091057
5.49856235322573,0.329439050984698,1.69719279032976,0.383396916064908,5,18.6908181923701,0.553371545539726,6.74570616840206,0.810352604860953
4.57544084659233,0.357779103551195,6.17058987064388,0.944811879891766,7,11.1791312139687,0.47625700271989,3.57121364036764,0.59074801788426
49.7101254912861,2.8751998143902,15.0486631674027,2.98617233072347,12,41.1033047926638,0.93674115696303,5.72122219536128,0.784188830287788
23.328485188215,0.954056064110188,5.68577784879406,0.834245702439125,15,137.019651923579,1.44311725496491,7.7284952315331,2.34940745678345
75.2946981804473,0.655344107615311,3.80682110627454,0.523442394655786,30,35.9922961158587,1.4972964935056,6.59136587040275,1.22216822233841
21.1437925490527,0.491773746403487,5.54651480469184,0.530787350109377,7,42.8827793911873,1.01971180953356,13.9674088951544,2.71306556960493
45.5643020715805,2.81445158850133,9.65643510118968,1.15482793627125,29,63.639467074998,1.37159635018661,7.46479769918953,1.9606896281674
35.491523976587,0.859283753438224,10.3051456473038,0.739360460731033,19,50.4426402403419,1.73735325175547,13.2199275918027,2.65534993419316
194.052544828112,2.74708036048282,13.9619813776367,2.88950804826219,10,38.9462116312938,0.421630022463205,4.76617575076491,0.495926534795508
75.2735905176244,2.66155969309934,13.1705001667531,1.01486053891994,27,102.946305350869,1.64069187885633,12.2886165143309,2.91925777900728
71.8782715894921,0.737879756723381,10.0204490211062,0.785693295189034,5,82.1856978867386,0.932652810076927,5.19368454616,0.474863492472616
92.6986873955589,0.478955001422302,13.319038024182,0.89816251866338,22,106.166340506816,2.16376508431046,15.5778275954649,1.77094880110055
12.9541255556341,0.487400980929559,5.06762498894343,0.595691435828588,1,6.94749467960183,0.30159012679234,2.42103599610101,0.365800876439733
119.506167252828,0.596251124410371,4.09593696251469,0.399639666347235,1,131.020404724561,0.569799547718302,13.0562125058224,0.988405966718475
111.576400909562,0.84216936670021,2.73505593763246,0.409752623177128,8,21.0927633812349,0.457586832942408,8.16526266872757,0.763761922367962
27.7694139838245,0.699817433505094,9.37810779664507,0.975074870590533,9,59.9719469491579,2.02118356867727,7.84296331490702,2.93217742571894
108.22542945629,1.78729008305362,10.8943194866349,2.81137606269272,26,14.0111787796626,0.605283565944311,1.30097234431287,0.373947161242423
18.3032693610716,0.470518567050746,8.82870334562843,0.782449040156151,2,19.3034158555078,0.598596838336791,5.7639587335693,0.577564761145399
9.65475205745559,0.324435650466314,3.59820994994883,0.382572013360814,20,23.1717928152625,0.428652327899464,2.31264304323852,0.376564152452359
60.4501054926037,2.98638824572353,7.68442449303318,2.07721448404225,13,255.444583307407,2.04613415779514,16.089306051836,1.72652344591994
18.3133796706831,0.368108268064439,4.68203027406556,0.652664501433976,22,37.3933199407358,0.520561248149723,8.87620078936959,0.616625689612449
24.0898835505743,1.43578600224187,6.52511860700851,1.74350976240678,7,55.0634914507483,0.817296750605614,3.85430996182637,0.466725624154863
20.6021470178791,0.878157079185867,4.03702980919595,0.573590025724402,11,77.5515516558229,0.524887207099128,12.9197860666732,0.938828449759629
60.1393653384819,1.88441434432077,5.36209119001131,1.05545008490144,16,4.90869446672213,0.320290531373425,4.98404436718189,0.473087915401663
40.9591708688484,0.579370630279595,4.41083113079394,0.477131350449425,3,50.8784454788011,2.35313492574189,15.4550527143765,2.15740690748434
50.0902853936133,0.94645192160859,6.47849271878674,0.514346282089925,2,43.4057436289687,0.527513313887041,5.40046682122601,0.479618168899148
44.5287652534183,0.645687595463597,10.2538567358925,0.804034469023407,6,49.7005271173681,1.15374392460616,12.9591456673307,2.8626010746625
46.7765771191665,0.645626524512127,7.42470102283797,0.580314456792065,17,95.3446463889431,2.66175444636051,8.14404016319009,1.99273187260849
116.644564726333,2.03161759494092,10.8832770766531,2.95362408530466,12,48.9207204826378,0.713917407767078,1.73477300504629,0.405845745921811
37.7548428349561,1.40806623617623,7.32674950537639,2.56491776353202,14,80.4437668673494,1.10783740641534,14.8805612167484,1.13179661348554
50.6149904470443,1.58034699006776,7.3723519393246,2.45832330062109,19,41.0002363231637,1.2031053637236,11.0354714195978,2.62189610954643
58.5061110835357,0.739929629610636,2.05038472603182,0.329748667470269,17,80.1920332533214,0.883600287391043,0.886463255779901,0.304786347734939
76.9333605730839,1.13387508758502,13.9030913394033,1.76907174327702,11,182.333354665626,2.34024390209579,14.2901405643449,1.54465604716037
57.469880858768,0.904360609905315,10.5283279007162,0.645164837516452,19,13.6433560737672,0.527827398745151,3.8553687102323,0.502760837927265
48.1339502638221,0.954508452478355,11.9978362832895,0.948796648866399,30,25.3061614011033,0.45424974003173,1.78637875741031,0.362261741038056
65.2594792175316,0.844341455347418,11.0566480787711,0.986153654491919,7,10.3007166510986,0.50921051280498,3.64921637321312,0.593453155742865
31.7739574399772,2.42277683530523,8.6362318223759,1.93234880230438,28,53.3005269614774,1.85645594601572,14.464905624571,1.31382766459796
139.645806155806,2.59256645792244,11.6195167856014,1.43097787387655,29,10.3790914394991,0.432105812431186,8.38025316014179,0.881135780925478
53.2851861905696,1.86318556668179,12.2020979689208,2.41996976832859,30,45.3759000957188,0.502737496062711,5.17176181335404,0.781188736697107
60.9151423370446,1.17112926170179,15.7535790455745,2.72803250020168,19,36.5143785240247,2.28424182879899,7.91726083081494,1.91038223173406
102.904483371404,1.84875458266423,13.4393811809984,2.5231729672131,7,181.523381833023,1.28567044985123,10.054730237589,1.7256613536407
16.7311003347989,0.530397686692404,3.89300495601043,0.622638443029098,9,126.131197183825,2.61372354817928,10.6133254846959,2.71469815647648
121.272559191099,2.6862153785088,11.7690030999831,1.25999674492802,17,32.1247845386537,1.91802424667927,8.38417192249564,2.66566854613493
14.493892880448,0.743348936981955,4.99576684972245,0.873500777110502,7,15.8202581680807,0.990003838451534,4.24720384327027,0.754083350669855
40.6454920619441,0.941061749240426,3.20810155872009,0.573120837628392,26,111.482983427064,2.41949998406702,16.4465592092862,1.77849254852851
171.885275329544,1.84724078491755,13.9054070752694,2.81162939033921,22,59.5539714893013,2.46376392108925,7.77221401335083,1.51655395579025
20.1064963609726,0.350899021787381,4.35293614397989,0.446905341036634,19,95.4329387628319,2.99826948431038,14.7242968800104,2.79112506605092
110.78591424676,1.94829825305886,10.3247784292508,2.83071223317332,6,59.4406164666571,0.867298611796183,10.3741847102144,0.913721639026256
25.378266845711,0.356575347386165,6.97040092478764,0.519516770955937,21,90.81820996086,0.567840840537333,3.53533740354978,0.403988326972958
74.0767651359034,0.902634987335906,3.01696420824653,0.360670793781899,11,64.3143660643896,2.84696803622194,12.8278233438441,1.15889595645768
86.6489151363817,1.36064819028451,11.8055493679227,1.55073484433481,15,41.2389067097953,0.675870353925089,4.72188759145684,0.575395673222608
80.914159681988,0.712240399282677,6.86589993350475,0.665467001870297,7,52.0011597304499,1.68304271379653,11.493616048167,2.8576447159433
56.0489321563607,0.972232572294592,1.68528607457628,0.327549087415853,27,28.7789595680138,0.937733787961383,1.55215609988317,0.350326742293548
101.377456759877,2.70937232358445,16.2445973562279,2.01458639127708,23,41.3041393513313,0.723655734265693,2.3163719208118,0.33324485933559
51.6877981948396,0.98522744646935,7.10336446574803,0.718013807517276,18,23.339756413203,1.87297227576656,7.42884890335423,1.28174287301122
8.86849314591813,0.347001521572372,3.55390176349961,0.397108373104634,17,31.351258059851,1.09393677985402,9.99105198811811,2.77902415650073
28.9903286702263,2.4714396227299,8.30922203025993,2.97220474095069,20,89.9091701281531,1.93184195994838,12.11586290393,1.26439125688581
43.1324330447865,2.37753982942992,13.2931078939999,2.83999392603157,5,24.8976997323418,1.08852031152638,8.00675271005342,1.38209563853877
133.402221775206,1.03418487306461,15.4048716035827,1.82902221419303,5,25.3696197952222,0.697769214403876,4.2211420651403,0.503405950082292
27.4795069179615,0.884215888524726,1.10121538845985,0.336472472906327,7,52.7337155991916,0.535603094290659,7.51067620823032,0.860991912028854
65.0834879006635,2.52622469113021,16.1149978137593,1.63823430369647,28,96.8364327508387,1.36261679632396,15.3679320595266,1.8806365087203
219.330973831895,2.96312015341723,13.2477894074116,1.81975001316832,6,46.1178626559102,0.975255329763664,5.63286168408316,0.512028643893483
49.0793156844046,0.722298736183531,6.98132177621583,0.587403132177272,29,30.5579906922542,2.4581056065967,8.20799160811111,2.14974386208583
58.6828261450948,1.21171199334839,8.6828977782865,1.34660749781914,24,29.7316968486604,1.86788059452186,7.29627974625488,1.15312850584575
52.5243537641484,2.65917188043505,9.92914047324984,1.57062911416235,27,52.5007942601644,1.74041660352302,14.156122112862,2.51141331900807
9.32131434751716,0.412478753273323,6.62383337940418,0.899256922408636,28,75.6296139386587,2.12473119492899,12.70310349039,1.54056740694722
19.0751668418351,1.33875885456727,6.49264643466584,2.34590371256292,6,41.5378404344674,2.07721168527701,10.2417505232725,1.43685622092996
12.0886303719136,0.367942851098491,6.63254597925224,0.689671464745134,11,10.7143528010147,0.396027425397926,10.7525187141638,0.955653533893662
63.7250204349835,0.943254415342634,14.4218839794164,0.978770783006186,20,13.9255339231204,0.381493356207701,0.681882227504172,0.310441543836307
99.8938569390822,1.73150722823877,14.2629818889637,2.39363517107506,27,4.25064490145029,0.300506236962619,5.11439684903957,0.447005570540345
111.245643167853,1.68703455306707,14.0767797196783,2.92383994380872,14,152.922725475402,2.37384125007966,16.4498444019823,1.87947974344834
61.5983383373887,1.06370789507383,15.506220081848,2.73831585512756,27,111.648137777039,2.16974746338998,6.45337566367116,2.02579110653351
18.892648045329,0.379809702588349,7.27482869759816,0.516039309766456,20,83.4819402462466,1.30772833750315,10.4077761624425,2.28363187911149
49.5364470032388,1.50579113394486,14.2638765446197,1.4614846158104,5,166.75264111837,1.73448410612665,8.57338343473465,1.08377210636622
12.5858525720224,0.376958112072139,5.63809479700482,0.742638691099568,3,52.6511941774617,2.33178252548994,6.06724905511477,2.13735630351036
32.2302873482431,2.98700442771895,9.6435463660892,2.96570666614931,8,59.8634590763685,2.69903092687642,5.78277413980385,2.0172810698945
38.0019413810113,1.13254011656203,11.200832836394,1.99302950090337,25,74.301354487448,0.943602370681562,9.35371222704105,0.658432029185409
30.0012724094834,1.1707138086559,7.59952962440904,1.08792138219528,8,31.2305596733774,2.03162364346455,7.16865602541931,1.74537957949339
25.8592138843579,0.37621233583178,2.4815846944406,0.421325126059556,23,30.1958966380656,0.620256574283889,10.6329000104642,0.819719782006674
133.667701325692,1.55932433181904,16.8718716195052,2.56288962492536,13,72.3569239217663,2.42798584772114,10.4276347561199,2.30059099544347
17.0700839463879,0.510253488387114,5.29142531018384,0.512082936188212,16,51.6805230692417,0.825307147642355,2.23997171016565,0.371197344770587
44.7089112318531,2.27415388760992,12.5092775900047,1.79395576082881,10,89.7614271456148,2.89809077649797,14.4447029355687,1.61696331540524
54.2865068430202,0.757056858048966,14.6714776774888,0.986763341876339,25,88.133832974243,0.988461716300074,6.39425272336597,0.979711124114233
42.0658797729735,0.684259690217134,10.0141353996005,0.740181307098744,26,33.1186153075,0.435256557780597,11.6106387467975,0.928392331761271
34.2271245208218,1.63119517352863,9.11357744132273,1.68753392806177,24,58.7763537591299,2.97958709318725,6.33824441002617,2.70054229199632
192.216093706454,1.66492793825301,14.2105188672872,1.43774589770293,3,56.7268026971558,2.06902857436995,9.1275402426983,1.17451469643079
20.6952061349085,0.778630808460128,2.97166165131928,0.501762123143651,13,122.134630939226,1.77476217489573,14.2205318374914,1.50623889643553
13.8055807695685,0.370671280333979,4.63451072851208,0.858068676847118,23,157.870857886768,2.79525695505288,13.3949566804819,2.49986900470058
31.1473631845766,1.37800434055956,8.75003404541704,2.43877907694883,18,95.5545613195742,1.3473126840207,5.7385164233746,2.81146680102818
9.22360176658839,0.345734152500842,12.4185998408957,0.856591328076345,4,49.9889813628346,1.7773177602613,10.2716581750612,2.18203533157532
70.0417778897037,1.64239373506756,6.20289099748213,2.30463738797812,6,70.3515170330646,1.2498019301623,8.44527712017446,2.76440743754698
37.6813472607391,2.11606116685085,7.93023338113881,1.5871764743997,5,125.63704033952,0.617947940065427,10.156787587845,0.784714602255353
84.9381663160198,2.9626101211899,14.6178204004131,1.03981835483029,1,40.0565299122953,0.93537545333971,3.84247451875987,0.450834012557298
4.09612246212691,0.341154814015531,4.79634993906348,0.788859230003502,28,12.5374302049963,0.356254645221117,5.06350295387385,0.574221219439083
127.344451149957,0.933998362376443,7.38637627985076,0.804699438193715,1,57.27540982141,0.76787865014463,0.938925873749568,0.318373393627369
38.8454624678904,1.62116099469788,8.72382064115018,2.37575545102842,17,144.052988676362,1.26089232114845,11.9790214403358,2.14490738779988
31.5910211208482,1.01679142893255,9.70187137323036,2.45415079433702,3,75.3222907357506,2.97957893988375,14.1361077038917,1.24041508296398
12.1512581796393,0.516494000074937,1.71447061382297,0.364455878374711,24,63.4241857458459,2.67945964701599,15.6518950431787,2.36215017747267
114.275370857772,2.51631907913392,14.2076384949257,1.07520265306563,20,79.1546011776632,1.67906828755699,6.37336930481288,2.76664886966114
31.4398495583584,0.414775950704501,9.92606053730266,0.778752370881504,10,14.8654319128487,0.47521940097015,5.56332571294549,0.739497056928215
32.7392212032512,2.9456117871115,7.81920728447033,1.61609453616581,18,42.372559346784,1.29776752777835,9.07154540936514,2.88381348697012
149.799804607334,0.819461644539134,12.347132197963,0.925588282304111,20,32.2783585766979,1.14145462388232,9.17376198288262,2.32885492249247
34.4409068939522,0.905592927027021,7.55373727728343,0.576344067032625,5,37.8149480301062,2.7677564480493,10.0536488145113,1.62070327450762
94.6781259179188,0.787963464219411,11.0629651431579,0.7568083022029,11,174.011255646972,1.6319028717781,12.3740950225709,1.58884161234715
183.106718160701,2.76195650182682,16.4940054799024,1.62875986189679,22,292.54794632651,1.93898568817178,15.867844869166,1.272455647507
24.2575427341881,2.31109008959779,7.09550661797073,1.06699486575331,26,63.43816894649,1.77446624447233,16.0040647942306,2.94707193609037
90.8294649111581,1.03385404902957,8.69851612398837,2.85760632830403,21,38.0043176120106,2.52352120887501,5.77662943140695,2.48780966421546
43.9149982478759,2.08658287866281,11.2070498972432,1.61911377396316,10,68.3875945231225,0.468896401992006,8.86343586302618,0.562417063267168
255.949261068857,1.27511893740347,14.7378275436024,1.03639457506281,3,70.3534279211831,0.988874296692977,2.98128391773696,0.362247289317518
23.0274163231101,2.24365996842658,7.20347112002466,1.81459549980878,10,76.138605549533,1.01922146778083,11.5309586486182,2.99644084829239
63.2497536219541,1.30534002615582,13.610307571485,2.71846663176829,15,38.9256964943486,0.852252290547729,6.49428523691826,0.680983959558346
8.15823996805524,0.337933264625026,8.15477502210492,0.640578653113826,9,47.0041828122879,1.79268310730832,12.4677969997402,2.169431744017
79.6961547180879,2.34999945660296,13.0977587833831,2.92101722530762,6,23.0014051936547,1.59973345961269,7.17874517345124,1.65528436592999
78.0116467864979,1.02315341112745,13.9423337217148,2.08826798889837,22,12.3208312372876,0.469901696546438,6.32593999137543,0.978258060076581
94.9889167794427,1.57056073824464,15.7777620782992,2.15332087676226,21,60.5755533712958,1.04148278551475,10.7549641010927,2.00356674430681
196.972603274164,1.7960144253276,16.0600598306169,1.71124568034125,10,36.6528235259758,0.596137583053688,7.13594609986982,0.838722030673125
31.1968804190527,2.41990161486829,6.40535292468305,2.17291180004128,18,34.3229395581704,0.583588165315995,1.28977581012974,0.356449712721517
101.652086757181,2.70984611189358,8.72394654552524,2.415941110892,30,108.174414197287,0.532314294749703,9.76706293973191,0.676113252552802
74.7429241218232,0.744332793225657,1.33044973024416,0.366528262851342,5,57.6412442614879,2.30938873635077,12.2911465256093,1.65740637881401
56.1191821992019,2.39871894170942,10.061863371422,1.79526068737002,23,11.1603014456765,0.430904904629278,4.77175391687951,0.61546967211698
14.4557631840123,0.374671623016528,2.59002103711897,0.404615015295201,20,58.4793708720672,0.776763976321333,13.4390452977749,0.977456538525318
58.5832022804967,0.747833904468668,3.35067688520302,0.369310209914388,20,70.1411157690918,0.521773829863667,3.59676924589796,0.431713435934268
64.6739181772387,2.60110380900358,13.7772818543595,2.27201929888786,26,43.9496380107762,2.27288056511404,10.5515074469827,1.49076718184748
86.4602164609762,0.94169095772132,5.22664307294769,0.671136756043979,25,109.461362593144,2.86243338640853,14.29846299265,2.58706169584861
31.9403319154786,1.48608582666063,9.35763330190064,1.05907976623011,4,37.1654207684669,0.673226047368585,2.57666393695568,0.452488390674024
22.3185330444497,0.392670079305826,8.04935911384586,0.800159197386029,22,88.6645000416633,1.14039773059868,13.8452519062491,1.53991948823243
11.369649179229,0.40224733679017,5.42244730857915,0.666591646864589,18,50.7541425699995,1.86741684067283,13.1501670897636,1.03507131008994
26.5835927143352,0.529554110455928,7.96407661843555,0.935444117672233,27,3.27204227180858,0.315023852599174,2.31705134660846,0.422768925794447
47.7255655152837,1.32882639880772,15.842259806005,1.83048614416948,2,77.2188774758997,1.62674309529763,6.92605197043836,2.21892240429023
84.7866427544064,0.69743636942674,6.40796884337159,0.525984537237814,2,42.8759109091739,1.64288650574868,8.40444361856951,1.98873409215952
20.8525984175776,1.56858808687401,5.98838275739755,1.33958494749713,23,22.9874048122584,0.771711606314579,4.64319788888616,0.711000603759076
49.4550909384048,0.499882735919493,7.09621308749888,0.606992058006424,9,47.8036475360565,2.13538490596098,9.25776194010121,2.10054516465772
25.4512023175966,0.997137377362648,2.486065829567,0.458391861633615,29,84.3968555119616,0.785902764687756,3.09964284970822,0.439779131420552
14.0705919478298,0.525420139731461,4.14946257769993,0.54105972273096,14,164.364415067579,1.40307434520046,10.6653862708779,2.5803828654524
66.6958100711598,1.21107123576753,7.54264340227299,2.230110518148,24,189.597493028849,2.71986410694366,14.9635067029738,1.21537159865781
54.2866604464652,0.755848890510763,10.4715700606865,0.739929990753474,7,41.0929831361624,0.884244575592641,6.29765338139237,0.923542173375725
122.528533668738,1.12680030446433,15.1301782752946,1.35260952824158,11,39.8994658310002,2.60817927525511,6.22336672612154,1.50279915933693
55.5203880782403,2.31280713753899,13.7036453992815,2.29693398360329,8,16.2927026816714,0.709270120000796,1.13070039059476,0.350359809189452
48.8192243596155,2.53123216385596,14.183723543873,2.04922259626703,16,47.7946369537426,2.70990908689711,7.27977368544953,1.93276884824723
23.7400292393626,1.47839728466945,7.04742922985169,2.13360925528519,24,16.8678437219459,0.555148493264977,3.61429764755245,0.530376683009816
31.6886073346878,1.1337185432986,10.4993554870954,2.44810833946451,9,46.6132443315907,1.35801211509419,9.97247350408491,1.99370851528746
23.7522170363319,1.30890254539711,6.20475010171016,2.39911278235535,14,29.4318553148249,0.412451896629782,9.42475388064348,0.918177188368477
10.4899032815899,0.351071565948385,5.29092770897925,0.557590058072405,9,57.6255181729942,0.731549002029884,12.8181788877863,0.95154305126466
107.818550412845,2.41910637249208,12.0898376855702,1.83754786895005,3,75.9587566983848,0.880211609564072,3.50319267323572,0.375897001200766
84.7825641595303,0.572853358020879,4.91616640837343,0.602441666871583,18,97.5461953729578,2.91815004623371,16.8442803014395,2.29473307934328
51.1268160238962,0.985384115712475,5.32613114836893,0.605698839012118,9,22.370435049353,0.489490176812454,1.6318564226194,0.305460010039262
69.1339217391604,1.32913793859919,6.16756108959213,2.60268351873576,26,44.4582795481689,2.72697703094455,7.77637105590859,2.80524867420656
81.1343789398495,0.805483330685255,9.52886983397989,0.743686230632745,16,26.5848733227568,0.693767921473074,9.99644326725524,0.927314711188823
97.3865618791226,0.546473105302563,9.44338574058941,0.995660040671378,25,105.51206000505,0.575567341510387,3.03396192408857,0.359454810558883
22.4202018216572,2.96594650766811,6.8316410764913,2.81183895610586,9,58.8323311074144,0.655389315196508,12.3305933975785,0.8295708444946
23.5378698219962,0.586152468094804,10.2479717495911,0.914160093824236,13,42.8081285823759,0.996087782901976,6.18982001831234,0.610944959786208
35.2585942419963,1.80545936284948,10.0497398152196,1.13213372257329,9,9.32424106723428,0.335081786679795,6.02385209231102,0.552652524790075
34.855776140008,1.24952296996487,10.3910011774802,2.0897659469664,23,57.8690359601467,0.930260965049164,5.96793920320766,0.546222558678014
64.1794354116899,1.30134977528087,14.0862058867785,1.78844089512255,3,143.537015646116,0.852645986008733,9.02592634417864,0.84614442313814
43.0169825327364,0.809835650530472,14.41132738948,0.932018641679555,29,67.4215855796564,0.465249038943719,10.5792719204145,0.666124930950052
119.319574739356,1.31977050467834,8.18746290091149,1.43172495454545,26,27.4072944257443,0.624394646087839,4.83268128139197,0.438277839574014
25.9798223854563,0.475738980099945,10.1466069057045,0.979673995737167,14,22.4364258647972,0.413060610686867,1.35153214698226,0.385036445942063
109.201063467262,1.48502526172336,8.95937832568979,2.63019471279939,16,93.3142443097729,1.85741942221602,7.45961042065319,2.81936679555244
56.0816676141037,0.799229925430093,4.56664773183687,0.587725811492367,13,25.8137957403046,0.764768632129534,8.47724286532415,0.818281739741643
61.0387963089803,2.67502886437343,13.593650906826,2.22702431087583,30,31.4063057222622,0.588333395937208,1.85483188325377,0.328422859656398
61.9841591120998,2.13425233808633,12.516674068488,1.34956545294956,9,31.1648678986831,0.602486191963807,5.10214034922528,0.542559047668044
49.3466640293578,0.790457538541628,12.9125279303231,0.811277614510887,23,22.5035943881975,0.506954799546662,2.21319684104224,0.379680889001012
15.987094522707,0.634110202185266,4.7859757871405,0.608559346713746,5,138.097302085267,1.40503951951543,14.4087434213664,1.80644258623178
17.1581445549577,0.458528127772885,3.42028555514392,0.378424808074365,14,188.297130272619,2.71897003952026,15.0265426848307,2.18401812820144
57.4564432067636,2.7411335159815,9.37485249637492,1.61976695780223,6,38.4751469195321,0.819286885546562,4.7735136107594,0.823813250743494
53.9221189464326,0.774719666075572,3.7604591098218,0.388296649594949,14,20.0694288918167,0.379120751221214,5.98670605560034,0.646792386571835
31.4700558158667,0.620370399225726,10.2461606634097,0.998951887294338,27,94.5824327469462,0.819147860954911,6.0515167945389,0.50513692235253
90.4680831266565,1.87286575467198,12.5435383708702,1.87130361536617,12,229.752378958213,1.69027836764747,11.9780861341812,1.11706215377965
97.4379254739226,0.594611825917586,11.0188675833078,0.985146916617428,9,204.201896406515,1.70806378645269,13.476519102792,1.25116855587092
12.8084715268123,0.353254325297851,5.06970261910265,0.579399154885196,16,31.8877228859688,0.886672856521116,5.79976984943769,0.677800231620388
30.9348376123227,2.20987188761502,9.4987285025784,1.53524596564241,1,63.495032137387,0.784106910704561,4.35097164171085,0.521409300011807
21.4655103756061,1.86759757129449,6.15186496277105,2.48284624005073,21,36.0005052155602,2.85401959915621,11.326712613196,2.10908661060906
65.0294495459691,1.80673348743816,10.263625340863,1.57994470467003,14,188.325132938311,0.975812801106768,7.0148642542311,0.5124049180254
57.3292563865117,0.893617683289174,5.35395381752357,0.522045792440678,21,8.45997353060482,0.332401440101469,9.68395719835617,0.951287964142424
16.6919143872911,0.523999000918739,1.04001507369158,0.326525839557758,4,31.4173238262491,0.441804322776504,1.6407768753276,0.378946432858165
120.716246865734,0.864889201020179,8.63978047967991,0.815263725883213,17,58.743074475801,0.49376852168791,13.7514930881469,0.977084005713214
45.1100180503879,0.804152175649276,11.1897810816871,0.773256817345333,5,12.6443678443233,0.395622840489715,6.15964324577887,0.73102244392326
149.381365533445,1.29607895162532,16.1663062917336,2.54122412352377,28,148.38388184166,0.845276685294289,8.29647217922435,0.55223432679327
103.933207422778,1.23666706239757,11.5173661591417,1.93982839814724,16,25.9437402451005,1.25364504862982,8.06662019543066,1.97001252004915
68.7722519760149,0.497414327877004,3.82758233194029,0.512514526020854,4,81.1678653305384,0.942109388967986,6.65257825538293,0.91092723516689
67.1381082618434,1.78664156163504,14.2239376191484,2.84725689938012,22,19.5642753777389,0.397108036423074,3.25426419204655,0.504746195868618
10.0948928028719,0.477060423340423,4.3435961618801,0.632854348175544,19,171.603666045609,2.7537068827056,14.6243200406789,1.00160956208428
138.551613073625,0.687757952554327,9.55264480452113,0.63298025541223,3,45.8559828398418,0.934467270494676,5.50168630423944,0.439088616108183
26.4119314407041,2.14431760506533,8.27229531552202,1.59313366068294,17,40.4769099946268,0.965435096160088,3.77741969209885,0.495757751575931
51.1625438468708,0.618246262891693,7.13181355466582,0.61751879908823,4,107.663531637203,1.25569324437292,9.99473377017623,1.47994132731044
21.993887762215,0.583384215175881,4.8331743802612,0.562830699313638,13,47.9261187310264,0.94149940443509,14.4490877885526,0.96474518646665
42.1941099253924,1.09279973196682,9.17489523750749,1.1755796878588,27,195.080379177624,2.51643060819887,11.8784221982989,2.48605441987597
4.471047252802,0.300770642675091,13.2188436242835,0.963148525594457,20,57.1210895055031,0.660647463073766,5.89671448134872,0.949293584259303
11.9605651904917,0.415786473728799,3.7193475302319,0.504276960145088,14,102.084405407748,0.891867394735249,9.31199333787944,0.932773623996894
36.745279056388,2.45389513350516,6.41494340909543,1.76169459502649,19,68.3388578028121,1.37193689685039,14.0935656165531,2.30843928694933
68.3936957459623,2.92530276832869,12.8503825201177,1.62863551011503,25,52.0460751771428,2.40391020863048,9.81573770364307,1.14711446666712
91.4984635693035,2.39051911597689,11.5209155675256,2.4483691997894,20,21.8066011464493,0.994898808228551,3.38373505973217,0.590084447058272
35.166950773287,0.509740299496685,12.9303155828533,0.844206336089546,30,9.70915593166385,0.399098957207281,4.53994781824112,0.828312443155728
35.7525322880083,1.14896002402383,12.3841689677952,2.67085780558659,10,211.066556705533,1.24876507808277,13.2168854862773,1.12794291716481
10.6524099245315,0.42877853084008,8.07199543053757,0.835867541348543,16,94.9505701198046,0.880567682298409,9.65894771092997,0.632791380929304
193.740393676884,2.71413070196408,12.7969264071227,1.77164077308637,12,34.9334395734948,0.523485427927392,2.1377634978578,0.342890942347579
45.9835326500942,2.04922663834499,9.1772807565194,1.32334371770478,2,34.3870312751108,0.40471505836492,13.7476137224918,0.925942222236886
104.412422313759,0.833277840777273,8.57742287853026,0.864406166365135,24,24.8211995416334,1.80623037911662,5.6864238750285,1.15804186308522
44.3902148988202,0.964926475151756,8.1779729963272,0.663653777097005,2,8.67675578907438,0.463429856591641,3.45683716479163,0.556137050137743
39.8774507778881,2.72606012449862,9.33622886371484,2.8763975542544,4,37.7506255742021,1.49650357784946,6.87270567080159,1.22975717709775
40.0390703091607,0.779725875258303,6.60484141591943,0.588121867862304,18,88.533767861161,1.99253967107049,16.0261660568666,2.49487765644784
155.923057577156,1.66331484774555,16.7284264426219,2.90746385217777,19,30.802782214049,0.738917821820982,5.06111443971411,0.771852721614658
22.8494889938101,0.466087313910824,3.65148267575333,0.373509679974869,10,40.7295739292231,1.30964125094447,10.8032030743251,2.90082261658811
97.6331237133036,2.25197234566475,16.0375715982301,2.24705106411761,8,212.90195049486,1.08312489337886,16.0361105668508,2.72081559640271
63.0654871893451,2.66583559835335,11.1837561309121,1.14060915207738,17,75.6419695288096,1.43603056014842,12.3829148381744,2.73504791058732
14.4643102547073,0.433690996977109,10.119054975044,0.755799410330269,12,159.282520495251,0.676239219203545,12.3166078284813,0.766523856863214
26.1800522195722,0.457543538009149,8.43829689181045,0.798392334514222,4,74.9780675760327,2.38256754547034,16.2609868070814,2.8343703414503
33.6002268315985,2.16424576736028,9.47102843821191,2.16994002872774,8,39.4379160081611,2.72525006993132,12.6242767439462,1.91374358722356
9.37922872721083,0.380478794766811,2.18061930472431,0.36718261488265,29,58.0909697269598,0.871402797766927,12.5404244904255,0.820429892891498
79.0557249967018,1.4396166850948,13.563165612461,1.39962572278968,3,17.8217549798899,0.349475159192242,6.27020079827389,0.586227116057029
158.523967189177,1.73494286713362,14.3168764929809,1.90076596646337,8,88.4655346244652,2.7807130016032,15.6175931646648,1.66074551640767
23.3790166300213,0.417409226397342,1.2086830294385,0.326072550122931,29,62.7286278516629,0.920227404073673,10.1220935562779,0.612716213331453
218.189473121782,2.6553940215323,15.2948670579949,2.77018836354626,7,109.314142464371,2.63563998426139,7.1467635780853,1.08366951836827
120.899622164504,1.25795254166801,6.71576125062511,2.42345394850362,12,52.3295349548608,0.993250924954504,5.57806140873819,0.602675268833057
40.5897278950077,0.829684239755439,1.9269511784933,0.406606812377649,16,100.934809548394,1.85666811166,9.62696789265227,2.69021334621458
43.4812358947916,1.05967168076137,9.53125905427887,2.71810566645276,13,86.7697547064994,1.86511756868803,13.5318430018564,2.37355700950542
123.84355653352,1.96861721088801,14.1560522117547,1.42095081552855,1,30.777112228292,0.885634431551926,4.18820232871589,0.635991286908206
29.0556580415879,0.869632199150292,6.80234529361817,0.791218112148329,19,60.5048237732816,2.76689881093562,13.3548031412211,1.11524855968357
60.8405104232848,2.99761524253753,9.54640618757108,2.27744778006787,7,14.2321776331477,0.36845888027593,10.7288249448061,0.792254542186441
71.9704197350804,1.2212979497739,14.1213183247516,2.88942454946011,22,35.4288452641825,2.44871486701879,6.39502281157073,2.34223540092607
23.1611712838353,0.316948461025327,2.22473726773088,0.329743727326881,24,35.6927808707843,2.18968478156548,5.83754477125278,1.46941001564029
49.0632960738763,1.82682854009532,15.2777415176119,2.79952102877795,14,69.9058966149843,2.17308400209682,15.8649479928095,1.53314888190048
42.9119909488419,0.791575712017635,10.3606453373266,0.868527434538172,10,113.049105544621,1.28358372539872,11.0512776659785,2.1625092462198
17.9236174956036,0.902013097961135,5.80967048006417,0.896074415260292,15,40.5854659551036,2.21870021829635,8.68576186926499,2.93012029095818
73.8799683983899,0.836899002706422,4.32621234144258,0.394067031921121,1,95.128928971579,0.929970826016098,5.50080100375328,0.457548866121841
18.751084098717,0.469936594921154,5.69132072102506,0.732898674111642,20,28.9998460405266,0.773002915906789,3.32742318176637,0.454602182582842
72.9793809271448,1.57172999247013,8.59256655709274,2.92218960675591,5,122.364597136025,2.8717731422292,13.0268323540411,1.06688865422416
13.0733258600145,0.337119718944358,4.44870490057039,0.632655882712649,4,51.4039962791348,2.00330013004131,11.5104527176312,2.19575398523243
51.7650561296148,0.654286356234137,11.4994900814595,0.903408608701867,19,59.0755337437418,0.708345728002036,7.79003504242444,0.56426013626751
16.5870909417677,0.558530553406462,6.71860052613301,0.952663448758541,20,24.8935662440033,1.84536734128279,6.77670373839002,2.24213102755998
34.4634975861821,0.863014027847726,1.81813706020362,0.372685990035329,13,56.9987751473983,2.91904810261921,15.7067157739944,2.20594941143869
7.33930099739354,0.398578759900605,5.01539081705365,0.65978779169823,19,147.599508257757,2.10658233682607,10.4307378715262,1.30078280709824
44.3826953140292,2.71021550496681,14.2231266087572,2.60765015110576,15,39.851096453808,1.00793010292106,13.7616713642296,2.25836129741733
68.4829105539718,2.22371110828842,8.20178784106442,1.16806012558115,18,9.50625167108799,0.374735183490629,5.20349963043632,0.632129991652992
168.305423618693,0.851798726029188,12.9175826280226,0.943774003690104,13,66.268113706653,2.25820798975602,7.54615389343486,2.07230404537119
22.4360743632856,2.2432309939786,6.91586423392936,1.85995538975578,23,100.395377204476,0.764907795019367,12.2178562606764,0.830275410085371
44.6845522832989,1.78798145939801,14.7780922208444,2.74474062238584,23,78.5566064287816,1.03896618260081,16.6571146326358,2.48595800023253
44.4499592000329,2.64001524416986,13.9619512916428,1.9410480857525,26,60.7118166230975,1.2757065098274,14.1037507305442,2.80318371162124
32.5547303251692,1.21306829212545,9.94195348142941,1.35854880082133,8,96.6454555994321,1.55614380726419,11.2521531466043,2.22370691086212
96.3983886369318,2.84747467771703,13.6965824772834,2.54142502955323,26,5.53154858282682,0.351508172638102,6.45937462363141,0.772823520676438
46.9911612005094,1.95504955106603,9.81284557523939,1.17924016597454,8,2.77389433495965,0.314192155649756,1.9928053696812,0.428055592003746
35.3110432305354,0.569662578063066,9.41389132088353,0.650985157986659,5,22.9278739410381,1.83799859184603,5.77912254972521,1.75568240231136
48.3650915916047,2.95319061564954,8.33304949651402,1.62627376008002,11,67.4969184918275,0.5513284798315,3.09629683092456,0.409605571549105
98.5064649322762,2.19166680343362,13.7273653195724,1.31400754898071,23,186.723797290149,2.11504562000621,15.8442644617205,2.08218386209888
32.5136311999441,2.07666545386951,9.91449130138431,2.8292035296881,4,61.6061776386458,0.987288884589464,7.93946099287584,0.951081106591074
49.4316109977056,0.797385746917452,5.41545170146443,0.785013266570556,23,129.081981320247,1.52966196799694,13.4953892625917,1.16670426135937
29.2167562167908,1.35822264065373,6.81645613960546,1.04744844845321,16,114.897211865354,2.91218598649841,16.727157818338,2.97512167975455
60.8778514601924,0.887502049095491,10.2898728230323,0.998509838411343,16,27.7080921888768,0.411599387471696,12.0916204026937,0.877178494693752
35.1749017842722,0.99836024657813,4.04610676490145,0.448883376553261,24,98.3385948645988,0.796737175675691,3.38949142531026,0.434682583854074
22.1346039877532,0.777240362443677,6.50346208028641,0.753080450953486,25,62.061172237478,2.49521971179318,13.5755417388375,1.87949657218876
89.6476045256257,0.653910761967624,7.36596371736842,0.536168243230546,24,43.2919803430265,1.35873527271606,8.27559492201774,1.66783713798761
19.935499027502,1.44607528660698,6.2437712150795,2.35863156667966,14,35.6146849041708,1.10000429220511,6.1614192662646,1.8060626780204
82.828872351845,2.74223823107425,9.67858396435978,1.2739849044026,10,80.1428738397843,2.03712318874033,13.4538112132985,1.76038731402564
9.54237016257401,0.366341981945282,7.21799408855474,0.70209928924116,11,36.2072639754875,0.682536468715736,1.68078904615939,0.304997519756494
67.720415254192,0.942211201865637,1.10444966463831,0.310418013159366,17,152.002055997694,2.18785808063181,15.5452609095519,1.36999076571368
37.9638448620103,1.33853293081467,10.6123268824837,2.37063767222167,16,31.5155580280389,0.880635925575692,6.71924535236337,0.818611581204657
41.2978313055442,1.20077460280482,11.9759065307968,2.5541278026477,6,35.6445207481964,1.68069737809816,7.35118674095633,2.71427542325393
28.617780408653,0.957465602682905,4.38894652424322,0.532396267034587,9,26.4444109220335,1.10292013106452,8.09031589302276,1.87963553018279
29.6635903199463,2.63016790716559,9.44828358191018,1.61190933347774,29,55.2471247745443,0.683570176931051,9.01572757280031,0.903890001518769
95.7486083925778,0.842943254256914,5.38022930620819,0.61453218479764,10,16.7630694491515,0.655351187817069,5.69659371303535,0.84745107924038
34.3203746080716,0.55372921412247,2.11481117014345,0.453758323846198,12,181.534736016105,0.760776818455372,8.89590751861464,0.68584661844759
69.9817384191107,1.66313643439459,13.7141853495796,2.43117834942013,24,14.7168137875377,0.806769069523598,3.27682907682439,0.568217229039905
29.022541699715,0.991526229510147,7.86045758544607,0.947423376861333,21,96.2756527639376,2.65806499902343,8.8420105566195,1.70109501773365
37.6419872088381,1.65907159313009,6.10374685620577,1.43598699878727,23,95.9051459705796,2.66591313749854,10.3422528279673,1.96500406890665
105.691240677541,0.56362233109111,4.46972895698975,0.459848759018076,14,85.0841306777332,1.56111502906501,16.8200415020591,2.73067525567785
163.447810562467,2.97026824052211,11.521343360305,1.54807695776736,12,14.1572876205657,0.396967033076593,2.08563728961241,0.423500615092529
20.9950621042441,0.54417604284671,11.6531414282954,0.974655982387721,21,33.8100683594052,2.36413438862588,10.2371427376632,2.13202012343216
25.3474856620642,0.490828618908341,4.76767010422335,0.806202501252619,20,42.1794915433097,0.451332933662402,1.20859335784366,0.318387353288599
100.262074492127,1.58893691907729,12.7341521218904,1.14185675219994,28,191.570546607644,2.44263025906581,14.0967974465692,2.3739495115449
34.7703590650714,0.531160750111932,9.0014835562052,0.68779726033926,21,51.3209261433929,0.771165122809406,6.0942768716004,0.545887404403598
35.8102816188153,0.393255935604804,6.97801210907449,0.949728239429051,29,11.2329129542088,0.449474134408565,6.74020529614258,0.85504866847876
72.9964337112573,1.8564852309719,8.65802178486348,2.77654623717778,30,76.2521090778486,0.792177092283191,11.8781910209393,0.807656748355132
86.5746967597239,0.601200349638204,1.45351674355595,0.306401034370977,9,58.9740698918434,2.35718442932649,10.150367391167,2.7980793010495
25.5932378823381,0.499721452938374,4.75475758172036,0.569497036331278,7,57.5838841132111,0.662261708714563,6.00681288132571,0.533484701752434
32.5396412397111,0.769053006426641,3.85801450041925,0.591896863711981,21,41.67609455995,1.38884124102498,14.0195724576886,2.57286283247719
18.3533608626695,1.1131356946868,5.49362317734625,1.13727421183249,8,41.8650033073135,0.547550520271567,5.73713588818326,0.511374741932729
27.4288878755007,0.622453571233647,3.38192093768817,0.436620201153217,14,53.9359720572721,0.757499513305365,6.6399739820668,0.600453418601728
54.7705661605441,2.73600890419687,8.56877806374196,2.21205254900939,23,127.436480394179,1.57002595623917,10.9990504894258,1.1171806858502
67.1065462666509,2.45327087365259,11.1202532443446,2.42149943417074,16,7.39161627922341,0.341342926853043,9.46502483984461,0.702449527813892
26.8954244468468,1.62203983754054,5.94315247135507,1.06607334417058,23,53.5713437919115,0.806845747558872,8.09519911604894,0.626469587534243
184.230728457618,2.51520523434861,11.9005558464299,2.61351408432302,4,173.463355292972,0.954148899213964,4.65105260771913,0.432108245161267
133.382095463752,2.39766664162307,7.96718808019462,2.57808262129341,27,53.4808029731561,0.584499223214972,1.96206166031497,0.370134671047116
23.8629122820106,1.31462539462723,5.68430316686481,1.27660106848735,5,80.7783004095456,1.52812726865448,9.69872294533254,1.92312270777129
36.0853826078483,0.624189952256004,3.56602923766934,0.400440342000392,23,213.699192345033,1.25511720217107,14.9514361820622,2.78615239466127
40.4664551245139,1.65380988891003,13.0848707996453,2.21287511528512,13,183.12897163698,2.77109472834661,12.6721760940154,2.47712001004159
84.1979969732806,2.65622868592083,14.101131497776,1.20526825281511,6,25.4803580050685,0.823490144514521,1.41392068325243,0.341965588144617
18.4674158792288,2.64129726408503,6.15561620856029,2.61264739352805,5,44.4592619185766,0.602802069282421,5.23229325844829,0.758953133081576
27.0446598583293,1.10340964048006,5.93486567076231,1.25858462892538,18,36.1112866382644,0.563542705058205,10.9936437301567,0.895329341547538
99.5704848587806,2.39582844302264,11.29528386608,2.16366311395263,11,27.6546779810378,0.640552145695824,2.41281039800642,0.359815416989732
55.7017270173892,2.43430963581051,11.8797606265221,1.2495747041609,25,54.6208833379873,0.709275087749413,3.06740779197577,0.394915880627387
251.819309069565,1.02100948222624,16.1394099906722,1.47886578886894,20,40.7672325250539,1.21396305579362,9.49075001472724,2.14550754729682
83.6877125992616,1.95373747784253,6.23951214430112,1.35557840012525,8,88.0542878459903,1.41597583489651,16.2879817427581,2.26710569353979
69.886767455551,0.518314115156742,7.87879430386779,0.63763771868103,16,162.469607565889,1.32838088085299,11.0022198006652,2.16795523240616
27.8127756758454,2.59493428202992,6.0796891541953,2.13945910472988,22,35.175095354283,0.903763653058958,5.5727063035874,0.545557628783389
8.59198570788527,0.334590189304309,10.2809165085555,0.62883165950695,6,46.3553650800986,1.41655987048008,10.2377438910923,2.01118015960982
148.145377776572,2.40047529819047,14.5273547865889,1.31380861490102,9,10.4385935745712,0.374647863104936,13.73934589325,0.983647260287331
26.6064865241276,2.42727814144632,8.3581367782446,1.83247759326622,12,78.9174195864212,1.91455645077668,16.3379108683926,1.49788046196363
59.510850833942,2.79642241139257,6.04650179377176,1.42338350292336,9,88.2111557065659,2.66916019906995,8.09154085471748,1.39665691233599
121.76033385744,0.797188605098727,8.54793511113757,0.671138971896892,16,9.62663089309736,0.398866695571666,3.88827478503425,0.438725444765991
61.6422188649224,1.98713998148772,10.2454380016567,2.2072956109499,2,101.314720215663,1.34563102904517,13.7899264462078,2.7580825195137
40.9263718205664,2.34925664330297,6.04258783616864,1.17596104641799,22,39.738992770918,0.392110227415452,4.38429582972376,0.516898121447713
165.465629843717,0.598123612473138,14.7917879366465,0.968906244651539,16,20.1048202277394,0.833565013494197,3.87348674041397,0.557958555553604
52.7246608495596,0.924037139874448,9.3969777383861,0.700693935681903,9,24.1450646261426,0.523646343668251,7.3310180281436,0.500695810215026
14.1637086115795,0.433504694905335,10.4115829926837,0.778352617065845,19,106.454650946677,0.66740166267942,12.6488382094476,0.780198634032595
22.3151279571967,0.879576529927087,4.12388853889697,0.640895280106125,4,34.0666874274075,0.358049982165834,2.3915496960777,0.378002819027987
103.947720576215,0.889359096935667,9.26839437148716,0.968798241631931,12,16.9872153370572,0.337002255007862,10.9070387538804,0.997743328013139
68.2170393599461,1.05717895615892,6.97037457109665,1.91622393248622,4,31.4182983352016,1.26289312696716,7.12737694696389,1.47553932146235
68.8284145491413,2.95944907496172,6.10304292335416,2.76097592129399,22,38.9145679201492,2.69821560217984,7.51438989517905,1.19508515218768
23.2208270565485,1.2100935308179,6.6570477943127,2.22378873679883,20,77.7122542174883,1.56776011419296,5.64274246323501,1.90891178503342
51.9449990575778,0.87859232268376,12.5425039747791,0.879014109201101,17,53.7547785406851,1.88741859982955,8.22173882020181,1.16128845182401
38.2255664270918,2.50411874838266,12.1595199726886,2.33517391435515,13,52.0071939136603,0.92953051679984,11.4880339031169,0.908274010890769
21.1450717961559,0.94070902990623,3.1413094675696,0.475668491448817,23,119.832137170288,1.76681704131005,16.0257039271967,1.96684410564208
30.6982469915694,2.58928053751723,6.08034743466708,1.70829583517706,4,18.1194285939156,0.317343326145141,4.15823724403001,0.446085601639516
35.3658038983654,0.532383584071415,4.35503975874371,0.514420593342368,20,29.8840406552015,0.569122478901807,8.08882905423726,0.992830610162085
102.46269992709,2.95382074366848,8.69619072956048,1.01047069691362,19,105.80324547496,2.30671176215704,14.0214405761524,2.38512950061015
66.7055100744643,2.52713037227552,10.2284533913393,1.90733458421244,2,60.957212638481,0.626843015292376,7.90056048206478,0.817345319030741
53.4331955208436,1.73532500898693,6.87059079292132,2.31814927044598,3,57.7144012175684,1.8625251316361,16.8128301963367,2.15911481734728
37.6653725935867,2.74426374229566,12.4602676764681,2.26354376113501,23,13.383517337508,0.577583618428582,1.90569065169766,0.41906546577921
224.446961555324,1.04439038127378,15.008511131223,1.12313793720539,30,147.032258303753,0.947577679272925,8.45835205705757,0.805793354358667
50.1839903505811,0.846852414169122,4.6866008126285,0.703600671419536,8,44.6191028749105,0.633746387898347,3.90270863499594,0.429943042080932
26.3203403647004,0.602155186677166,6.93823999378446,0.689191093034249,12,16.9381532228387,0.48720534661975,3.91421069580086,0.589490593093809
142.84344885583,0.538055668129137,8.870697083858,0.582049504479677,4,38.6109965365979,0.47866330669566,9.6512685642096,0.655042665179622
53.3493235469514,1.43800956621367,13.0470342675357,1.66267098629746,17,151.270629195218,1.54209612574977,16.22240030241,1.61483752797877
35.3385094612193,1.26127348008604,11.6291021503601,2.85198935858104,5,24.7115043684023,0.444439319610736,11.5868902542706,0.708159568675502
12.373416354992,0.510653968313312,4.16879882252855,0.709117217683332,26,24.4903140588464,1.13338605917129,8.1340144265413,2.37576032442594
6.4577091273278,0.378222995521775,6.11461790608744,0.859658003105617,27,28.049771168868,0.659379814535121,10.9797907858619,0.934188834108871
47.4279481942816,2.3417266956847,13.4037125377519,2.90352320976992,11,35.764644331749,0.594857914076063,9.42128953107563,0.844806399931415
76.4644025145626,0.685703428370405,2.9881264400306,0.408334815453336,5,26.5856335078857,2.91416912806952,6.26842731981869,1.97083146933534
22.200995559887,0.497456620716155,10.5483890348993,0.768406621109809,30,190.593999331014,1.64904462010243,14.2007814455392,1.40646281394272
11.4195312266522,0.442881391077288,0.879055830783225,0.320003426570423,15,15.0033979397198,0.370048087061509,4.98318198129307,0.425276613055574
78.7412258905732,1.43062807798723,14.3572123988623,1.6257447616346,19,123.856619352244,2.43159557393633,16.5446824916996,2.12428231527247
86.9708643195979,2.09178660806773,14.5827215876183,1.51294191146077,25,32.1225297902355,0.407507219613531,7.83699069199719,0.666537972384815
46.2191408147913,0.499206168704988,3.61025517381028,0.567665270977053,17,18.9746704495292,0.784843821018942,3.99144838510187,0.606137241794747
19.7894091323458,0.565262019443158,6.2148072948054,0.708671312907008,7,6.04955092413558,0.346116200976083,5.20641991911766,0.794977218763117
121.464323624128,2.25487320297674,15.2651495276786,1.92892524893588,21,28.8906435523225,0.533037618968841,3.21614057451186,0.484783343110768
90.1672643575727,0.967858617515039,1.87082437053318,0.31271159076705,16,23.9178468718193,1.27080823483536,5.78837923298498,1.15432407340479
29.2811780536727,1.97047548830178,6.24231443901165,1.57676836085054,20,17.7905963441713,1.11046629075039,6.16633781353444,1.6057349520522
17.165498890843,0.46032800497257,6.03850627274187,0.472503328308944,19,38.5072042322259,2.82488479523313,7.53705378932983,2.72060807404928
24.0651417425467,0.747841627965607,2.05311896320488,0.360305209083763,24,132.436690139262,0.642491159918311,10.0393659281607,0.89093026175816
39.4845643932495,1.00075685763041,10.6577838776655,1.14039069371136,18,100.740455474597,2.62007650256591,7.65832974465925,2.22521226186131
56.171549414269,0.805847887828834,2.3448294190337,0.348227172162442,7,21.9052391303653,0.314957620210793,11.2105911351278,0.957206236630414
86.3475245631805,1.44260973765749,13.2389463752697,1.95578257075766,10,136.166929565063,1.20457478521701,14.571330016316,1.08529718100886
49.0723629441015,1.63213918320522,16.1603870623897,2.86687012770817,13,63.7700579904493,0.526237970452294,6.48994191223717,0.481693909234122
37.9770099367285,1.68076184803844,9.56183135631212,1.48792138751952,25,91.7843752912233,2.25890498497399,14.9132240837862,2.46502276788328
38.1223224826833,0.445798977188977,8.32911988597231,0.714490246793929,2,75.3679165130403,1.7504702587562,9.46374947581138,2.42904926555981
41.4821510410133,0.720661234324386,7.11466723514565,0.606402488043215,5,92.035340329442,1.19458014056096,11.8008320539444,2.66078700401139
25.4636446397912,0.918325517307508,2.06244586666951,0.377300180130579,22,134.496444453359,2.52880666930359,11.5053777506387,1.18493031130994
13.1147899848534,0.347483982346583,10.2579407334705,0.770300222741447,9,19.5215010057725,0.49600433281041,7.5662309758828,0.596742841041927
70.007356871157,0.582479963959489,11.8064340374624,0.891540894752719,30,43.1330053990768,0.527227300758118,3.19124913019304,0.362160914718021
22.8567309683322,0.510542109432241,7.62734854889881,0.720009862018827,11,103.935095370759,2.75653176532872,14.1608739980762,1.36168187883984
48.289345316462,1.67183220741909,10.2614196724639,2.09125776305175,19,113.554701953364,0.749991199779692,2.60480208593915,0.34518383954168
36.7510184078729,0.546603980505688,8.1998916212766,0.526930087960236,17,55.7685882215398,2.75088625952492,8.95940528093128,1.46658102680116
16.2292476054555,0.791617889357661,5.8238120519303,0.994616509015542,30,56.5575490386128,0.595532817050647,10.719801489346,0.657378797835702
95.5586969450866,0.564111472102366,11.5785809106561,0.698041497456232,12,27.7848219296693,0.844299916050503,1.74040953213247,0.33848613862549
108.108401195964,2.18615138872319,10.2070832139394,1.45692121756189,30,109.355802268538,1.66221848618783,9.94688872808565,1.474652482338
33.6346139075114,0.723996918892377,7.38306458961642,0.710584785000907,29,91.6627350454028,2.64203682949152,11.5630510600778,1.43697199171739
42.1081596728548,0.94463913604042,5.91960176396079,0.941251239482718,19,76.8898957570669,0.667706636823523,8.63691107273638,0.557341626030222
58.6983343872935,0.893283028039848,7.19960219405403,0.519433921212845,22,102.359679624617,2.36390657523156,9.81041831313639,2.30074609479144
18.9417206276168,0.589214651472464,2.21568531507769,0.390696072837753,23,80.8576732074834,0.669020757998827,1.99481875056588,0.315749528929713
48.3638453560842,0.538821880574125,6.23349568745497,0.559155107432212,23,174.920293046588,0.915987881547562,6.44113504882321,0.527663539532778
39.8638792416306,0.713351127716151,11.2509673254078,0.87167358291643,2,38.8047268075931,2.27695082507903,9.89738813007933,2.22497431535711
35.2936629860687,0.748791014446344,10.6915251644458,0.706921243887383,4,50.0451818485975,0.589247658637306,1.96105644850955,0.333773564345003
66.8227459895169,2.9457076851201,11.8869724026731,2.99705303043184,23,14.5045572246189,0.339723917741742,7.55773952980058,0.544790985635445
40.9084756211625,0.781192104718675,11.8346228282022,0.869901305387119,16,252.809007859446,1.21663940638672,14.6543118720836,1.52272271950751
39.7075989246202,1.01158199501234,10.9146771791524,1.02821889974002,2,235.274713246424,0.828148152923058,12.6748390162531,0.8081381745655
122.229194382667,1.78011032308022,16.552364041208,2.21974682724784,29,30.1163536432053,2.72786132112674,9.74259294896284,2.00624510361315
38.1918306847157,1.35174029340696,6.51596920039423,2.74769160320742,26,36.5933629480443,0.414051380093518,7.47823423602235,0.744123408966812
68.7752272895292,0.995989864154432,7.29532711352703,0.526188245595026,11,39.0711134753588,2.20193383231278,7.35948812631394,2.67260729404889
131.298573116511,1.06904790012274,14.8906946050383,2.17593354175671,26,20.242203858245,1.04407775936949,5.95690416597352,1.33076533881125
115.403140738998,2.75972034727275,15.7253082204085,1.36019614339735,26,24.043566173336,0.758501737779709,7.00269118507809,0.770617485542956
58.1759220748876,0.764930676032091,4.25119919911118,0.569455669603213,14,66.8627220438329,0.740442141826573,10.9321590648496,0.733400798135919
9.70990973729992,0.39186436730655,3.98811571187556,0.439072413769022,16,45.6197625479796,2.88820596943933,8.93900105415495,1.37028865017482
35.0050611438332,0.721704090609426,9.46787861904274,0.788769790995346,18,81.8390836687948,1.73145398794756,15.4641732975013,2.19694261838138
22.1350569502456,2.11465244396612,6.62875667016723,1.93799052758668,26,52.1566627172862,0.78877252302485,11.6859198046371,0.734259506140705
47.7226164814372,1.40937254267239,12.5113814214939,1.25860640582908,1,184.689661188197,2.83557396676108,10.0812505440743,1.25995610994184
49.143027490919,0.776262987393953,12.5874677654994,0.8735752423672,20,47.9504900054711,1.04972077164363,7.47619544671265,1.45701027513991
27.5374886693704,0.3643340686667,8.66055974554294,0.724177128818733,5,17.3695017928934,0.369675726076651,11.0916376058277,0.785523080345131
50.2079500433721,2.7666846467045,13.3975685997012,1.15278469363701,22,61.8985790018879,1.82048990524682,7.3812770038929,2.30025478154342
23.822850271499,2.41310516870639,6.33138540389779,1.75236654529336,23,42.8648505365201,2.55737248711093,7.66728949780401,1.34349792330268
71.6922998428804,1.30688364626207,15.8506891989963,2.76639006652267,24,17.3828790130586,0.348329052985272,10.0633996058616,0.911503789856549
76.5592149857422,0.876122840213686,11.0530562410268,0.794251644826741,14,54.1142386157814,0.439826862427651,5.85123794144231,0.480143035350855
55.3948901043039,2.2768194547706,14.0395658727231,1.6693262538617,12,77.4341562515833,2.66105938130222,10.0253859714037,2.56902923220602
23.6125262348096,0.680746318165731,5.03503680947343,0.971700451948112,18,23.1417388518643,0.817386580292436,4.70812475730223,0.59970513060606
24.2555638125991,0.618228802136984,9.2574187037477,0.74719618079401,13,27.8657989652593,1.59650060031153,5.70025853258768,1.56114853798931
65.2314738571648,2.35763204045557,11.6448415459408,1.79180879674366,2,28.232754246495,0.842422482501001,4.78851116568295,0.527535053671387
179.507589099377,1.28478493772784,11.5534452594615,2.87145323098929,4,72.3913764543782,2.802351654472,14.945423168282,1.3088326959387
253.961593091383,1.6313340440037,14.1533249415387,1.53746783399005,30,87.8023004349413,1.26092477566856,11.7829306747059,2.52833923798117
22.6357463050938,2.98295084884545,7.48023064647798,2.79429447188136,27,38.4796873930752,1.24917061706835,12.8866975612683,2.66567157462187
81.0101643784303,2.66229321785704,6.44389123183228,2.52118305680599,21,15.0947774974064,0.621692738648044,1.02899320706339,0.325377168668374
38.3218803580141,2.82207694278432,8.471058750592,2.57079931272063,7,46.0701828892857,2.67949343460106,7.52735804087436,1.60856078260701
9.63167036722751,0.470162324955393,2.36909034904252,0.47717228737809,8,53.4499738139328,0.614947721254431,12.0051589968722,0.725316421426925
21.7038019354245,0.500164962929208,12.0070694531955,0.88965236195668,2,2.66665229940987,0.315623362694617,4.88447140617739,0.662791262931149
35.4816315048208,1.41892868685737,9.64112059787799,1.07709029960604,20,20.5435664264646,0.504405873294012,5.09882439405537,0.780285194643764
91.4694717342059,1.58180019690083,10.8237213664321,2.60214807366362,12,35.1882620203083,0.870158369486977,5.02249225399518,0.462134824724914
146.26259597743,2.01583047896036,13.4163879317348,1.26059052469885,7,43.6184030861543,2.63416902690998,10.8713647121237,1.4565919879943
56.5678884597858,1.58641535188485,8.1156837680753,2.69594529272696,23,18.6150183199243,0.390071462016959,9.00682449608116,0.612881787818241
83.334066381076,0.771565736352243,12.4013104560726,0.841346405021148,21,28.9099839945296,1.64147198759276,5.66663416863527,2.00245691576598
29.7254917952297,0.881239172878075,4.32089858530709,0.652959433645451,19,67.127092705234,0.807264474685282,4.21383717586208,0.49033242237725
71.6882848135061,0.805391362362091,4.70956030090938,0.413512245581573,4,50.8024736425459,0.778796353002273,11.3712662446619,0.946954294987023
24.378289974823,0.83990597732873,5.1950952032592,0.769730204431794,5,49.3557876195636,1.01121306090175,10.7288819349006,1.73246350459686
4.82897796555496,0.315086466868218,5.75795033893749,0.768747916066707,9,120.446284383034,2.50160488422894,8.86319981243968,2.48593667704141
153.069677520524,2.06937166494528,7.79898370998296,1.1526653212961,19,30.6974465672562,0.5039643283537,9.98355668071279,0.909883841830403
70.1199703983609,0.907702687310326,0.987217608897881,0.313253814285201,3,21.100073843892,0.487278525483901,4.60125410911244,0.449033459039033
33.03274062914,0.498118149637681,13.2143866458302,0.817209797808432,6,73.0096353289646,2.95197426518344,12.5452232898853,1.97345880851982
38.5247653356519,0.752710491478617,2.56124483388281,0.365146431989994,19,135.748097462191,0.66537607355659,7.42686339683585,0.587923753745785
117.585470869826,2.87813902880178,14.6631116178546,2.41946316750679,3,93.0767187834344,1.87850876529427,15.7449638285967,1.23823884193726
57.6704112544382,0.940979741722329,9.88719630444574,0.96796258162413,29,54.7895408337127,0.629185533354029,11.6008541581759,0.688862863466596
79.8312689905184,0.96714882629576,9.32499698825392,0.577109949171303,7,45.5257092062573,2.99541035241567,12.5848396222029,2.74806378713195
49.6396217364277,1.48589858312224,7.12049812600284,2.58998624381823,19,113.841161423061,0.55033143185241,11.4783855389548,0.901837865956938
34.0644222928087,2.75499141991129,8.52699562981423,1.36898601932557,21,79.7564595044019,1.76850730407363,14.9681366601964,1.36775498247643
26.952678402817,0.614457432129592,5.9466083259399,0.604411632464206,8,60.3730363503829,1.45018210642099,6.64516300504956,1.09164956275625
84.7425367749088,1.75021343725654,7.60705920642232,1.55563799202593,2,30.2626574773387,2.18174519167218,8.83205755824608,1.94123912546828
29.5526566193447,2.40813858684443,7.65981745764349,1.9423371725138,13,44.6313160725269,1.25897460948847,14.6808968401949,1.96247380290157
51.5794665532134,2.21759033520865,13.6127432308509,2.25641614094035,25,20.1136594451985,0.860675170498537,3.69709435181409,0.53949742288995
27.0346238100292,1.25587306379158,9.23972687535987,2.87185045255374,30,76.6737206969388,2.77548376781065,9.89588296291357,2.41609209982688
83.6440558445519,0.947502002226277,10.8303859551949,0.807270891991814,15,292.458301116545,1.48699957531082,16.5453304181793,1.59170448897961
32.2468296591195,0.78567779148818,1.4184809204059,0.335998522615052,2,62.3678406394467,2.30310190795884,16.8985289589198,2.43233439151192
33.2433383332218,0.708000699928489,3.67603640709254,0.562618159774532,19,26.6000062581137,1.96723426392768,6.13427987817172,2.22266086756394
26.8985694717114,0.7450712643835,4.47895570160904,0.656736436921098,19,4.04965460915808,0.342869097494213,4.97198482317308,0.856572127440796
27.9383224777406,2.26069096447832,7.02549921985472,2.38832631637765,27,57.2589953596432,0.811703939755282,4.52353207116081,0.404389389572763
15.302395333645,0.87007229218436,3.1715513498441,0.560906696604172,9,78.0533049994598,2.15260994785935,14.8705207611268,2.00648262572337
74.5958266190629,2.88888623163158,11.676957231562,1.18566492102446,16,27.4204788591676,0.587799610128256,4.56132467198711,0.530420574391895
12.1033200825013,0.345433158063525,4.60613450182935,0.542057563259954,18,43.8448546237315,0.800121812319924,11.6407673267404,0.697945386334984
47.4170711073876,0.94256612739439,8.71810142486349,0.723748797480835,27,32.762021146615,2.09924035748214,9.3099039445576,1.16924384246907
114.20075686585,2.08876839395306,15.9967402029979,2.88799927646254,16,94.8544347801558,1.57678870620567,13.9785828238523,1.11591016178902
43.0076399835684,0.893299738572865,6.37449509196155,0.902797407738988,27,137.863815062492,1.96248612019151,15.9164777211054,2.70293080599602
61.0898673397732,0.485999645985325,10.0302319786869,0.795146801060053,19,43.6394258980519,2.756002857683,9.77258771230262,2.45150087594365
30.6937803357792,1.69285562056505,6.75075626403475,2.92584151232327,20,47.4507756027343,1.92048992855602,9.77261551522982,1.75828844194841
42.0498107661213,2.37899618960098,13.9662101783285,1.90407928955776,20,44.7818062417266,0.596257426876885,6.22507791294692,0.523236089174378
5.43518270463806,0.318458982764355,8.25762742391239,0.660774871197419,19,49.7689267638841,2.29070514625448,12.1836639117,1.28854674404269
26.2695533149367,0.361483552761347,3.78425966497455,0.523308109648427,14,209.899781068631,2.30829546990676,16.7615951360483,2.64025940913582
87.2648267091044,0.58443775417942,13.108608806334,0.857943276611489,25,59.9187421361671,1.702591230764,12.611770226022,1.35988049412596
80.2946033912955,0.709797365734656,6.24682596862765,0.457545902240072,2,31.1798458153667,0.882491733442122,4.5521310768399,0.552765481410888
56.1547411409662,1.98234434611157,15.4224942472226,2.62697187987182,10,20.3418053693554,0.615372391142885,6.92094698679396,0.949535536921563
49.7969719857824,2.26902405628665,13.7183135938635,1.02069942326466,22,169.658520262466,2.93055235644577,13.9418271352238,1.28539285189276
64.1066743712105,1.15008744299213,11.4801292195987,2.79478159851678,28,19.8186490318512,0.733310958919417,3.38844803466097,0.508766418622613
41.2365054681328,2.759760901554,7.79075749553301,2.91098661190807,20,74.4344514302568,0.886177299874054,13.9846673241051,0.883889305937264
12.4689676066066,0.679369749869654,4.0289747902328,0.691153771879913,8,30.506759102316,0.461997000786039,4.11108476496085,0.544152669764826
27.7477768332475,0.694293169510165,5.73507158489942,0.826997482191248,25,64.5016389240455,0.766955543019446,13.4808875389283,0.976023429797589
29.1515966290311,0.466207199960988,3.97499893617844,0.394126547209885,2,24.2178783202567,0.330896174803849,12.0533570140844,0.880021595494723
98.0758112422941,2.12616564786266,13.0077074913205,1.4336172500804,13,14.2377258111286,0.633480651803835,5.27674882915528,0.937803559156846
47.0194702851303,1.29128671861896,11.8383079828429,2.13420669946757,30,31.1247202136221,0.696666039285404,10.0558910424007,0.685293920660877
47.9300153727278,0.82735153908954,6.24270591879676,0.535189520907099,27,41.1883572415368,2.52684505844084,10.7059793712133,1.28347745603508
18.397015451372,1.54129808910727,5.82730607742577,2.73228484445672,5,54.5730067820825,0.997727806867315,6.52976099900667,0.56566134972918
41.8795704617643,2.51305486704589,6.22559444098435,1.99758764702529,13,51.9120349340031,1.9854589661302,12.4810676353245,2.18339625699601
49.1368087810543,0.634006687969134,7.60097543556424,0.558021942790953,19,65.5589243042461,2.0957151599891,10.71656120344,1.30123776133977
15.2888169326977,0.56166817572742,1.60645405596236,0.384763444370835,12,16.1023839790889,0.569508433559643,6.68916188728194,0.903791418904314
64.6228203416245,0.809473800669285,5.49708362534654,0.464840175196661,21,55.6185121008443,0.845153536232889,12.0801150540264,0.833811064827889
70.3378568583687,2.19663687825385,8.9941255995117,2.53637613639867,23,68.7250589649586,2.89972876828467,6.1339447616065,2.72128551220584
21.9025442667627,1.14649363528185,5.80228349558323,2.31235042094818,26,104.894814237426,0.974120987841455,4.71047876475933,0.4773506838684
28.8357759630113,1.06162580742745,10.1180228544954,1.43488480089344,30,45.7401132612413,1.36452880623648,6.10014442085224,2.97497972535253
224.988882864094,1.7776794828828,13.6776874974012,2.88278999173419,23,121.237066478865,2.35123132728527,11.6549763135315,2.55795546117214
140.565262254162,1.19900585626568,10.0739100982673,2.3045584478277,12,46.376704862139,2.14515913074572,7.88774669090355,1.55972725932561
26.3152145689655,1.76595498573888,7.94598069883325,2.45676785193721,4,11.8412801320067,0.370316350726946,6.44040401565809,0.807784622742568
26.2573504825849,0.826030153346936,4.71586545378626,0.514698975742916,23,43.3363178222992,1.34613667489927,12.3134061687386,1.7404122712119
69.6672064029727,0.820467821754136,4.68268024109456,0.797332369750265,13,58.4426864054871,1.97536195335149,6.66508346748571,2.37048380134213
144.38611146844,0.89084592984759,4.10240377543285,0.466252448220326,11,93.3803633813292,0.86109130617719,2.4686482096572,0.380040228463409
28.2533193071204,0.829338065401543,7.2078967676516,0.994972801318451,28,74.3949245563702,2.09113154497723,13.8098120601276,2.964062631657
37.6999129453304,0.675480116645029,7.4721999484164,0.918607099315126,15,55.1563264518076,0.471151556424562,5.61290767227698,0.489415955825802
103.757435845403,2.32635931052017,16.358693168953,1.61509165169386,6,112.438108929828,1.16215591069678,13.3364735409864,2.66098836507675
126.387276932885,2.56595634203176,12.751496206407,2.85497307326644,21,177.196706563262,2.68082316880891,13.7942084573789,1.59170889960864
85.1683614118096,1.6996593727673,11.9626837445713,1.06046630879398,16,21.4441999554573,0.468861589593613,5.62358047267607,0.995863460895202
35.0938116457816,0.770813364053395,3.37153969898746,0.556607435969666,28,19.5193390130025,2.21464376405715,5.79527239116895,1.67310817225238
58.3913436426139,1.36275749811376,14.7000332500407,1.31910875337241,13,44.1831065052286,2.33390490246313,11.8612783175378,1.39212910132018
7.93016683458739,0.374352324464738,8.94170585076277,0.751358606171949,11,41.7789644587783,1.77196617238866,12.8836840817231,1.43609741723501
47.9586425040927,2.13807002282677,13.3268832449858,1.00632312144777,13,75.9695658424608,2.071588301821,15.0443794096716,2.02451998590955
5.91962043238969,0.370789571926972,4.1377631410706,0.705879862126517,10,34.0651749499685,0.710183677513347,9.2822797713098,0.884583726966913
119.802111941796,2.99377248063192,12.9332821586504,2.5443459711334,23,39.3768215080548,2.78751691663484,8.63309952223017,1.47842305533657
21.5042858780011,2.80022539118452,6.70666210213066,2.18262366580406,28,12.1944407097509,0.557943990114487,5.09566443341178,0.773190837746759
111.92013047829,1.27991383677105,8.6923628723099,2.01097326484434,24,39.1885603179168,0.771094661402227,7.08306763870883,0.814613128063598
54.8657234531861,2.52251564254881,8.05234540276999,2.13179854579745,3,23.6062040073516,0.577351187548787,5.27883459915174,0.499259117924455
131.113540427345,0.910714687522945,3.73651600727282,0.459418696119382,26,17.8213121295972,0.340026204965561,9.2880101996477,0.614020675086508
4.3011962035667,0.35994000394717,4.46996623730584,0.760703025223851,24,64.0386121416916,0.797861940219529,12.8870198857154,0.810061229699377
195.370051662561,1.63629228583213,15.0147995274732,2.19576882606807,2,23.9175998636053,0.505051488725843,6.4934138284129,0.497171667585149
27.3541836833681,2.09734077871403,7.14640981799199,1.35115386557297,10,42.5526428953833,0.719509718593833,7.67004129641577,0.966803989465516
55.8737360875978,0.567402963793538,5.31399434503374,0.660895818942757,24,16.1090397119816,0.337345848781009,6.54735224687452,0.71583571193771
64.7694106519627,0.876605202505158,8.87670815943319,0.55677264626363,6,37.0096037872139,2.05564858462884,12.3272642189588,2.23047078202558
14.3556987119811,0.466544050774403,7.09407984348237,0.611913594059371,7,112.423184368245,2.45359278179441,16.2028451567181,2.46544518107874
125.860759639969,1.62182789094456,12.1218698581703,2.54108569185076,12,59.9576608015883,1.60716917724608,13.9229020832047,2.84802871186321
30.2319305204836,1.2733728367286,7.35999765814201,2.84751213288895,21,26.5502855360115,0.761612066145432,2.43165711168348,0.461143545144963
62.1557811812947,1.53590498953532,11.3464280503816,1.56807498480431,11,35.3235890701816,0.56553300104384,11.6143288066528,0.999051941042887
106.821926152554,0.555605754294946,12.8285329066083,0.896309355955667,8,24.2691474902944,0.418487963044399,9.32454559280193,0.933683654640275
36.2179306574774,0.707467677356384,6.48539291939477,0.845270411958786,22,140.257932745649,0.867658172625787,6.89431528907421,0.563244581001618
11.9958534742253,0.500439849690337,4.67767549718555,0.756786302630996,20,64.9729281535333,0.849268869995844,8.30811375118082,0.688492117382491
77.9125449760687,1.45963793224004,10.1467480102098,1.72149515060847,4,99.2646914971099,1.08208001885106,9.57989609565012,1.46324311068187
49.5294201259428,2.98123973290861,10.9290417107464,2.49601929528685,8,69.9869792346633,2.54173830825197,10.7099177068564,2.48324873380427
4.91552289858098,0.311450517602384,5.26729152942124,0.483211542511925,12,46.078273716385,2.10990599565388,6.34154606043744,1.98302686707449
80.6213918643717,0.532878777679597,8.52432673817412,0.549096501553245,20,101.177920157233,1.33666377031618,11.8455450502705,1.98608680384745
57.2005920880097,0.731368565308569,7.08305201993404,0.54365201678603,20,34.5503665886434,2.91686524957461,8.85865662134227,2.42057141235987
53.7443981140108,0.925492874665528,1.45782788102339,0.33143632397485,20,70.7337465278668,2.55185831725159,13.0122485393588,2.31224118930603
30.8525393604645,2.19597402489114,6.71871822982909,2.92445750053582,25,62.90423452495,1.91038800795561,14.2599607613605,1.04017256027964
62.2897662874292,0.631631921458068,13.9221558751353,0.91134507103783,11,67.9414082568418,2.89550281436351,14.7020433174053,2.73833560121983
42.1746930958278,2.68809751700947,7.33123249596778,1.39056669160219,3,98.6561721968606,1.96282597016217,14.3134518192214,1.47310491675969
52.7058955554705,0.712312072557273,3.71204438618683,0.451791302065743,3,49.4892048504767,0.353631512878618,11.7848981232387,0.715066570612102
89.2405332676139,2.10090010945112,12.1231052879094,1.29756646310511,3,45.0847113456389,1.34727554126254,10.6925391661928,1.82817905834792
33.4654109012923,1.10291305012646,9.57616652573953,2.61931231012462,10,49.6101184494706,2.33543349880803,7.94190606022611,1.991456631715
25.0567752082319,1.29078294088727,5.8121776718359,2.05991378717101,23,45.5156599558237,2.47126937142583,7.16824394725236,2.23479829990149
23.0670549205265,0.451073841110055,12.3998232876866,0.939029568498742,22,15.3655568388101,0.509442201926178,3.59339342427492,0.501703624535792
13.3789846061583,0.513713674926536,6.86085737825852,0.911371477810705,28,76.8348279918916,2.72568519120376,8.94299766447549,1.29922298596512
46.9727659092893,2.05614080910045,15.3162541877064,2.45508012097466,11,180.681992825776,2.30505337983643,15.4901011681632,2.83772270226462
56.5450825616361,2.65089003636073,10.309153873399,2.51176007774663,3,86.3853042705368,2.53805221880092,16.2480125343268,2.17166279215604
15.2060285166732,0.451973461996399,10.9569934956359,0.972361399209226,4,46.5094088317194,1.75159005711149,13.8731651905093,2.57985012628766
42.9008152633442,1.27852968020105,12.7353683008768,1.43924491292202,26,69.7171844540597,2.98698635366713,7.14204588845035,2.06711425329915
110.096485701952,1.26230313637962,8.75295150332154,2.03329560124986,26,33.4900822390547,0.75124798313681,7.90596414055974,0.631865918446861
21.9045339415085,0.368760226127806,6.44339984767006,0.582260764171903,29,11.2861266683602,0.421036082750877,7.10000684160806,0.994619745396178
13.3133049895345,0.405265995349905,12.053818940804,0.913009192049017,2,93.0735494106906,2.34140340428296,14.3459976717675,2.17097812006369
162.289501350353,2.00564327451002,9.85805102100683,2.66135621525304,6,93.2842266659701,2.99623670303443,13.9441602633438,1.44392759117199
38.2097739337141,1.02786371671823,10.869029683409,1.75817837805818,5,42.3098163592475,2.4705453273286,12.8957935909665,1.38870894294583
25.4978365113914,0.369566567961539,5.33192845756767,0.587204407436329,20,59.2059647450641,0.500612026868765,8.00527732488946,0.90502945284105
25.4501325306784,0.559484116132909,11.6321475938247,0.800907203058368,1,30.3125363881678,1.56785632710506,10.1493390526422,1.77692892869915
71.1160605648455,0.635031095948374,2.06613034779469,0.352097938322487,28,46.9582513761299,0.560668151106373,6.47344650868584,0.6009441664138
13.0201121836048,0.45710507241186,7.66952302170699,0.71291788047253,22,40.3646345131618,0.483574966948856,5.09048670429828,0.821775351314133
100.418123702339,2.61803791591841,12.7989687495159,1.03863264868104,14,33.8266350434945,2.96592988075859,10.2195286308446,2.57551784186603
62.8340114311831,0.845658309009922,1.03339533972307,0.303316816168724,30,30.3505138871192,0.551357161860629,2.73502064958299,0.487062253658655
24.7768373911439,1.36361119541693,5.69894781514537,2.69685102042982,22,163.326863206817,0.935664947865877,3.05061992550816,0.395284068693223
132.246185084593,0.898667655530991,4.79627637939913,0.534131822138161,5,59.7667995129023,0.64210500772161,0.784936476188797,0.310112070402253
40.4568935520388,0.945392293249631,9.49297905404859,0.963171686102668,2,31.191668261319,2.30550199911944,9.07350225240583,2.41319304153712
24.4510575831786,1.32439117307759,6.73681411024714,2.18385609699695,12,62.5458642678595,0.534047065981401,7.01696410855607,0.90383759904722
29.2762037029629,1.94766281944185,8.55608136683029,2.07125676117002,14,37.9495694847795,0.584999050817783,1.74289744813313,0.344225381597151
69.2798423606704,0.982838146301101,4.59699491852009,0.481185403177611,7,7.9666172896544,0.392336310485856,1.00136220624016,0.313480355111377
63.9084557831102,1.79882360677645,12.3611085026892,2.32889813795237,17,61.9771846269094,0.925543568438241,4.82718490917553,0.490554819409391
27.707512993664,0.913005248111027,7.53417415023341,0.752933425087342,7,257.365035938702,1.89675343025023,16.2616225309319,2.86390141269905
22.3863764072168,0.446387464878662,6.4956037581544,0.635305340976647,7,29.1462030260353,1.72953747662015,7.37664849105533,2.20262006469454
75.2753518703604,1.9639402085818,10.6324651003611,2.71379066098996,29,21.9804176155901,0.449551704465935,9.77015331863906,0.709891295010921
151.62131211752,2.76160254846725,12.3905821741268,2.20146741693629,7,10.8492762119232,0.369606623421423,2.50847417337562,0.355050318601089
106.134310752433,2.86366123703403,8.5866238937996,2.14041821717618,9,60.6859441332931,2.18311943337116,14.9863801415418,1.04511377363601
148.866714359559,1.77666341889264,8.62715609407404,1.265900818883,30,21.6688146414462,2.36439173863163,7.05178305618942,1.63778846848326
7.2046812493185,0.346014115048742,2.49345359796422,0.39582528137572,25,54.7009048742034,1.93260818840654,7.16346406879629,2.08895435713884
14.9874316980818,0.419868681551058,10.8515849737771,0.759296274866708,4,75.1933166672933,2.48141109669924,15.1578685123785,1.24861783043811
22.5959083542437,0.457708347841062,2.15670883853336,0.364646776894529,5,39.2181083918422,2.68482336019777,8.69064362027369,1.58729701397345
48.7212292179765,2.15256729330027,6.15242849782592,2.17304551090569,9,159.824348143937,1.22196381527576,11.4409584597983,1.87921842961618
69.726637145106,1.91859925256168,5.92752645882934,2.3185087194413,12,37.6903044618054,0.624325475229056,3.94924970349672,0.383247041871046
119.834149925242,0.897878356475069,7.81735801545879,0.545137059308208,14,41.1240016138754,0.480537812236817,5.02155155206582,0.680103512003281
17.1383555064656,2.73545088429852,5.6816631898268,2.60635409132814,7,54.5229464329473,1.55959942052985,12.6329750266647,2.37737860791712
45.7698825074931,1.61819950004661,8.46032450770589,1.49119997554924,27,6.53634000614072,0.321015109507247,10.1253666897281,0.957018968168962
42.0953002838414,1.04985219647441,13.1121821039623,2.34268263266852,22,50.9098618749419,2.84435531733114,15.4999597947352,2.0052607473255
27.3162127398376,0.544533362079733,6.1964446314323,0.65960736434876,20,35.3291582969527,0.891391210537124,6.58531008371224,0.646356430621909
83.8345851710703,0.932454498927254,10.0991534866455,0.741632703745394,12,73.7058600401749,0.878068015781211,4.81989510772775,0.487152815218488
31.611502309833,0.899444187984341,1.27708341007616,0.362299765497643,7,301.288520116797,2.22239914185431,15.8503801913127,2.60643708015967
141.130365881442,1.54730406658015,14.9790997660158,1.66810208178697,4,213.4139016768,0.934268811053656,11.7701603774383,0.819535865633854
85.2789682205727,1.53778371659515,8.86914136960329,1.89089638745412,2,28.7738213855237,1.96876262879201,6.11523808459911,1.83415031718333
33.1900611135371,0.539724676885118,3.55426867520644,0.452627317806884,26,50.1265912361077,0.725045512813255,5.35429672332385,0.430793043838444
34.0404825201308,0.343564811296334,13.0353388098344,0.999061728626687,27,64.22095629972,0.931475116614608,1.97236755144075,0.366233516283571
56.6349117564935,1.89098943828235,7.69414939728094,1.15399428109591,3,54.6173347710936,2.21746474921434,13.5289771877887,1.16361802408095
51.2862228782121,1.39144437959889,13.8997047080572,1.78410267759583,5,155.535634995146,1.20629515266595,13.4225261094183,1.26215287100362
66.3056020110278,0.461460529731123,13.3236295773145,0.961710228962714,10,115.783244654634,0.939169682601401,9.65916420678908,0.808632778169177
56.1828924434588,0.975359327043755,9.29154712141512,0.607661696181969,25,43.145805305889,2.21729594619779,12.9345019948573,2.29086297229308
60.186395905114,0.931311420949294,1.29631246644197,0.333307228537288,22,111.273249564218,1.13500075004337,11.9819800302533,2.79611512026801
15.1322190555927,0.494771395415934,9.18511376262146,0.875953131510103,22,18.2433237881118,0.815251962868924,3.4972312973391,0.526726585560406
52.5761333787811,1.52985408209365,15.4810228219152,1.708787472749,1,177.673009864009,1.9541593852433,12.279989660224,1.07910353345713
33.6889405390254,1.10614845830927,10.3304811210674,2.45276657980051,10,28.0746358787027,0.446203520083064,12.375770948173,0.880584771941713
6.7835848607183,0.456001217880382,3.97172180847829,0.686625655574311,13,41.4372858159386,1.4876290835782,8.55396168099105,2.29592502321723
31.9083703442399,1.33329342388861,9.51656694768364,2.20086219307616,15,62.3769362266141,0.684492525166038,2.69062169055417,0.465265784221426
95.0900757021048,1.92848917109581,10.9704550379055,2.08264275556115,18,39.350085030377,0.857535889280655,5.0300708602748,0.604317175117049
118.474155330586,1.4371940929009,13.1991908822746,1.96752614077253,8,21.2703562127622,0.379464750650198,2.09495378561604,0.330397670598715
43.5711878551879,0.991473825296102,2.3152556536855,0.359367737558898,20,260.540604826765,2.78910801981578,14.5094521874029,1.58766704216834
32.4994878121801,1.01136120748983,11.3513464675433,1.73314610439754,14,129.682697531379,2.20581060582208,13.9062904850518,1.12670205632173
103.618661875357,1.06355992327933,8.02728882602901,1.47493744098473,24,44.7155178862595,1.60241819794161,7.84352043083798,2.32355566821343
25.2409733667597,1.44746298558083,8.00021628968818,2.69071494890049,14,131.711943480112,0.666823217760869,13.514817322629,0.890003457336786
63.0621465802001,2.59944879066367,13.9539948137189,1.34638331956734,27,33.1818753130659,2.88397419016905,6.16554233209005,2.4612243739726
118.708742350036,1.76245822027947,5.9538311404048,1.14177346749383,7,98.3013265180209,0.645162853353217,8.29618375165056,0.572042453663115
45.7502152363197,2.90232721356694,13.895894049732,1.16591072780509,5,55.5473998330323,2.11471826400629,16.1786189015183,2.75350258944013
26.807287579363,0.961798181633229,2.14890366659776,0.46123108517181,3,48.9004206722477,2.29734571650177,11.789698540174,2.31217281102663
115.477733312719,2.59201639970685,15.7943842338822,1.29671501075393,2,47.0213665736162,0.616550049384925,7.69192307104441,0.854391453237153
70.9355732019452,1.81345058314721,11.64967693453,2.71729135253211,10,5.1834471401753,0.376953416587876,4.92608489723302,0.908845741232334
51.4630941246064,1.12126000578615,13.1113410086562,1.55337671708012,21,105.413710615613,1.32131507886525,15.7473465525091,2.60582991297424
9.21388983410984,0.478426254616895,3.95097566285487,0.670292768172458,23,40.2813190047616,2.0407687240668,8.91912958302034,2.32562699028302
112.956695649379,0.721259442323514,10.1913121958889,0.726220314976576,24,14.0122396796403,0.457922034524843,6.19640963954379,0.570283945090071
54.4382428589843,2.42333201737426,6.01774900149445,2.99600670579377,12,71.1206440961043,1.36756054923697,13.5407101689402,1.97607333038133
68.5975677125176,2.1989629065727,7.24148682885381,2.00693069357977,21,59.8045131505011,0.50545271326789,6.10277682852607,0.928486221043659
14.5340860654152,0.467349391582903,6.3803961485038,0.622333086794542,4,14.5108535131322,0.508724841349068,5.78639021658818,0.617540604048745
19.3600865151863,0.606794620223309,4.48415774052161,0.576529187039402,25,20.2798411402561,1.93685031510085,5.76307258584545,2.42435362570808
75.0487562454048,2.67246591121716,6.90796231739062,1.30824175193838,26,86.0776030145485,2.87006751133858,7.27267139316113,1.0195326211815
88.4185897622627,2.40105311965502,13.795917634086,2.04355600025139,20,209.771234534675,1.74852603047669,15.6549644803242,2.98093721712245
168.515891736413,1.76881314473329,16.4097504101617,1.84688225558465,5,82.186402264445,2.13231252379403,7.2293938252626,1.99206183188507
92.3621212918443,2.64405084012295,7.92158949262619,1.22881678254729,23,16.486161376135,0.391113113208038,10.1357648080731,0.912878713232031
119.07872420563,2.10971571974346,14.7078932789506,2.96372349504211,18,29.1742784385232,2.65684654295865,6.83498018648484,2.43749288582112
45.0454888134018,0.453410143157607,5.79282936391069,0.98089244734546,5,75.2815460116511,1.85620388790314,16.4647247845398,2.90515634187262
10.64912915359,0.542317503307376,4.35223489068277,0.76569700127454,27,222.546570123033,1.59742720003665,11.8591130458747,1.5738092996141
80.8821977853702,0.596521461648721,6.38643567309432,0.712431015695116,30,28.1596878210865,1.43255774237907,8.33067235615749,2.01814131554318
28.2691663795572,0.546614433208685,12.5708558676933,0.947924736618491,10,69.2545530923952,2.24690618833113,7.43679412038346,2.13873479966543
42.9776850922776,0.427104437750535,3.64093028711294,0.428969843135531,1,66.468703446671,1.22928498022262,7.25069277280751,2.71252834505232
107.107848160627,1.83637635123377,9.01329613981785,2.78968755222732,16,70.145291388753,0.930889921685068,10.2801436736079,0.830549675628197
32.7247796881625,2.89348117221216,10.7687165186169,2.42796664087921,24,24.2205265039173,1.18245852225134,6.50940700628462,2.15947197731741
22.5855795898216,0.414818818012524,11.5918220791885,0.890764238337631,27,119.16971174736,0.90800473845891,3.14677330892167,0.459496420395704
17.5809638132944,0.440667381583856,10.8096513985899,0.811449018052407,16,68.5941611797401,1.56442133806628,13.829698354567,2.66331219118827
94.7509115814692,2.68853675540297,14.5925365632234,1.14797130240515,13,171.939007759138,2.37294440882621,15.8527611000867,1.72616735595459
33.5529963505498,0.524700164191348,6.04592555539666,0.836919702092508,17,30.9494704278877,0.682166517016929,6.59686006318139,0.529304618217827
38.7627891157908,0.496589905076048,9.75984289003003,0.662370694816464,2,35.768720153043,0.553641045732027,1.88604039967793,0.344501364410414
121.854566426398,0.629706819141779,9.83387751005383,0.745183636894769,26,14.0383772173116,0.643337324988731,5.84695051849082,0.849761566033834
33.8198201983726,0.46152010871245,6.84069374486175,0.718451719845243,26,84.3612114136972,2.79143436506318,10.5663235099764,1.01523958524071
32.3860515716371,2.04504363800724,10.142658630891,1.96656686927498,13,23.7757602493484,0.594939015058208,6.58541822228889,0.589022499277277
177.420604663146,0.818288658967359,8.04456809952824,0.678235478001517,10,47.7046235326853,0.920846413988015,4.53556735335704,0.461466753252078
36.5714911088725,0.932381837408345,10.2001603014587,0.906192491329811,15,32.8548138843792,1.29884134533705,10.8458165928624,1.64975440990083
214.302717856223,2.93464732034537,11.7479759382221,2.81050022304579,13,41.3586204480748,0.538900135150478,10.7369344163163,0.690263383168059
87.6025827413809,1.06335560108464,14.4657811245544,1.88665068425562,19,11.4980228614598,0.397023092556749,9.90756934403146,0.722429577194229
43.8938239202613,0.795739971946292,2.06497598948951,0.386048579779906,25,93.2164614454889,0.486035305279956,10.2050827798519,0.900963973156098
36.483089559058,1.7339140491361,8.1121767612544,1.92179950010828,16,77.2612005325599,0.873091473054685,6.54733381568105,0.648777817256395
129.74192248782,1.43238528701966,10.3262584179348,1.48130887980652,5,160.244149988051,2.93749924043239,10.7032379746197,1.51496106055139
92.0988126542643,0.558070191340337,10.7091647670605,0.868360496139657,29,49.8427769445815,2.06380473329641,12.1552640695559,2.80540922803265
34.8537624153997,1.8007765301827,8.41437848243108,2.22575040965541,21,55.7401378183791,0.997331622703931,8.23474834176968,0.631386174994992
76.7899455278214,0.514703702864905,1.72785132039506,0.305644016349752,20,43.8019026254516,0.498323302853905,6.26244083263123,0.940866876180172
62.1959955067639,2.81531997194067,13.9270003084515,2.27215211975865,12,94.748868383216,0.689330355960496,3.19388910369412,0.423156822523263
21.3512430615586,0.630331144189887,6.69926981328712,0.786579199050003,6,94.7186363945679,1.84975478030745,12.8181914108116,1.64600087244333
37.1751775677962,0.905008455676302,3.0553260525638,0.379470425250895,5,20.4453218717508,0.72019973602916,3.57926205684746,0.506811260140774
85.3003192953326,1.46032055867255,9.81402078054942,1.36205591932709,22,34.4221794881474,0.807772505895428,9.3573832768629,0.840439101428453
31.7760055859397,2.07803124113129,9.7531087259649,1.76205476210973,10,130.753328581668,2.56880978625978,14.9135114033673,1.56550860404413
33.2520015090074,2.43505973136499,9.83829913379174,2.56043227161222,12,35.3157448320245,2.15520432120726,5.66064976261637,1.45063970828492
68.7156322203893,2.68592627570016,14.0973495478289,1.23774929545843,9,117.588017261831,2.80129608271103,14.0358286352038,1.62725061777251
31.0956449357791,0.906870151291281,3.00823182982253,0.529177738523853,5,33.1741703917418,0.864509901515827,2.58400416410668,0.381207818780067
74.9905529384798,0.667341006350108,11.0978928058682,0.864074858125702,25,12.5376426987119,0.409768685409004,8.94842116604147,0.802150139503811
255.185832583883,2.21343673410751,14.8899879182993,1.70144099862049,20,24.9812157362724,2.69558604604028,7.17297747474115,2.67599425956559
58.0230462171534,0.724840255601387,13.6123826145096,0.94473995142327,17,10.7465780418114,0.430708855159796,2.91463944433239,0.524063516827642
31.3374835546733,1.32940097068565,9.97002718786336,2.4043251132704,22,194.947982357735,2.0650396934772,14.7362514780953,1.84247044064372
46.7471782163656,0.595762705391789,14.6898434588187,0.996814863675689,26,112.9994507838,2.16694828868312,14.8233877356273,1.582525031212
14.9507372467289,0.516524961530995,4.38361857074993,0.537196750669783,23,51.4735625742486,1.58778681676683,7.32882965827881,1.78610963353046
29.6965815554415,1.69852912096718,6.42615076509649,1.80201426649228,5,21.2731546050077,0.441772159643635,4.89913651059447,0.873976901838828
229.710218357975,2.37152934000763,16.1126589460716,1.54215539760601,27,11.604423703025,0.381840816123174,0.985713214451447,0.30576030173823
25.1117258839745,1.49607560600756,6.19197508636055,2.75243750691221,29,49.7549464362482,0.759280922344608,7.30207620751959,0.946846691476333
41.0000183300907,0.913101787960919,1.05315023819271,0.303917446757292,15,67.2163196259008,2.4445158530876,14.2396275098104,1.65697358491119
26.2135675572159,1.40824412305179,6.01636968222234,1.90866023503648,28,28.8258813523512,0.595240609890346,7.30429185356608,0.901290124315798
30.7050017565509,1.12842711757571,7.15517723870906,1.43128108045167,24,62.0483534910817,1.34012022968193,6.3040937405035,1.56854871152899
34.8166544300909,0.943599686896552,6.90982964789739,0.586617556089262,5,54.238081817596,1.08835124281146,14.6024233126252,2.1040975319506
79.2908086176666,0.930355931728252,5.16929450520971,0.732441269403081,21,105.016825414999,0.677719535263766,2.39770594763183,0.354060182573056
130.440497675299,0.70214388643115,8.04638531322911,0.702233852532299,9,28.7688377194871,0.827557186193956,4.61128695314339,0.548589534895667
47.5742240940216,0.819796402488614,2.00799508998124,0.316522943930967,23,74.5378519563887,0.61089343763602,3.07341675192649,0.496897672184964
18.6346652934322,0.649909593737632,6.67391032981373,0.936027743369976,26,59.9346720158938,0.729033131325104,5.42096600135299,0.441546749883766
78.5201437953597,0.563492214146746,6.50066324060422,0.474323437470713,24,16.1074099573682,0.548000587990304,3.01981378882566,0.418548982618811
39.5264185920156,0.718582493835414,2.61121556392806,0.395663752277301,11,78.6325725016827,0.777757809796523,3.85916685645927,0.47998850496742
54.3879000490741,1.32964128117574,8.58557695207097,2.95508017559512,13,52.1498671323873,0.802320785404703,10.7865598306568,0.727656300836598
28.0726202131822,1.26445769090029,9.3453825385347,1.46083685438553,30,37.0023886545678,0.809193271885158,2.48958375656754,0.466090994180893
32.0377642853181,0.496451853720039,12.3313464073254,0.811068502115173,8,26.3809190259818,0.886691759699707,5.8274684928569,0.806615311873528
100.567433474092,1.14082183678475,6.34205449945373,1.14889001448793,26,51.3733452056167,2.21620231092804,7.02733117189475,1.80223518045722
63.7191102483691,2.13702833626596,10.8681380916344,1.7209743866913,5,36.3246073536018,0.453691609908445,7.18989741629069,0.691184341780724
39.9951292095761,1.02894612847839,12.5309544501541,2.5601325243193,27,141.338367738004,2.22009551983152,9.04155422702007,1.50449277055286
87.140401027527,2.34753074547044,13.4626112452962,1.99304458585711,8,92.737241437028,0.567999094705178,5.18508305296129,0.445999686247786
202.261732483163,1.47183836951404,12.3724170403754,1.01484902301928,17,40.4202027935276,1.89652371091282,11.6277905529691,1.03868784118094
23.432028822631,0.607704087585415,8.79630475337001,0.995448187603295,28,73.3987524897233,2.84158618945196,15.9091853331025,2.02221946410846
12.3617438421411,0.361043215485467,7.16703280315706,0.5439637128187,1,8.84555657953749,0.350027150608867,7.75827093027288,0.616964175744903
170.686750742019,2.35922972222352,12.0789890426328,1.07710251056886,17,112.363013605503,0.813656049411929,12.7995213904776,0.855790186167512
61.9155151769553,1.495348802873,7.90383105941986,1.5714900045647,8,16.3653698358862,0.426400940047341,7.34124182950957,0.525170168195342
159.092456521331,2.28475676153187,11.0498943207248,2.77314674621802,23,152.542971732693,1.25964580536929,14.6725776867596,2.84723277389644
26.9119360463843,0.535495261008357,12.3845264211876,0.805433973462336,13,48.8929898509366,0.516501959102105,11.2392952629746,0.800356980234825
36.6737597735736,2.49789689461875,8.50083529809223,2.64980173772447,16,65.2364674260125,0.739113363837954,1.70884959098385,0.304760488658139
27.4805958743025,0.446229456173646,12.3819115161858,0.875892886415562,16,7.12156614290956,0.36762266059782,4.65523789668818,0.79877538208267
91.2494575652502,1.98222693335595,11.3798248076727,1.14849177631315,19,62.490144812826,2.48642786880279,11.1529641693674,2.83050600173338
14.2138594662398,0.32351938084694,10.2323723071204,0.925763061262491,25,127.996296982565,0.681637377417123,10.947087266429,0.976394406525081
23.892762301573,0.374047512350137,5.49426010658434,0.573115680689069,15,3.95580410462354,0.312032480171605,5.28938863317044,0.851239659869186
103.666182260162,2.03543525495693,16.303300492072,2.21212395210991,20,109.165773135918,1.06551900839189,16.0818299427628,2.28657682567541
56.7141828876856,2.90810914204618,6.24022614629229,1.24029798334231,3,25.7596195310215,0.477327905603622,10.2876139074678,0.78220853274436
65.1727992557236,0.854147974613754,13.0746183253626,0.941327783476083,24,90.9743696700492,2.25401675790979,15.1767230143124,1.35335793078003
32.7452609575209,0.670073057508373,1.74121311261843,0.334050276753575,29,62.9379875982208,0.876453019900901,1.52606354855178,0.34141826297392
117.822358783738,0.849937807288169,9.64507408283477,0.594136828518355,21,48.0544519083794,1.47952493180574,12.3362061709469,1.95567677700399
80.1811989173859,1.89327810226271,10.7606927338331,1.04418430081538,16,28.6649223234942,0.941623156972453,8.72298901959176,0.920887778503014
13.6685140379466,0.62810272300967,5.77222105987857,0.979841585467507,20,10.3387484350348,0.342257034645834,9.52805882294931,0.781214789014318
61.9423305682982,1.40117286980846,10.5393336321358,1.81261085840861,19,21.4472252198774,2.46552537918524,6.76155325540705,2.53668336781849
35.0100866475683,1.80661279503478,7.24068662571564,1.61601426270701,1,28.8847919644757,0.430973216399833,4.385864533439,0.437350521789326
26.3716485354107,0.501003554264902,7.3515688229701,0.776525152978416,23,28.5532837838061,1.24441778019952,8.73061663555374,1.11256812629367
24.354939272533,0.659218730125735,4.87989857559112,0.800263959803705,5,41.9159080443405,2.23838016300719,6.92433216938873,1.32567386064197
15.6536070324968,0.761758036306581,5.30820697610146,0.894850329114387,4,21.546011290039,0.758491120329572,6.86590629916156,0.75114172795247
16.6111156292367,0.399640370084196,4.95829177943255,0.469399013879169,13,77.3462333712179,1.01172722862747,9.02681474565426,1.61017929778335
56.8113217986218,2.0421386351419,5.85377757804265,2.26737059376348,10,39.5954941368494,2.4255864873564,7.03323111061311,1.576345383878
140.971490974884,0.954662771008803,3.43450841706737,0.424516951527412,14,16.6971552263528,0.460138207221282,12.1387978830901,0.98515395155178
36.328161671179,1.25647966699776,7.51829411246603,2.70408937204841,30,25.7625172950354,1.7920758498729,8.37169880520687,2.79678287054874
113.644169892976,2.3560858389089,12.9576550452983,2.62546516264987,22,52.5459681251351,2.12983317195895,11.8821933852558,1.96517368736322
209.261731946125,1.93918671768932,13.4749634999515,1.89933867155057,16,52.1947459404552,0.741955024822431,8.97380737440382,0.795563662261313
54.4636892500438,2.88807009767354,10.9263724734241,2.36802098127413,30,118.622256482332,1.84709944897298,13.8067130248979,1.44385995901127
22.1069091107999,0.818174140021217,5.92717582034025,0.713808265829082,17,24.8159892441322,0.357343688719129,5.09448961576331,0.719770637240545
7.66514956705438,0.361234057060131,9.09987648135893,0.752299643998896,15,18.6043539422432,0.545253527333755,8.72690704344396,0.871550126940701
41.1660059720556,1.36917955196521,10.7101262945129,2.17836406454011,21,100.918638945458,1.81981737730695,14.2811233108457,2.82111554022034
39.9931614387718,2.73339673006911,10.4050275524351,2.67610432085352,12,31.1685313130382,0.827930076870086,4.70000494310151,0.802308981417987
95.2799517668041,0.726193225406746,6.60263458318685,0.712242488247355,8,49.0851533211861,2.81491485773258,8.20714431333959,1.32375096988391
33.5216776280528,2.85119012958587,10.7514929367995,2.4930389440121,9,44.7934763238291,0.55860328279659,5.63773017557784,0.462094903307425
41.8002687708837,2.48837624371394,11.3647384377088,2.97403458199421,23,54.1873549150253,0.770395261822884,4.72986973550691,0.532789094752852
36.4243001374423,0.837106896303191,7.44331824717799,0.618461413354714,2,31.0138573494594,1.98161327807466,8.01533462244735,2.96650921318949
151.520753704329,0.990736332877703,7.67080964198973,0.667037856817109,4,65.4080513973248,1.76508249497606,9.58321914020901,1.03511428673627
89.5666476411582,2.59325318780313,15.0203665118854,2.81481481992054,16,116.222152279618,1.74615157679784,11.3994485670496,1.32528407071328
113.419427770024,1.95074021527213,9.26050264456575,1.28671676065372,24,35.6519720299574,2.32574884605522,5.56846108376428,1.23048612319402
8.01103341305219,0.385512840667007,5.92644870395274,0.675697374488988,28,6.74625490690791,0.457092287712435,4.58243438154355,0.763700698629836
29.5716748044221,2.74717913887899,7.08862804210035,2.8643879767839,23,245.16858965218,2.54401352886765,14.5619505889003,1.10256831791544
27.7233257546535,0.438140990322616,1.854108273019,0.320844900204152,28,25.4987418182114,2.83063381566841,8.10545608724864,1.63597704385094
107.033978131607,2.584103910194,11.6299701614113,1.45806414859571,29,21.7556921151349,0.864323178029399,5.4889001613899,0.697904928240975
199.692133400271,0.733636078977518,10.9835922011678,0.739670465465565,14,20.3106762883978,0.76410468940258,6.15385797905383,0.710255887487733
107.631411233421,2.45468092349927,10.7418957050371,2.05244664008343,19,26.3611547349802,0.523041739144907,7.93805818041138,0.820255596540416
6.05414960808715,0.313632086131714,1.95746063932071,0.322410406538114,27,59.8923837581842,2.19044034031692,7.27580202630858,1.966630243214
132.055422440295,0.98137565644203,6.48483735907819,0.854175953397504,18,24.7421318779997,0.890207905289484,3.71448973618242,0.501586707954367
80.8521012769069,0.572819096305569,1.96070292139184,0.358018631377344,23,59.3146012009169,0.684394370414448,6.00161628377228,0.564274838209608
72.3944636880252,2.32313643983428,13.4373521860025,1.64913954166649,4,24.507670506853,1.57045110634518,6.12657026788792,1.75471546947223
16.222927438112,0.731016410640956,4.01714748852588,0.609417923324136,13,213.889975119418,1.13070405085579,14.4653862400489,1.22426489639449
180.018279705179,0.607487752798091,13.1945927570434,0.83561939558772,9,61.8012044221845,2.83358924827021,6.17477766063099,1.40992650662005
22.4534094010495,0.431500221312336,8.11636721415773,0.611100180982194,19,45.6609638431522,0.415971045078026,7.91317011767097,0.880459162373064
25.1682601787808,2.63473582427511,8.37296453663571,2.2990824488225,28,27.8766264275905,2.12606078921713,7.52011862633162,1.75410088734011
101.331882469717,0.981114102628894,6.2723947817187,0.909026106458712,18,120.488186263519,2.27706788178012,10.8806672851825,1.52416109859548
14.1956493697801,0.417673834616089,5.87143250691468,0.52328170466646,21,84.7698871142933,0.950907888941276,5.21023458560218,0.435838711811332
93.2586604876127,2.52270844642018,15.4950550544556,2.83600607698655,28,36.4976204852603,0.626369063676568,13.9703826989775,0.884501534554476
49.1181671914347,1.60508766755179,11.9711621936427,1.64292400567242,14,137.855826733725,2.25932679247472,13.4399200727103,1.7354793180929
21.7967898112741,0.500494305143786,1.63756002766569,0.375683214776124,6,93.4029121016995,2.58510934111867,13.1560773245765,1.02210857560621
15.5526891250157,0.372650646253153,7.99862708420339,0.582593807149937,8,36.0230380398631,1.68766712701422,10.3692005865452,1.19904790458252
6.08481703030302,0.301065851397842,11.8043444294083,0.947746747605582,4,43.7241229356281,0.881785761643843,6.85541798576025,0.506394806931936
204.148013970349,2.25728374465833,10.4710021996549,1.32990371590479,24,11.3999336653533,0.322616518920539,4.87875951066941,0.659960045378855
113.19783321052,2.82483290694388,8.25124861968739,1.01972587151073,18,258.073888073813,2.40912123185607,13.8929183374496,2.47912207147052
54.9553473433489,0.814019787874432,7.42306525232085,0.644259273847474,10,19.5626798392121,0.530524698230826,9.35758694405567,0.972547938786497
59.1144509091733,1.70607170049341,16.6348572941351,1.88950016249374,3,35.0080305501995,0.832247315193061,11.6475637167948,0.957296708503502
65.2502554916398,0.669285144847982,5.78962390355005,0.821541623284759,12,55.3225428036593,1.78544125273832,12.5151930563141,2.92093556890161
63.8714909481224,2.98200508039174,15.7297590390203,1.41053605168819,19,29.2003329140593,0.723035674863285,1.42463624552442,0.32940378535962
118.875082151574,1.58917764485525,16.0315944036424,2.71111086496632,22,241.686835363781,0.983275801933465,7.90765601342647,0.558460397185084
73.9898881314593,1.82586218973324,14.0294094280934,2.87450137574373,21,23.8247082628082,1.00760695311919,6.80409040871656,2.98192055932155
174.110236401752,1.69242470064567,14.8141963359116,1.86471024526876,21,36.1042590786184,0.691337581744888,2.57337889547728,0.341274243361465
36.0527674574705,1.21371527673637,6.71305558591121,1.87388313473215,26,4.64285066151043,0.328042741555231,4.33759151064929,0.484964035943756
43.0961115950527,0.714599126950171,7.44647464685605,0.877345911360821,24,19.1488143141567,0.790834218549318,2.97535167690106,0.4807021756047
79.4433109739177,0.436700644191026,9.64444900120245,0.606697011761877,11,103.739458949358,2.77738708258272,10.0733400384972,1.75012595879758
63.2068194918642,2.04693310154872,7.3119829271849,2.35247014850185,18,70.7723441763957,0.674071617446249,5.49712460616133,0.595533248983748
90.4481583901658,2.09717130557743,11.5766552613174,2.74601956952158,14,11.2639118290685,0.389095491539731,9.59631870755849,0.765962874662713
51.0928660246779,2.15104460620212,14.1302394713598,1.72468851664656,1,43.9068139793249,0.529982650266289,5.03488995368257,0.541559266300778
12.7389062369005,0.610738266699897,2.05761372483136,0.438638482343317,1,52.4075537329407,0.703277336057349,7.51196974387735,0.511741655302672
74.2796627680284,0.738769005011083,10.77176335033,0.948476456077531,23,73.1540445367747,0.611772358824204,6.30205961004499,0.608450511729484
55.6563344952195,2.22110639783212,12.8584914562202,1.18412306698972,6,166.574009053736,1.23708178674819,13.1608052672435,2.8046269142756
45.44473887006,0.643302733146203,3.45639239554374,0.428481177212021,22,23.2106855687054,1.62099066461735,6.37737634257774,2.87426519162045
23.9652455013495,0.439953318908955,3.60447863564045,0.417059478829408,7,20.0844090416166,0.36036018531813,6.25353406556516,0.564633819098015
75.6282159735304,0.821782425866571,4.83283991526039,0.639797998537425,5,8.03351321211866,0.389005355523909,1.39683987509947,0.366480492437686
312.668617130597,2.1599388091198,16.6006096225165,1.51761774574314,2,88.9803691934964,0.692333174276391,13.2574254947014,0.828445336648306
46.9511657514004,1.60266446227988,12.4494715120643,1.83856715690457,20,38.9290229068691,0.62505878041509,5.21423147609237,0.565732480062025
124.21338325612,0.998797092325692,5.00976005689394,0.467370394754598,11,42.9078207148366,0.565320641867914,8.09214484783276,0.543750613787846
26.9108711711606,2.65986289363066,6.8562665937918,2.44854413640033,29,74.4285143762441,2.6222714124653,7.27249619511387,1.35801827384257
71.9154369303259,1.57156830703067,12.1439010804606,2.83818176381886,27,36.1509086202625,2.91294957320595,6.89688101366907,1.93012195011303
124.161930877531,1.64264421138602,10.3510577344009,2.14292714961286,25,110.390408757171,1.59196709822488,6.19246889943099,2.1314789221517
49.9079725958478,1.73433953291108,11.6298630361484,2.21886835765774,19,74.1051918540736,2.42887885072485,9.95246298449378,2.90652959901366
28.9094682515988,2.04376281315532,6.71554769853439,2.45457036418641,15,111.314622998401,0.684390463421589,6.84012052529425,0.62038690800546
7.62590556052324,0.318391584080275,7.64795999319683,0.704843259616348,22,58.6347028442575,2.30558215816485,10.5398589333311,2.89650783290912
67.0540718528916,2.420309724642,15.7051532948944,1.79905545865031,28,47.2439025527853,2.17869961486664,11.6024072816619,1.72112846482849
14.481433852614,0.40774296368742,3.3555143793963,0.423414178247557,26,23.7405650528961,0.474152494164416,7.88432065625879,0.808242952762714
41.1040597559051,0.628498929722456,5.92243257765508,0.609065182828988,12,21.5534294306415,1.36651519465649,7.21044794324554,2.17534459740162
65.9490309726362,2.28249338892874,10.8896271947389,1.17219645064677,17,102.765065732437,0.901696728076944,6.87082397820139,0.708944778365113
15.4517940898416,0.704088319515759,6.32642498285552,0.947351239865402,3,91.3614792787059,0.92187996611964,7.61179284376104,0.608356443217566
104.933041316373,1.64952447909243,7.75543591091517,1.2758794745345,5,71.6929262692876,1.21396822966367,7.67920584483542,2.66273434426154
54.628527741736,2.81682987099426,11.2222699203194,2.82106059381894,21,18.396897352327,0.976776576040555,0.681903866415916,0.31229783868672
22.5844576475612,0.582015967560549,10.5000749980661,0.907950207228261,30,111.042895999014,1.13917360832957,16.0407580812783,1.7986455672532
48.6457020848294,0.531993134882659,13.6506212080273,0.870419725308205,2,73.3588151734913,2.24874784524202,9.87473632671737,1.70933787608458
60.3395114340688,0.708606618869689,12.6196106377841,0.902678287442749,26,125.357966882236,1.98422219540477,15.9830220349033,1.24404136321451
64.4821692070812,1.43453685180924,13.9118251054311,1.69984054801293,4,25.1478531180338,0.84563060120331,6.45647473694311,0.79270567478158
126.634590536549,2.62267227748006,15.6061246678322,2.68554774106152,20,20.4573014381979,0.614493348852087,5.54366135942547,0.564969356351341
51.5079592007831,2.41169679415999,13.1091698050879,1.73913942689341,22,28.8195244004636,1.61312314665776,6.42306111848334,1.92897054473734
39.4950292316577,2.07360832350495,11.7033986909607,2.86265238942412,8,28.8662263139321,0.360272760744401,14.3264278599194,0.919428247652292
89.851291477965,1.70808025601446,14.1358734954745,1.07227592002301,29,125.346592430142,1.99151600017901,16.27241088569,2.61677652718299
60.8442516004398,1.92628107149262,13.3306196776639,1.29598878840204,15,24.0884859369484,2.12734788284184,7.1541936172745,2.87062091009885
33.3066228109446,1.52581396542876,6.73292746999966,1.77184204020134,3,62.9717321471266,0.773079003459242,8.43230690216985,0.754778389205807
52.0605042535935,1.6159129173574,15.455720918162,1.85841882773403,4,30.0132068653906,0.67228193248193,10.4171306767679,0.767809097583319
46.2562938478126,0.738076827199427,5.51862844635521,0.466902714052042,23,52.1335840114904,2.22503825083957,10.4601852931874,1.94769802963484
35.8220509809554,2.37402763882851,6.58300776574049,1.9675181326717,7,35.0265332394753,0.542068440416701,8.06863387683273,0.611398907118704
35.2794159819931,1.70949778784834,10.0452453710565,2.81245595170112,1,78.3245528435675,0.66123040846799,5.91491571618328,0.548509688215052
66.8847262297877,1.30248798391135,7.98912095651159,1.20656249211019,16,24.2892331759592,0.514711986853309,1.68977259144157,0.312139416796397
49.2205247194074,1.24167845687022,16.6336697969587,2.00837109429024,14,120.197108528957,0.559037421271643,5.62899597859684,0.444453389686705
16.4592312128785,0.470023122022727,2.037496676656,0.365816197085077,27,56.1116474866899,1.72530399178014,12.2396394383802,1.9523171651958
61.5947745834558,0.894297630119447,13.0170580099076,0.792786342642875,30,206.659077661733,2.11252173159495,11.3954916036502,2.65376209966966
20.5729333339318,0.32854254627861,8.1870831347703,0.97763186173195,19,48.663662479353,2.6824808871635,15.3697461882933,1.39128576868013
113.326552288898,0.7902047067523,6.60035537413886,0.531324233808046,24,36.100842436749,2.48469639564561,9.86182070399966,2.5401829089939
22.6669079192222,0.562477582128989,7.20384303807586,0.662929276391437,3,51.0159180841982,0.483719818404744,10.9643825393909,0.665519118376766
79.6590062236322,0.945574311235009,1.05242232057462,0.352548627453585,23,26.9871710329918,1.68654181736615,8.11198350873824,2.04766570808534
31.995859636705,1.59617630667595,8.6557735215894,1.78824453425932,2,15.7789866116051,0.403703094776936,6.06192296267905,0.523447124098309
6.65711258047515,0.32057145895144,12.092170826716,0.880453227565945,23,129.217171479016,2.81403985684255,15.9268439328785,2.88617252001794
96.4875916478982,2.17132641635082,15.5944361392568,1.50886096338667,8,106.912694742115,2.97635297467484,16.0807789820397,1.32025200769868
27.3420022914124,0.941935193110361,6.62608890360843,0.845375735423893,30,46.4042749781043,0.913680992781824,8.28112888693368,0.702093645315353
262.551881242208,2.56040921753496,15.0993967856464,1.45504021427875,12,51.4302792448049,0.469327563726205,6.497896674077,0.730833619055327
39.6777932061607,0.926461190676828,5.54099273709564,0.712910340329165,26,34.4586798051073,1.64053750235827,7.96758290754135,1.31811006828399
55.9270411382661,0.556105333113503,8.46188729735054,0.862996086493795,1,24.5104482490758,0.874192271576658,1.58847264893683,0.349736350916379
33.8055337002778,0.796912079587989,6.78916544071621,0.714905575186245,12,184.600984369406,0.763305621323651,13.8189031753411,0.853808723692007
30.6810346978469,0.41680174076697,4.59544016177941,0.458074320017708,15,74.1847915403923,1.81493742417605,6.56007064331862,1.5568648655131
30.4883969395749,2.53978928645609,8.55468581266587,1.26462484230107,30,61.955801941625,0.928872508427835,11.478983538564,0.722883694271917
46.4188020254183,0.834098825841245,7.78519321286505,0.545991009605422,24,42.2952392458568,0.858074209727637,8.59470337314061,0.889138638089419
92.5233672833036,2.57390438641712,9.21546759605005,1.90315639130341,22,40.4524126973376,2.13336063598343,11.5840195802782,1.31565701275733
247.51879359093,1.38200437016048,12.6754237649267,1.03181015122543,15,42.8737092847351,0.81176034981689,5.11284106688194,0.435714125514911
4.63449687082567,0.334732913561302,3.38084389824241,0.556426652511093,23,124.920901557181,2.8619103050624,15.8007212473487,1.89801343748915
195.487323314059,1.32060307728778,11.9152792758883,1.54116661627512,7,60.3581699033528,1.65016295397363,9.32878057803291,2.20223900979484
97.3799762940986,1.49683706640703,16.6143726960086,2.26505190679914,13,78.3302280254082,0.405094642580653,5.52183868252884,0.450469935000867
43.5338158668268,1.99333008605935,7.74802196532897,2.18734971599589,2,70.2557988776419,0.568479839991467,4.52800004173582,0.586054986456996
11.0725373866452,0.350556442713706,10.3977685026593,0.666733561791663,8,40.8479604254774,2.6868625909484,10.8794107659492,2.29720162922888
210.07659390996,2.23549946247299,12.614322684636,1.65546937525941,25,69.6149014637908,2.6553620165872,10.555890088084,1.77320079750785
141.569141024911,0.999486287031353,13.9107198470655,0.978424542258596,17,171.617745357828,0.974943427008465,8.32342345267312,0.600090019953533
42.0714962639284,2.48855522490728,10.6366374120934,1.10916943401548,12,62.7965299042042,0.474228817082435,5.14172884561656,0.616573905232891
186.100631845951,2.13996010442376,10.6829957576312,2.94224095347335,30,36.8962519820311,0.704635146126077,5.71194186326927,0.614159655312533
128.035002237778,0.525573350971326,12.7954177374332,0.810103806708217,27,52.9492847082707,2.34594155094679,9.04740136989922,1.49337405102805
36.1695327708113,0.79923917227317,6.70508299276867,0.80812324530258,29,112.597769667749,2.82304642646334,8.68101024662867,2.06982455843879
33.3700998700401,1.22051372978508,7.5054094906071,1.68025781902896,29,27.239733298642,1.14898930644598,9.08094308465337,2.73549264888823
164.269569399848,2.75400767747234,16.0152307167237,2.85506482175901,23,55.0267239423719,0.845854384340981,4.13665612954159,0.607610990649738
8.06748746362551,0.320652825482009,1.89426286526806,0.37080664274059,21,205.727796909338,1.57165049592296,10.6082826856713,1.07515869174945
33.3326091211104,0.640983674367153,1.71356563515258,0.330555562348248,3,95.2977830774642,2.22778716953791,16.067460370214,2.84256591690387
50.2432213230852,1.62128899131839,13.2262356386571,1.59556175965933,1,50.4876790389069,0.797855435902387,2.71488409039537,0.341677253086924
104.661742250274,1.52055933593688,15.434797865702,2.14322041254003,7,34.5621857932314,0.783397320536391,5.92384171297302,0.588598489469998
74.6160725417771,0.762806224384675,4.51822657593571,0.786652756463312,14,39.3660986139231,0.59426736111212,11.357524233274,0.753606338520317
56.7186775819873,0.799779483470946,4.96481489718283,0.431833429400218,25,37.9467302844917,0.594335662493557,3.43667863305476,0.596177703437114
30.433300266435,0.366092710007259,12.5878979651031,0.823139042817641,20,84.4222283349427,2.35794864421758,14.2591004171643,2.13209921315506
38.6919743411692,0.982816956609125,7.3495008347751,0.94455157773974,16,88.3453451541201,2.72661146255677,7.62753399585715,1.06732978683728
36.2379444192732,0.827796977989189,4.56720213720863,0.517220005872939,19,118.751788463836,0.729174800914388,1.82226948472769,0.329440471649071
107.612672372314,1.5640193523879,12.3035797306928,1.53212433154901,7,71.103018042834,2.78806037955053,12.2480164819733,1.19582539272688
11.7501733498448,0.346869091581694,4.01064417709416,0.662732397583855,28,13.0152178083147,0.426534051586546,4.43140273314055,0.503349450614064
212.056777682127,2.5836961616244,13.7275381673198,2.76401555311657,19,41.9687463103453,0.8503412163253,11.8454654880842,0.881815036612072
20.0558939787106,2.89474213602959,5.69800432882419,1.21852879022215,4,50.6687663229277,0.61350905710637,11.0876378895598,0.891695486434304
120.720836381134,2.10683951786793,15.0363805391965,1.56669666006518,28,82.3361757722025,0.948657591365769,5.68702481799681,0.494406830765949
40.6690398422687,1.9807098425125,11.327469451939,2.65010114286648,25,23.1067326070233,0.452716248932979,8.49722640339847,0.836939259613599
52.6317030514069,0.615168775370237,13.7215934719669,0.868128461426452,9,52.2402691587287,0.839373132896089,1.45155442628511,0.317909780683673
66.1301455561629,0.559750960316619,10.1126019037289,0.951666560893514,16,35.9009001084212,0.604032932729498,9.62447519724565,0.594867052346776
63.512306810672,0.997916614566066,8.57480666930738,0.749196300665372,20,14.7615163137673,0.525508737984088,7.84745448505551,0.819178100453781
59.1715551242152,0.564560467053599,12.3556618746778,0.807898803072854,7,61.644173154955,1.66659608886489,14.1764409681605,2.22650134476773
55.1157133867027,1.55556457885126,12.0065631958959,1.81103478412953,23,87.6147758260068,0.892133127506704,6.69127512446916,0.524720091050902
101.847113298585,1.89652743549068,8.85089336523662,1.32399455835762,27,5.84440192891934,0.343806050978059,1.66017520595141,0.345064568826138
63.8523581932957,2.77937463203365,6.74683533518882,2.1243217055591,6,224.136721635288,2.00658861318552,12.6949024584729,2.47225589834418
262.246895006178,1.2849395732596,15.265184979926,2.13388099023676,18,103.178875935922,2.77764069151388,9.65092588101208,2.10730590979553
43.3947113922333,1.47098172214125,12.0050738497814,1.39204302429838,20,77.4595334514073,0.949990426698603,2.53636125165115,0.356563813903585
31.2656411970607,0.991624804807176,5.66584984011939,0.545387076124124,18,90.7459463989828,2.35936802351798,6.90715121494762,1.3548216518911
61.4303050795393,0.923405704439345,7.28660858670107,0.852208316677758,2,17.0329471904284,0.496657504900236,4.98360044927107,0.477589592684412
18.4318581663817,0.807194367533841,4.78097422958742,0.774569990868725,22,45.2204648935282,2.79445704800227,11.8168102251502,1.45446094162213
53.3087292897034,1.58346992184728,14.8838649827882,2.53187750422562,24,47.7356639045288,1.05024009598452,16.100745161867,2.22170265071663
34.0253336809932,1.61183902892658,9.61720762294286,1.45730792217898,2,58.0064237667103,0.861360193521278,11.8729332173357,0.774177142075085
213.603709991747,2.43097433855768,16.131758538161,2.37063990595475,1,31.2568241660962,0.903613427228398,3.38656511254737,0.416860441654579
53.4538110144075,1.5111356409233,9.89996724440295,2.63381596276021,10,286.282341580223,2.46834096705372,15.8100150068576,1.45186016590057
21.2905738765584,0.529590295389533,4.25066465485348,0.463057267465185,24,53.8099609828451,1.39819449192284,12.622532477428,2.47674556098954
108.638243233247,1.77893302626471,15.2395545701628,1.08446866887116,15,45.7797667241635,1.29491189558928,8.64594164979189,2.20943382403633
60.6502393831534,0.654228995424113,10.2463400317302,0.617668233317865,17,82.5131864883283,2.5169214835105,12.9045592600156,1.23791513254022
31.6719490888077,0.893249549755377,7.72055248723217,0.709102784313858,19,6.48872155527418,0.325146990174692,13.2752351827154,0.952712345621358
64.5881128905493,2.48897072129294,15.9339875270101,2.93442310737451,14,64.6546318829786,1.48282463724066,12.584093099864,1.85712601920895
93.1221562820442,0.890682016484693,5.34343182960543,0.916047721618788,23,45.6321789817465,2.36540273830978,14.1129286496926,1.18160129101947
56.9676829530934,2.93325344606408,13.500298847021,1.69399138583428,8,51.4710038942166,0.926625044532148,9.21982633725194,0.742829376868759
46.7889518007138,2.26129203284164,12.5240757033854,1.32841929202196,2,39.3783841257244,0.609837037686779,13.8232495219322,0.958089372876602
111.999183224283,0.885323415704532,2.23820733801104,0.323929556166041,10,29.1568616267774,0.838089958862737,7.61660090798329,0.642181425305634
45.9672063596009,0.93441798325463,4.07648710744279,0.447578159679336,19,176.97461045114,1.44584623330728,12.855858011262,1.18706747812407
61.3774681029487,0.695591798500004,2.04731473319513,0.332504854856363,22,36.7594353348476,0.490438058062643,7.44339826054425,0.623413699339733
89.954651531463,0.44003829573229,10.1523913273798,0.635514668331428,26,95.0163595105558,2.13551063678858,14.2255759694693,1.27096900384209
143.357852662958,0.861876390820255,1.906476577896,0.334685829771071,15,27.0785914133471,0.75094377308446,9.25630256081014,0.81542129863003
118.933670693877,1.82037119705284,15.4866985472158,1.60699710594391,4,101.330944070312,0.716967556107828,4.97510546253465,0.489372293494708
57.4656703572611,0.928853770545883,3.22277867688034,0.359019334175861,30,28.2516073043702,1.44573206499428,7.50437833391593,2.84074902819317
155.4792371221,0.876252561974768,3.29063864267497,0.367639344120372,17,47.4678972548734,2.45515435362799,11.0934771979113,2.22311341744098
49.186370177986,0.417294183403159,10.2641283071561,0.979476490271943,15,57.4622051300778,2.9674073955007,9.42621714785222,2.66691402282258
55.7229534313266,0.634194826582929,5.04144518993524,0.554379632346867,9,140.512196776968,1.53896276425351,8.58710588299253,2.51162238535525
55.6424408895008,0.814605358528063,5.67533967554515,0.720475301355778,5,48.3267032658283,1.33500803842709,6.59832795724666,2.78667660523297
43.8489074290253,1.17032576508885,9.16441526125025,2.01667032973023,3,243.815559869379,1.90195445681988,16.7613057774469,2.921712229946
28.0048805741425,0.421648089847976,7.19665510125515,0.790090256687301,13,72.0925683179928,0.584922917076231,10.5613315839503,0.960266957291846
87.6445287663149,1.37436997850062,16.701231811732,2.34498034752896,7,62.4988813853838,1.78449337895436,11.8102809535971,2.94995901130313
160.268637691075,2.46276904006842,9.49233406777959,1.22761426591734,30,58.2005073197348,2.48571688071586,7.52300656591059,1.18987580161755
20.8606633061952,0.689616216672129,7.14131408534107,0.957520189867671,20,48.2303133807557,0.498483305110964,10.144130284477,0.687803232050461
24.3265105538924,0.771660490341509,7.71632494785863,0.90798815736269,17,182.447376635275,1.15956356025213,16.582906292022,2.95284828616845
17.5771946644995,0.822846240170026,2.03581712792391,0.423040834890928,5,71.4278788349878,0.545780735488455,6.86982431317607,0.525155099302018
113.107564050287,0.924726933333855,7.72309580000685,0.520158954530258,21,24.650110589313,0.540023923756776,1.78348454733943,0.327282488153116
26.8008460475318,0.744468378210751,4.2190151869975,0.454272822122635,8,65.055981780961,1.52366626237212,15.8532793277145,1.40981035026017
158.147251399397,2.37553859686946,12.8850259962385,2.69277753916832,15,67.9922281822532,0.952480432414404,9.27876429163508,0.620318623062042
20.4224779574717,1.45238177856586,5.94678872480562,2.72802004465568,1,26.3699003842149,0.787239139700261,4.16375623464709,0.609240569358423
60.764475285187,1.8625659086871,15.2365114204849,2.72005718938176,4,116.66769108326,2.89793547701564,6.54196392107866,2.47994429846107
67.7006034316194,2.37004555584484,11.184287693687,1.89530317704678,6,24.649941843929,0.530944154579714,13.4730006837878,0.926985456399332
45.4150496738331,2.04693863078683,14.1359632242353,1.77403128818386,25,30.457293388208,2.9410897737291,6.9793651007122,2.89152977519255
159.269698776616,1.72520551453994,12.4253182459692,2.92749056545339,5,30.6017834680254,0.3187460145435,10.8724222263935,0.839037201035086
18.9002467822088,0.675683342856132,1.19086535358312,0.324750503398658,25,44.9621462012072,1.01467006009713,9.53224513377464,2.08989143139815
111.190952442947,0.900166037095113,1.43721752627654,0.337486267564107,9,18.802528725153,0.591042048855578,1.36497294185179,0.340164250573461
121.610877244366,1.47237285789813,11.1158797680525,2.13810241600557,20,152.46098016696,2.43803962124447,13.5821415565704,1.97876587646832
29.5328628921407,0.382281503081549,10.1399036170438,0.656915794941053,27,49.9326443320061,0.858377831233234,11.2757422055976,0.977774368768053
44.9721046156174,1.30580503081463,13.5537919587194,1.68009309141889,7,25.8078299345634,0.640857353999531,5.37551856791639,0.610649208157701
33.7614569943297,2.08263461554115,9.53217805540039,2.43037854427357,5,82.5954756301002,2.1142941884146,6.26186595257613,1.61456987644107
40.3845927934108,0.543976735630582,5.57703721432884,0.620730647397961,22,110.48513580549,2.23796804053975,15.8068780172458,1.40677669512124
27.9637422920599,0.750547152715789,8.92521774259199,0.914032656089256,21,9.41899811078062,0.396677865863603,2.19494724488421,0.364354396623907
71.9550579308191,2.55214402206126,8.5690924897985,2.44176021566114,7,39.8266381037041,2.99922098800745,8.09268868655395,1.01350488353722
51.5646494439799,2.53408699123443,8.7068847379298,1.27793838430033,22,21.097795161803,2.546222580597,6.42061935382861,1.8579210875327
38.6284134640157,0.831847583803497,9.14303989707408,0.765476300957576,7,22.7234134769599,0.989394554924556,2.35651806144652,0.405736309598888
169.19891046643,2.52306024109183,11.3720587507376,2.18325078885134,1,17.6018609056009,0.422320131994986,10.5047731189807,0.994804117390631
102.793727634388,1.28422694003308,11.442137213122,2.4949338311672,12,20.4927427988218,0.609207645657311,3.97228465383146,0.56380639636025
10.4802683325389,0.327388990577217,13.9429784637881,0.978555934659722,12,66.0566305051156,2.51302613110911,11.6417589113998,2.80870177486629
25.6545836032515,2.23938110552576,5.30589258177764,1.18356333237191,24,126.147692213585,1.33001552016682,11.3053227395848,1.11391426436832
18.9781949030204,0.604951412199447,4.85742246606529,0.81379980373632,6,51.3008142017795,2.38622242961524,6.3399004718434,1.66779913625039
26.693030539366,0.605396220304061,6.02873181824763,0.682757834351898,1,106.111733888471,1.49737011648023,10.1084864223162,2.20911947475742
104.307026736437,2.96248368237046,8.43738600886008,1.07047634722679,25,41.5338266973093,0.577124279098842,9.74640169275131,0.86238997431057
21.9547074550208,0.459009543569033,12.1502974585038,0.748665077458796,23,35.5221912873331,2.30683834626486,6.63123822382463,2.2544102844559
62.3993017391485,2.86918914183354,10.8582113799207,2.20243122177579,6,56.9597831791398,2.24227667007387,10.3468335400439,1.35805593235618
40.0958979276288,0.603698154515141,7.23551992926699,0.850149954375056,22,118.891346002576,1.57246915582359,15.2933974597839,2.92185896224465
59.0972041553769,0.438977473165401,1.8932693012566,0.33294614718144,19,31.6345762492059,2.79557332296899,7.73227405405688,2.90654543340655
44.8656394512477,0.964675424834219,3.5263870513726,0.505910426324581,18,19.9252223674745,0.414511358226444,3.40134879720746,0.413738271996537
43.59675701728,0.867647157911085,10.930926171163,0.703369852655306,24,61.2663638172244,0.854780719762977,3.15287215725608,0.362363670136977
47.0227161599426,1.38136848983178,10.2684191071046,1.30539750834633,6,15.915071558477,0.416721447724457,3.50477137486912,0.415630148990499
27.8709380339378,1.56250822859564,8.13430246185117,1.76094067365432,25,36.7878663615032,0.743345672082593,11.422079965748,0.788680523980403
11.4664569838912,0.444859472762939,5.39747092219765,0.692777481130613,21,29.5658004947067,2.72665752868278,9.40243690099779,1.77027429394511
21.5549624078725,0.449168221873202,2.88905467758016,0.373721578132409,4,36.0839573005991,2.59467382371569,9.99520872973471,2.29900835825784
148.36367535066,1.98036766191149,7.61241990080905,1.17434486675594,7,52.0147536689024,0.45917236666113,1.92833447355811,0.338062024603675
96.8582112718121,1.12157733187855,8.86140232709534,2.24338834864418,4,34.2152743165937,0.738712243708951,3.69544983114738,0.56796832657069
123.665608401668,0.900495621774096,5.30176050408233,0.447061305988131,29,147.754445249093,2.65973616506736,12.8791584646475,2.83370248779176
14.3036677220106,0.436076746531069,7.79866610872995,0.605842970807299,22,14.1578793128547,0.456777532374186,0.924539688229163,0.317552021357334
12.3255772158551,0.434008933273833,5.54950883477341,0.510153200666429,25,28.3831177318837,0.671196637849921,6.09291702331283,0.772017514951522
148.021815475452,2.39346092260854,12.3829856452196,1.98887015693721,4,27.8575212212201,0.517297905276314,12.4009512720958,0.747454384690034
48.7566206560229,0.564080444159016,2.68922978300607,0.416093447430647,28,11.8244557233236,0.440943570895429,4.82456046732231,0.605871025714762
28.5113402098998,0.805442735691731,5.13773406866628,0.715983375251196,1,52.6940036271657,0.984393907755294,6.90289837914443,0.569626419598261
29.173235792179,1.92303943099601,9.69471943178654,2.02383340832057,10,193.623006729742,1.18692905603186,12.4812729353998,2.98676651745191
13.1534033395609,0.430426897246392,8.70792198158165,0.692831904581904,21,116.681461525695,0.815688506404028,5.40505835501735,0.551255040829616
50.4262046435991,1.93045091383576,15.2327173436561,2.51974444645518,30,161.834577404327,2.95844885925799,13.3191728006093,1.50391408362406
204.715742573414,1.64017922204185,15.5417869198096,2.647563519669,22,82.380722074253,2.49917679461849,15.8229337438289,1.64141846792116
28.4280409459297,0.826532971154623,4.33260054980187,0.623816276552053,20,33.1297710032498,0.818917089440765,7.64975991078016,0.63452739996798
40.7924705262426,1.45099331434674,10.5104650135907,1.36837611588238,13,42.165900702608,1.68703841800393,11.5592297709538,1.20430076205939
47.6558070701404,2.7356294317025,8.4202696105045,2.02415777650839,27,33.652556688286,1.97944755784547,9.49261040875425,2.58798643682788
84.5310682538422,1.42131015022864,9.82846019731609,1.84569324815089,25,11.6952428959213,0.483444125552413,7.53835611544285,0.99398471996714
75.3700099460467,1.44551562803011,6.64641670424816,1.2247615130172,21,46.3645751546552,1.87636671268146,12.9838188491734,1.04393786559216
47.3854146213717,2.56667698674279,12.708640805294,2.1000368466168,2,52.9993727065379,0.615366055011311,6.07970038530422,0.525455867186688
20.2578539477977,0.486641690808973,8.31375169243184,0.8003436567569,17,29.7320474639196,0.714642061888125,1.81079020182287,0.338407149931791
14.9041781358543,0.813265084061772,3.99591223874965,0.65209481310802,19,73.7672575933618,2.34367529700052,7.09326056327109,2.58971951132946
68.7269437180175,2.18337170723266,12.9109140502794,2.1060839378295,18,16.6059558740838,0.520694580120182,7.21860022812808,0.863215388258616
132.416548774033,0.642655291078626,8.19941244916825,0.566089638340909,11,37.850015452195,1.48095005950817,12.292649681639,2.44809604180698
50.197921796406,2.22351761659494,6.39894961520896,1.45338596147323,20,96.7050437753395,2.80142831047464,7.4290919932687,2.67994182230646
70.4691103363533,0.468386417825966,11.840843015433,0.78591805143981,5,26.0768511944111,0.491795591961883,10.4709820324891,0.801873818152123
91.3085166873399,1.06082435537405,7.30534155649418,2.06463343601799,5,20.2348560058559,0.649255526718103,6.0988044225151,0.798979325454086
71.4432915774211,1.69660110837514,14.6966844632104,2.53057995467611,14,75.9890755414115,2.211800670129,10.9076287509369,1.16312626736193
62.1151624312499,2.55472752958272,10.2688817245999,2.04645159028274,26,71.9015091169115,0.895796065637144,8.86252169235147,0.756301742529783
74.2261247067713,1.39035455677196,11.3417258638056,1.42749021682112,3,141.747703849717,2.36027678022963,16.2049795995066,1.41156896942047
61.5212224287742,0.59515871822389,7.47429661198995,0.687781570650744,3,52.9466956547202,1.97803205893997,14.738103082228,2.90255748672742
47.4551763479652,0.412139725242354,9.77504729783084,0.719593543605833,20,30.5370317133325,0.514201769479311,8.40528138405308,0.826638680473192
130.029264097876,0.793300678713171,1.20564999702487,0.312474290123743,15,10.5225133251842,0.503970414039131,0.61549432320843,0.30796537652119
25.1989286072723,0.682907306043514,7.25637240651106,0.803603922705486,13,40.7297184288151,2.21446100135745,11.5706936837947,2.10096457591711
57.1824441533808,0.660140164325859,7.44946882056713,0.587179757531261,21,213.832756206809,1.05496944632498,13.7905289821982,1.34021963884545
117.205513369894,2.43471538879617,7.50095662775984,1.49724423524054,2,53.6486240211337,0.622016332466417,1.65604318442155,0.383282825519791
45.3108128355325,2.47406002945962,12.7907522115618,1.4211275014487,17,38.8645622499488,0.777790070407226,1.40302955491972,0.342949478037006
55.0006632276487,2.41427395900952,16.1978219229431,1.97445883016636,15,61.7576174860485,0.976955974407222,12.8511637958937,0.97845323725099
62.8098338591789,0.937719660916164,1.78736821967956,0.367817060175779,16,34.8484778994435,0.891023592594793,10.695288180135,0.91228268448845
76.6561700488603,0.878529735378194,11.721783938626,0.765976343276039,24,21.1402015717937,0.495346359462344,4.87578637417585,0.425532330546783
36.6194260412127,2.71465965377712,6.30766771860463,2.6572006790513,14,33.0198738217101,0.363374541424075,13.6719796131136,0.898533210598679
5.04678109596634,0.405509993976994,2.9270175957249,0.528961018435353,14,38.296902538822,0.731110460287663,1.47711725186716,0.388119795266182
82.1095144670904,0.963506957351546,8.68718057950485,0.945014796989032,13,66.2596815244113,1.44463490575714,15.7696822926147,2.7938328719164
5.05632451061908,0.320932449776244,6.58192080933989,0.546222417917083,14,50.4316137797799,0.843139862014468,4.85109829561286,0.556947074037998
126.661860539766,0.906067917960612,12.5153961422683,0.851074779634494,29,31.5379311732387,1.0402301435886,7.0660513264086,2.87540955883888
15.140006794532,0.864979008071867,2.30804193233157,0.478878710914905,18,96.3097609103962,2.21151857275534,13.7890030987156,1.87049735007748
35.4588171014831,0.874916083733481,5.28931201704232,0.789568210006475,14,68.2618524821864,1.14009264103509,9.79234599975704,2.75814180252763
120.825755901734,1.134427088163,15.4084726830245,2.99932656242976,20,110.987131137232,1.41985212121598,12.8997064764349,2.54970737529881
50.4616986532363,0.368178707588788,8.39560768371976,0.604297801865315,29,41.2493192533252,0.442277320156772,6.63080435481248,0.630989617296817
8.40618815697204,0.360352165892484,6.2148350495318,0.703844396618865,20,73.1683584551041,1.35159789732785,13.4905738255887,1.73629088827976
131.723372914563,0.802020593505441,6.93539030930497,0.702879992660418,18,59.0183377908826,2.22460263931609,9.41286366270707,1.53026167901651
45.2521081276447,1.3824606903921,12.714510079474,2.99784689373954,11,16.4050545243632,0.482001410984906,3.70041525515762,0.454452936430263
40.8971151188206,0.902225559383937,2.74767391023643,0.442171392589617,14,35.3849225670076,0.576181796839299,7.60757998483291,0.907422394032565
85.0988332695857,2.9328924992482,11.8621074561633,1.89917202306214,26,21.1805184814332,0.78355960726827,6.37136044343197,0.9029381741348
26.1694123177382,2.64793206318534,6.34588350406855,2.71654288065499,16,117.718904500128,0.985428620417254,5.24619109656886,0.619563617011477
99.5080855828494,2.72774160164687,7.11043795325102,1.26895866153372,22,26.3401431596759,0.515204127620121,8.71968720836649,0.868938602236973
110.121424048667,0.985204395211094,9.00930224293183,0.647035934677014,30,42.6659472592583,1.10781078063878,8.87015295481848,2.9508391838192
43.9820076034896,0.668079898527764,10.1081181017383,0.726506276675507,12,77.7990606285603,2.80536087104681,12.4275541124695,2.21204230784779
19.9685203533894,0.324034571988403,6.70369358062197,0.633799286245514,4,55.3352917776341,2.41473290570622,15.1391599600587,1.12814071220714
41.3087016062229,1.77254482825085,8.86773351161911,1.62061594729562,26,103.349710918522,0.613742720119361,8.42158786505079,0.653711266173747
6.0135106363704,0.336266812606043,3.24077718458327,0.418081655853447,27,150.951079151043,2.5454236758259,15.9860594021885,2.94359190095962
23.9390309178566,0.723329660677524,1.30481197595343,0.352584875559234,5,81.7682937537794,2.5586357345587,14.2346202256233,2.67913967794686
20.563646908882,0.604044160555535,2.08814737999694,0.389380660453625,6,58.7180977264828,2.68636058424276,10.7113043464293,1.62518539920459
43.7101302260359,2.00539687289999,8.3227591929553,2.6359743570645,5,43.6567815119137,0.730257774171589,4.67347251848481,0.609531074709418
79.2404150573782,0.658602374150407,6.13452774897979,0.903868776914756,13,51.3164157904965,0.904837321873398,7.14815485526115,0.565707917453977
166.575110822578,2.73907120937377,13.179663183264,2.33766505674948,21,20.7079963567897,0.311896351600386,7.01477563103048,0.672862468634235
27.8880337364004,0.656779113380034,5.44524500470138,0.516491357231671,18,54.88131550298,0.440863678523305,12.191576319942,0.811341671595278
24.1520409267413,0.536816571894484,10.0043095626036,0.724805183027064,1,102.118765499742,1.61382718875109,12.9960875949298,2.60423873579444
75.8734176398032,2.31190148275369,9.70456714117612,1.25363360665194,3,48.0259535419226,0.382193811747421,8.92706742717458,0.573505255900532
64.3478770076361,0.986379573188262,4.94673464759161,0.792613187128369,16,116.896526295087,1.85054059927655,8.34788984160646,2.75583901661453
22.4807105507941,0.388870287265834,8.72698888217662,0.707145852285947,25,16.5443814756949,0.490456442099705,3.21211305162639,0.477955948980013
53.08056314494,0.651324564378083,5.88565663109204,0.618102154539877,1,54.8101887020529,0.566546918515309,7.79183621528319,0.758567073909709
44.172075650932,0.587973883346794,9.22077944474524,0.752740326823552,7,10.1871625110983,0.31806885187967,11.651219841363,0.78508249497362
40.6863332666199,2.62225418600484,9.82562113987568,1.10876105855372,10,41.3943917385146,2.62651046287661,10.3288320433014,1.0384500517031
28.899652571957,1.49560423453935,6.539979700096,2.56581890135584,4,47.6002546586875,0.759137311171835,2.75975782530464,0.372919838307537
40.7515791627679,1.50442704159019,9.87429721800308,2.13307114319099,19,157.423374269904,1.06572759381357,14.8283382110666,2.06311752943633
63.4684832312167,1.12697897592309,15.9148061694729,1.93546135467531,27,80.2271137636614,0.53002815715928,9.38190998799474,0.635257332382603
29.1952701270454,0.740414215502745,5.87667219807724,0.530945142593846,29,44.5818923531584,2.36739089478811,12.9264437640753,2.64372963742309
28.8192164445233,2.72599835941263,7.25956810281102,1.94784832084559,3,43.7184082875821,2.72197514347397,8.95091530762885,1.55748400948255
56.263569224267,0.923282937789905,11.3011479654176,0.896697617932753,1,29.017603571631,0.65275664352846,2.03412429562437,0.377504992360486
8.44583860135676,0.376490422429668,6.01800126437399,0.791090722874166,5,23.5893725507458,0.741318614593752,6.29368081201228,0.90397335353039
89.8009235681734,1.28313951660044,14.6521410273277,1.56024690828929,21,37.106345557293,0.447615897456051,1.965790253336,0.343715085653605
53.3471535271316,2.34633861352667,15.8381271140035,2.00176051397346,1,47.7600532973782,2.31411882399971,10.2557537418636,1.30969525014151
23.6165260029791,0.57316543797745,7.79745062396575,0.571374035660864,15,88.3832022798097,2.41887967505086,5.86238238036932,2.94464678629033
104.994918536008,0.989567247839012,8.26267154307701,0.727366670931164,11,53.7831935076378,1.86420724170394,16.5262316434463,2.46564975371455
51.583409538943,2.28936781788234,15.1091217647373,2.43896236451338,16,96.9864020451375,0.874324637208483,8.20911225038187,0.885428144524637
52.1924376390769,1.35195983668743,10.9125737570014,2.32023244093903,9,25.0491507928551,0.500332124439606,4.6336022123512,0.444081809008414
15.7961498573735,0.7016658265721,4.52181007570196,0.668024530716038,17,64.2198913899572,0.623062091451987,1.38401526235728,0.324750550714942
100.348861151828,0.786911310382366,11.0010375810207,0.829522768847799,16,50.6279273950064,2.27789917021214,11.6682950397229,1.01298012452605
46.7786553971884,2.64823876812458,13.1333539401241,1.32643804721976,10,217.416904883867,2.3209954825911,13.0750946633938,2.67730723359856
18.6525344762688,0.357417962018285,2.91792516450726,0.381604376200657,21,25.6654381028048,1.84203184672839,7.17489449147957,2.60043138148357
28.8147900660532,0.579067912467846,2.86195625454649,0.357144077255605,30,119.389704123172,0.91113828584888,2.33304587083187,0.362045332808819
21.9619008539931,0.452268981718504,5.69111714799058,0.551710253372442,15,116.598203120018,0.62634190765317,10.1530309915847,0.964748298811769
31.3302928591022,0.430994250393402,7.6996962648828,0.584166945358201,21,61.1098585437456,0.922512834093109,11.0387182718487,0.709611475624903
40.5863381389816,2.59635342733722,7.57200922916264,1.64536260533477,23,47.0887699023,2.45163933339744,13.9406094508289,2.72768094041087
26.9729196977704,1.08862767675335,9.40980535827487,2.10799967223456,25,35.2667637527891,0.995656515247144,1.97315454940211,0.437346952546796
16.3543084222369,0.954767314712669,5.3908165734236,0.976034109606858,17,49.0879070627329,0.949159734885401,7.29514422753095,0.906762526002428
57.3208964919673,1.8834485896075,8.70338331888209,2.94488030331271,27,41.8527722180681,1.44376725930683,9.40493165231042,1.13869131063901
23.4394722089025,0.463714754410474,1.76391463828217,0.341235967939897,16,25.3985900668803,0.984117818807319,4.63692442064243,0.531694055404302
48.9300611195369,0.883939328846803,9.41311033636403,0.738510722580261,28,56.7936917340032,1.46898640948985,14.1100198837405,1.40497804268261
25.7462475451128,2.30547241684761,6.04846732245239,1.84574237897557,4,17.2818559053947,0.478679294707256,2.32387963492759,0.401240782682323
95.9985972927017,1.44034728021172,8.54777859316927,2.44717197763591,3,218.055281603116,0.991073911363749,9.58162711279068,0.627159607430457
192.114487641309,2.91755897322121,11.9705017806525,1.10218937513687,2,22.1547775152002,0.515810327776283,7.31823264569769,0.746547073985185
193.127003767186,1.61961060092837,14.2932741014432,2.04256407673177,29,14.7830065366452,0.374214173303951,11.613639702553,0.757602070225011
103.950370115668,2.06877929229089,15.7320972872431,2.87971438235304,13,80.8869379676752,0.732830839459951,12.477712702154,0.928457066931934
28.0222665280938,2.93586152216303,7.92712642208492,2.82042923623189,23,94.8021516033488,2.10289844352691,8.08630841098073,1.25387509505478
39.2334333559815,0.540271226995265,7.93636516441092,0.538861977444407,1,154.561693824613,0.905168288808388,13.6795951091437,0.867109706846583
82.2504237872988,2.07272495526144,14.5135138257416,2.0624726043573,3,87.1844446910875,1.33138325915592,12.0675470487182,2.5094362761162
52.736769887061,0.770739440402672,2.5965916803618,0.369862141503702,28,8.36345410474849,0.463825768970266,4.05903002236635,0.629578171837918
52.7001258082913,0.719442647471916,5.79149344750061,0.953484872099765,30,62.5301564227579,1.59887458086212,12.5935795350522,2.07535002514028
25.4495335852105,0.505686013431959,12.2602056504542,0.816921591115078,21,37.284685982737,0.494622672928419,11.5716659667135,0.975621007425656
69.1330172755695,2.50925641362812,9.71029686503435,2.14712483722928,16,42.0497348166198,1.51359428376914,10.0000118374758,1.19937724058988
38.0263913116497,0.753713971724672,1.62246846861423,0.339352392411946,20,179.356548151273,1.45619312094627,14.2193381313411,2.87099265323306
41.1304457657957,1.15759400553025,13.5355974549092,1.11720798124057,7,19.9060073680388,0.675343488257646,6.10693263909224,0.678595057043608
103.495577058371,0.492907804512839,4.23066812013915,0.422957245135285,11,40.1255600041657,0.707696224441259,7.41670958655822,0.530589168659136
118.974279130242,0.91089815952791,4.73252772591586,0.471862406054357,26,133.910755297173,1.81517656763642,12.3858708837117,1.10627386961566
92.1873871947421,0.767426142804218,14.5527974207169,0.95385516706638,7,36.0198437378881,0.895960654411401,3.03325054078351,0.560396611665381
73.6296813600496,0.991723500782883,9.94018240181015,0.71284919545067,4,187.977363451001,0.672099461580737,7.42744740873928,0.515488825438217
92.1209754258634,2.32411487687205,11.3197339237385,1.02569289147982,19,73.9092618383078,0.972169718343056,5.78550531223444,0.739112246746798
75.2218246276371,1.09016642424328,13.8462663127731,1.9696244646457,17,53.8942866262117,2.68402927495202,14.7726927645237,2.16624892511672
33.6839994313272,2.36266679445795,6.71330896349477,1.30055653615532,19,22.3566602485569,0.580286943269328,8.22754324720261,0.954868360301715
174.428636744974,0.707248169732996,1.70307899675042,0.306421471313247,20,59.4990491381455,1.02578729913799,11.8564557423591,1.39024932553177
31.0800428147047,0.914767523823658,8.49556061081292,0.813081966930743,13,53.8353801584796,1.91318203577811,16.5678223393987,1.90817473307037
60.7579546785803,1.69189470987694,5.55492242121938,1.52548936221124,1,29.1976135010359,0.911802290539917,0.962615265098045,0.337949892888466
50.081231209682,1.05813685647817,16.2491798088977,2.27790219300123,27,39.8681275795421,1.26514041222103,11.2812131297102,2.03946513969325
50.7526211333025,2.70539171465598,10.5840285553671,2.22085713823347,5,26.9517765756497,0.955706071618448,7.31505104888187,0.759138413418706
51.1253327180388,2.24174769595064,16.1078830992048,2.61669214240174,3,109.318349112343,2.10890067219994,6.11561792648753,1.74071258699384
38.9689460335405,2.42010476476279,12.6448936602517,2.13470965264744,28,24.3996725644341,0.544543279737285,9.02153321684055,0.729192702053794
98.4828850926931,2.31879576009293,9.6789486937175,1.25737174595769,30,80.1553352193696,2.466334732971,13.5882564565836,2.52664442384875
89.3525779685467,2.82076921297723,6.43641725657245,2.21075327651558,10,41.529308313105,2.48092730347137,9.34567330080665,1.0791550801243
36.2901813754353,2.63831041095528,7.86197627751845,2.35666126091177,16,227.336263808891,2.67198523933893,12.4462612229012,2.30668508339138
9.41043034663872,0.385985355207591,10.8837315534931,0.968379498069393,23,89.2268407212768,1.19083305530502,11.9855721146771,2.52747942230746
58.9898320183116,2.6934667166246,10.4807530156642,2.63454741442204,25,44.2153307220192,1.94341458508071,12.0037632039508,2.0912825328581
67.2233753039463,2.60799126750273,10.3215832921536,1.84061548450198,10,26.6616310804839,0.882690149844221,3.17643360158361,0.51378550610487
59.6924530503798,1.43473513309219,14.790629956301,1.87369132152067,30,45.4972582710368,2.60395275452973,8.76854586077921,2.40213133480443
88.7825154737397,2.61440917431984,9.3657126260381,2.60900638423899,4,18.0838163876755,0.549590002573832,5.40950867919541,0.538728144329504
36.8280429671903,0.940870791475931,6.81912533470688,0.608896381018797,21,36.3642375109199,2.27718586141399,8.53013125500967,2.91986453013149
21.4356737060623,0.740107839079231,6.82204582927887,0.716885835755979,4,29.0489601262227,0.584974284562719,4.3186879051798,0.427688485735922
119.187772679576,0.829545091946532,7.28733239790008,0.671395372609673,18,198.186801371377,2.94206112368066,15.3220183271511,1.27683711082523
61.8502688250062,1.53547687994896,11.1542898045361,1.73499660213049,19,155.427637380522,1.49945783656783,14.8652109793033,2.1266812682612
74.055917713378,0.678718077175657,8.9479232245284,0.695253200962882,12,155.350959606431,0.807235556054135,1.58876891105032,0.324595981144459
44.9519507930013,2.4176398634447,13.1194626973205,1.40356800096453,8,112.422325568536,1.25797113980539,13.5536205271219,2.12696330609563
89.1730491788518,0.728491928217947,5.96618597510397,0.546840669499456,21,62.6753407376816,0.818664441097413,5.02857305495161,0.633758523532959
71.9329772011346,0.85825848774197,10.1737318753244,0.687919791114621,10,76.0765007356918,1.62627315933178,10.3681594794039,1.64624926702784
56.4327343454988,1.29701554561681,15.8965043959822,2.63450426406106,12,19.9677861839484,1.06428180436344,6.68605140085486,1.14030786865087
32.845083438623,0.650701651885413,13.1571034212549,0.925439678918655,3,30.9158403403751,0.730029290752486,7.16674856126866,0.567881000354641
60.7717159964944,2.83670890250746,8.92254359735392,1.28260942046336,23,98.1953772424833,0.990115062098709,6.65893006586603,0.60210471227097
173.941290408081,1.68883638524837,11.4457907598447,1.07045152314632,7,25.9564118727649,0.599562925573469,5.70797187062666,0.691224548301424
13.0647749362772,0.48966795583286,4.68158349148143,0.720938162254706,22,27.6105941750251,0.947144539460256,7.27863825463509,0.840796879814051
27.1284769471192,0.815988261528174,3.66353941843666,0.620339565779415,18,42.3434244556506,1.1204274388336,7.44187387094931,2.83744237264747
202.663723561439,0.887641211645484,9.76392594935767,0.618500496788618,27,106.805940837432,1.22372693270527,7.19067967672472,2.933236062944
42.0101383858085,2.36999860128963,11.9394771279793,1.72128818117492,10,46.0811945974228,1.77364133343594,12.9453952336025,2.10063990262413
47.7212995864432,2.7865187065588,13.7936138229082,1.50846361188628,20,21.0446976072379,0.488261443656182,10.7058644269689,0.735959462624205
55.7002099206124,2.7369211062073,6.53680931761246,2.26005005349393,10,85.7746309509636,0.619523283506682,4.89866787333695,0.427620395441599
88.8187132180848,0.616403108105863,6.40110052479037,0.770944932382966,30,86.4957421050145,2.64641452936985,16.6384784613505,1.9560684600972
48.3414635556313,1.21145525216153,12.4348464851781,2.90672105278189,27,28.8265579794345,1.30007735449319,9.06761445609663,2.84066704296173
17.5323288646038,0.524813253905716,9.54691925969077,0.873680278726785,3,122.194936716703,0.980607250692769,13.1334178983101,0.811246741569208
96.1150526620783,1.51460334281978,15.3864207504741,2.31607369828636,11,159.642286270587,0.848755871783742,9.49275617300788,0.752359867204519
103.443703146199,2.45463324907663,8.11667397839935,1.5637361338169,30,60.3631440426174,0.750126389616452,6.77626808421455,0.590610460451552
52.1244284184741,2.87000896882151,11.8893939293727,2.14986141929369,25,20.1095169083717,0.329667945404046,4.12844381318371,0.529717552562983
57.1193115755822,0.852428405983812,7.62151192209222,0.860764174490781,15,36.6528160552414,1.14392450107285,8.52226239268145,1.27500438535618
111.438043741487,2.50027715364831,15.8218016386317,1.30263003906582,13,33.3857421736619,1.22344936523765,6.44618993362131,1.80334784033844
9.71711073059242,0.427536306433057,8.05954987111163,0.971755777781195,19,131.203766623234,1.52871593672131,10.5685338416607,2.14188622283019
84.2404999390283,0.876412932616581,13.4273918552575,0.864365543209338,8,21.1537907594076,0.931538201371264,4.1895555943694,0.641708800796847
13.4686531500753,0.697795149101308,3.89973487482837,0.618698719538676,13,53.275304777679,2.13333901498931,14.4404800761501,2.72995433231277
40.6854385449744,2.47606001113278,7.40514800551464,1.77660568667887,11,36.6758715073381,0.428536499285627,4.79510889807638,0.493701118591506
198.513764329865,1.16490207804483,12.5319506781091,1.57277986866252,24,32.2584455255,0.737869694388823,3.90311311949243,0.429483494624957
79.8373212608479,2.37198193600938,11.2870514089348,1.11883012396859,3,94.8089285708345,0.83747714708232,4.21628080677832,0.405543378026657
15.304049542788,0.300130615414952,5.56697125037001,0.474150763231229,7,15.2075103661106,0.30172432633076,8.26656014314727,0.617391815318399
32.0506260273119,0.402145777720264,11.8965142040465,0.887571071458333,11,25.5802465085695,0.652530708575746,7.66978625877899,0.976606155730277
46.5434773977066,0.615367209821951,7.32294261037091,0.57261301188175,25,63.1986010711028,2.4710168141731,10.4233302622121,1.84171203364338
9.01154920910075,0.301791796737775,8.40495707253419,0.916647771724685,20,24.3178065455639,0.387808120261603,10.0564667294421,0.960057520934958
54.0650398905327,0.765551890905557,6.03837693483502,0.503177964959313,24,23.9175004736393,0.667229079555286,7.15310351218119,0.758406415487565
219.473166544883,1.17595242564051,13.0851570194126,1.8620523904112,15,45.9351058448794,2.53050752619631,12.3629281945291,1.80275150330633
73.6972514881088,1.70492352931373,12.8548191965124,1.91929949388222,10,85.147543732789,1.38768845698559,14.1288139940437,2.06417340033587
50.6809724272708,1.86050124335622,9.61479175877582,1.36686900623759,24,46.4887721305666,1.70279340459861,12.2561480067728,1.07532570222647
44.435647771929,2.18387969058106,6.91335110867484,1.01916574392194,2,43.7979390969715,0.661544695197752,8.09199754317952,0.52877061330018
40.894987683018,0.869571154448333,10.544718386129,0.871256608320493,15,56.0385761242634,2.79975791979282,14.0478822106958,1.80347055768743
58.9120219608191,2.88655399940868,15.0289036745854,1.27861160019669,11,12.2862592559913,0.500226685562116,3.86153080297508,0.676338047131474
27.5105931637947,0.584098501808618,5.02064162787605,0.462742184656577,15,58.4980531270449,1.22509189416486,15.8025785152507,1.99023065108192
41.0167808699042,1.74449365048475,12.0644124708257,2.28576585170015,5,113.805366885934,0.544597077013117,2.42815423873034,0.333747864417402
60.6928232481058,2.16966066165531,7.45183386479477,2.69220492443903,17,95.4205400561665,1.7238939991928,7.24761276908745,2.75268332921789
52.9888017104388,0.763985453314115,1.36975776348119,0.326544005873084,14,43.3257691753838,0.97736378852396,3.59810562361991,0.40627679272831
99.3266819106438,1.60617289203073,15.2338477497643,1.37148351830049,2,23.3653239549512,0.555362644142461,4.91594890638517,0.8591787914971
44.0649879427578,2.13152357600757,7.3313777729839,1.48956949734245,16,56.2056814652699,0.88381768123497,13.4707350618573,0.948288917483605
157.407068636251,1.33813818056522,10.9053890596722,1.30099272564754,7,83.1073306417196,2.39728752864694,6.25068248240897,1.85390128387036
114.22232823207,1.36566003992158,11.2851079471869,1.15924732191352,5,74.7810044532931,2.39905334460658,16.717356643282,1.89957353332816
25.4483259867585,0.655083890955682,5.18390544558823,0.593468191836732,12,40.9494483152753,0.622098718577543,9.92989488023904,0.801533356315783
33.364532828686,2.0921604971225,10.8674077218415,2.28983442538544,11,215.785354261686,1.69306227271566,11.540674022946,2.18832575552359
60.3300879707878,2.20443978161303,14.2089654404919,1.87189150871352,29,58.2789071623762,2.97335942960548,13.3619787793551,2.55127590203823
37.802720639613,2.61671387764871,10.0381177235324,1.37136033017348,28,23.6558976792039,2.50188117149204,6.83018878370412,2.92485408093751
273.54300088211,1.51139480777072,15.5633008463704,1.93926592470811,10,28.9332084718929,0.833840683978277,7.32034622119532,0.796812308852639
32.2707036006019,2.86760939713614,8.78627946356562,2.05912940054712,4,26.8458739062697,0.448959500780989,4.56652536206094,0.779927217161496
100.273265275107,1.66372441845132,11.1508821194789,1.49314968048118,6,123.453600368751,2.98813467098765,7.1541939109914,2.7435806185782
119.894628074981,0.634606453809774,6.43698992511338,0.576990128286257,12,191.918257181804,2.80178075256395,14.0207555765182,1.20406380583194
56.0194555649165,2.76534453477217,12.3143010083401,1.95750014317005,20,41.6207361990995,0.85635338235372,5.57105116092795,0.44906138279996
84.8846194806993,1.39627143848392,10.7202816226253,2.54018435896149,17,89.7249468052001,1.18508462166498,13.3159928062615,2.74915330530427
12.0846867971848,0.48456131444781,4.75688422177175,0.70125590836992,24,85.3832316340144,1.44577880259524,16.5463681548675,2.88825227967454
55.2821671912888,0.564764462911657,8.98737053784856,0.981875081358587,21,10.709288334595,0.417662595855544,4.40078423900796,0.457885985342615
79.2456520454971,2.54195118180738,15.9061169444838,1.4862968452958,9,18.0973917705085,0.554472537669688,4.8859248892676,0.619038190788388
88.7658900438686,1.06986757021686,14.0197729428518,2.08290788160365,1,25.6293148213742,1.94182292897276,6.14238774510818,2.30142026581404
45.5789917565591,2.00720375274469,13.0983714721749,1.00857831633854,21,22.1563579540263,0.432451589824805,2.28403015416498,0.351142045744251
15.3590379275947,0.429691089465987,5.47970716730049,0.629620098367559,15,19.4747528406811,0.460506807344112,4.27054843142787,0.552362432709266
29.8599015362349,0.694749855974479,3.91577242865098,0.444187841379063,11,132.719368811245,0.912512399652318,8.26111825753633,0.907371642355677
47.983813082695,1.75654091476467,10.2757784817195,1.12648983541131,10,62.6627077271098,2.16283527499639,12.5590419061917,2.78402265494238
59.4557700780542,0.98096276280774,7.25520342973727,0.99552207989659,27,59.2192613282874,0.874249968965142,11.5420270839532,0.718715577145886
115.937937190017,1.23496125675465,14.9399665922162,2.41115104068738,22,44.2931219144562,0.898325935854369,1.1834313257283,0.318824335251992
125.185983292942,1.51050394103486,15.8592894559598,1.36417391899242,26,62.0156584907181,1.51809007133407,11.9182964272328,1.25382136789097
47.4739393310114,0.374834528808597,4.60496327853246,0.422892426862419,1,132.50584501501,1.07571555383287,14.8681015216002,1.99110807524505
96.0584938075894,0.549994800665812,13.1304499293435,0.829190401671894,26,33.7975983238806,2.66963898006457,5.74509970561747,1.24341866891929
40.1795663115698,0.876913888361082,9.28717304659226,0.59753548419478,12,93.3945330021457,1.06064919585641,9.93666337132916,1.56945720907166
15.9110676534838,0.513379415531006,8.82723681723926,0.824229263027175,6,61.9403121748904,2.25484028803957,16.3820672997212,1.37954702872414
35.4647674850691,0.749190963445547,4.62386119342923,0.651590543166608,30,41.2424812980143,2.60119133839659,8.874671913312,1.72873961441148
42.1826268099799,0.876868228025611,7.03078260264321,0.558300987189219,28,83.2319858254716,2.30612158795309,11.0623425123764,2.49244864363536
71.1527754226566,1.87012178880251,14.4217148448175,2.9445341624301,21,136.534744477997,1.75980365353513,14.6811846013379,1.961538089412
66.1010390508268,0.809928521443047,5.74199318516003,0.66739208839116,9,54.8303449304913,1.90751012055465,10.7758429194166,2.90343593962005
9.80302310873212,0.42140326712125,7.53423290342282,0.894071679339906,24,77.5544294065163,0.781101712966725,6.41199907056537,0.880138030800728
55.7628057920074,2.53171678059208,5.99978386506729,2.165218101058,21,120.237738252393,0.964658880356171,10.2058842868012,0.644156063715413
55.6912719378358,0.695161022725849,3.01218312644176,0.404272396303899,21,39.7781384645071,2.81468942147151,10.2871900005823,1.1844168717111
43.1631177265027,0.850884326742391,0.839180571801352,0.330851713601362,15,93.7402415198763,2.26903948966939,16.7743624354285,2.91637197553172
4.05985890381666,0.332810306907479,0.861289582856107,0.305250058062567,10,82.5609838220437,2.67940345458077,8.71677374673106,2.51667231318282
36.5643876834168,1.96199983208259,6.61135229636864,2.67489360779096,30,50.4327184066575,0.928350524258188,11.0770966931619,0.979863666282584
13.6852466064043,0.399230904470656,1.50659221855133,0.313713900431138,14,13.7206629014304,0.339004807419006,2.09895065546673,0.323711389008073
66.0166888621067,1.08910812076412,6.65371478138719,1.2393910715247,15,126.835361195508,2.15040394918352,13.9605615438434,1.34328548830658
65.3454935177536,0.86659201239593,2.68999182332303,0.378149251793692,12,104.891763400139,1.64129791862264,10.4829497679849,1.27974621113288
4.18504535768721,0.352605191742977,1.96002907714707,0.415101524600327,19,49.7329976545743,0.514806680974771,4.69833053204455,0.542048764589759
48.9023057044405,0.918570243947038,4.94469330929417,0.540221223095273,16,41.2079025952318,0.469523387944708,6.57686759751629,0.772564939379453
27.0546901502894,2.80069320581259,6.88209152126727,2.67741212257061,8,16.2218599430574,0.867546536043494,4.01849050085216,0.632951290164049
112.294578777063,1.42673836477997,16.7992574189119,2.60637799277134,9,104.606528180226,2.22627611872063,8.91196975452247,2.74809752832647
67.6700929330382,1.70767285806828,6.47219319887353,1.19139072064791,13,70.8858010191968,2.15435803890799,8.21219046601739,1.81609998235701
61.7543713804176,2.63317378336761,12.5206814937419,1.06007985495575,21,47.8708770620469,0.916409170890948,4.96399237912285,0.575572290683059
12.197658757439,0.349806886225407,5.65524869247947,0.510007083746323,30,40.8139985240407,0.566284915531111,9.78478076736746,0.980106008705788
30.121867723721,1.75555318007137,6.05208273957336,2.44871452533431,27,67.0855040910212,0.900996211424203,5.10661879266923,0.5059028466957
77.731335297732,1.34654002682809,10.4099945855685,1.00776787648669,18,87.6954427540457,0.826930176527126,10.5772879537012,0.852194113731884
22.424690454928,0.482564402357085,11.4915285820222,0.964504633637697,26,105.879296637611,0.870415352541652,8.00260816750004,0.528737541983149
73.958062173547,0.971804940135564,2.53474003810778,0.362538280509923,10,84.6414710988125,2.39304581423908,14.6275980224287,1.69535080778176
50.1804961500814,1.5351512921422,6.42892251479286,1.37175487766442,11,37.0511266589755,0.604076635258965,2.41268239487232,0.345688950633101
15.8806122357139,0.61581784321439,6.4513493036701,0.803546003091451,10,36.3142360567209,0.622821538658395,11.8867590520177,0.98314646862369
46.6113522365838,0.957936278163306,8.34462395151045,0.774043330590428,19,37.6017965765822,2.19382916580748,12.2996850856692,2.96644233823952
64.3679385436357,2.49048010347439,8.72992108266652,2.83943119182625,8,173.688849970213,1.92330189984868,16.688017539473,1.58606014541888
20.7108131277306,0.853490847257476,3.86043801113719,0.535412668034573,3,63.8786749177421,2.71724862363795,12.3939690057401,1.19859729251777
121.648718177182,0.649492643731116,10.4033460928849,0.864661476417478,24,171.601672128737,2.0130994067692,10.0925313152185,2.48445010783199
39.1882136939205,0.91063848725962,3.2398674814354,0.493212199931298,11,62.7758839899906,0.495146312310362,6.83121314244804,0.787182710178596
65.276915598027,0.81399170886717,0.700190196172259,0.308778805044158,3,78.3060638166961,0.710199508322517,2.96950003999448,0.485617803143915
118.566794214104,2.09530309521805,9.44962115304358,2.74776822366835,20,22.6121970449591,0.675288007023716,8.43772949002603,0.859513454310738
52.8506919683835,2.62080494405981,11.7220538023642,2.59309819259856,21,66.0828563026635,2.12835981747519,14.8949490419541,1.33461850417241
38.9351018580598,1.85669273187673,7.95414640852875,1.36567257716645,29,95.8710334300962,1.14021461525231,12.8266070027575,1.03221904001463
6.74308411861136,0.327842423852246,6.11277911043876,0.62670663996488,5,61.9453510618682,2.54682915937195,9.97823572222858,2.70165530156695
50.7633774106025,0.662159718266614,1.28544644304257,0.339371910162793,16,30.3753859854214,0.540414607956056,8.2223030959043,0.600312104758329
8.39202607521302,0.333292844494925,6.55676503870018,0.866125524444806,18,42.2333617011875,0.827160821708574,9.70007968138015,0.661360396011105
97.0247517302242,0.961861622441848,4.75412943029769,0.459666522203435,25,33.9985181922294,0.83420648696459,9.80996769211163,0.756171858726786
49.5459808196644,1.64948190478951,15.5995451349855,1.98563931304645,24,41.7340457119836,0.952846640433969,9.73387451313031,0.7777156374074
109.199016336609,0.588361779121788,5.46715287832551,0.542597947201221,3,30.9049013486837,0.725368238712202,7.08753653103814,0.881705011910337
16.8137299939393,0.524835285150433,5.29590043472716,0.64668298970299,26,91.3771692280284,2.58722680504628,14.5640233773438,1.82548728520013
20.951318295766,0.989871288007248,6.30160464507232,0.82779565892997,20,89.6546577723659,0.889172932141968,1.06041467486908,0.348670026651003
192.650650859334,0.903558781814683,9.57221527685746,0.67622989271379,26,151.480457834384,2.72914930591922,10.3104559501516,1.93624902557272
3.99283056482036,0.339808150399026,6.28375717548878,0.924844025383426,10,40.3977107448142,2.81996239568846,7.02070710381451,1.362365105444
20.8403618817919,1.72644746791184,5.56612592835294,1.53162622383851,20,40.4783258928943,1.25552068140052,14.0077592359631,1.71617935409633
6.47581231609593,0.336984512141371,3.4152771309761,0.429575927402153,14,36.500997244838,1.52781072356004,8.20825470545148,1.93149056701348
24.6226308230575,0.940582818218061,0.991914143785227,0.311075482662581,5,14.1375770316039,0.397686062334201,11.1777360818666,0.987514675118104
58.9485801966221,2.81079538868681,13.1348325283083,1.73905832119792,11,43.6791821442335,0.398129977126226,3.12957222519816,0.392063770977089
31.8116617190118,0.569769298666849,6.19798186299993,0.489409060481715,8,12.5541261971295,0.424042428647356,7.17258793621349,0.734820004961298
88.6675005037474,2.72436842220894,8.87623148776316,1.07582650999072,2,11.7994888575069,0.39733448366108,5.41056967589652,0.877650353629805
63.0590802620327,1.32167443496986,16.1246581545785,1.25860938400929,15,158.669515513346,0.65517059119263,6.43091029534559,0.488372632007789
74.8372865502897,0.981221942070015,7.71130185746389,0.836686471047788,3,142.070352262052,2.46264349843579,14.1361352876716,2.69508088568528
38.8206836641316,0.957463530143308,6.4511565750578,0.787139852429649,5,29.0405648135285,2.6395054493491,8.88410274740961,1.38131631051897
41.0745320583854,0.801164288950355,2.23285065069127,0.324081181071343,5,8.28451357700322,0.331887098728198,2.32657307758406,0.40296211477275
36.3548227900839,1.38761065377406,11.9428527051563,1.66435735500346,18,15.6032132953423,0.663247115780259,5.56281503798547,0.831470341399676
100.066571360941,1.94785582809108,12.5876991572162,2.7691758649662,30,34.3382921860748,0.630958188379694,2.72155073902457,0.345679958723018
84.2081421407556,2.8897063286549,11.8722253755791,1.17192284459439,25,103.060034847598,1.72373052369038,16.3879660446805,1.88496649543768
60.3212424905619,0.602502189833762,5.19426649497454,0.710714715915012,19,9.47758614326229,0.385239613473861,4.47053777163314,0.68415057650527
32.2073001496421,0.846553714099279,6.06773952608098,0.514471478489521,30,171.707020981671,0.923688348411016,10.5877111888585,0.920078435689948
19.4567748442435,0.544169001305871,5.64796690176327,0.51257500066897,2,63.1885209404483,1.06857863316771,9.24232981134122,1.24554076494467
95.2793947931227,0.48849732635142,12.1627165307077,0.970557342592124,6,88.4514045015576,0.636731832368507,8.82511430093535,0.688914709782383
86.5171011829475,0.66355163466002,2.2193929828485,0.392510753927165,19,27.0538145416064,2.29751398704598,8.64157209886136,2.16242280239523
35.8825877641493,0.923228939303409,1.33019239157974,0.301501110905405,20,27.1992006970841,0.347519198336061,4.65631925876042,0.44218557919245
19.7760486842509,0.50051633730604,11.3641941339962,0.803767454626886,11,116.334688738126,0.784193643086958,7.43940089451829,0.699103866796483
24.0030608091735,2.03118349777522,6.72909621865116,1.25468721727377,6,46.3201176786463,1.82992508110575,13.3527072912474,1.10273501073715
30.5557997012198,0.566209965473382,2.21455557246263,0.329587783740802,5,68.3514114774241,1.32739650403567,13.4422625153026,2.16160838033492
25.0897565819446,2.80296883822398,6.48771529806334,2.25695546514946,21,53.9013106075856,0.544021367338096,12.8971484629408,0.827844082810185
67.1260347321179,2.30390908230753,11.4547382351673,2.93584643381078,4,58.4380036065911,2.64255781528114,9.93611496428382,2.44649279390442
19.919541803518,0.32006645103588,5.11817775244688,0.586425679170406,21,28.5136973735146,0.805436594730705,5.39528846157242,0.691449253903216
15.9325682617463,0.349660600170616,4.85967072466236,0.873716892242634,30,192.991423929223,1.39579381374689,10.5688682585535,1.73378501056354
52.0062660708667,0.756401426114569,10.1326531845767,0.911629254774788,26,40.3127975187101,1.88504003781036,12.1605134413268,2.40603848981932
59.9812619537799,0.550720238123652,5.92299148238542,0.498344588803725,28,53.6909201634961,2.03372126010519,10.4533150687654,1.65525713427395
46.5629148331802,0.79774011067255,4.58642715725701,0.555193002412361,15,50.7944340359127,0.946488298154482,8.34486941923217,0.538386195214022
65.6109982313461,1.22081970619679,14.5545459686435,2.74289082766192,30,42.0940066445596,0.842072957749455,7.18060231933227,0.65850721194108
216.35731156641,1.24190681846671,14.8541221972197,1.69566933420888,4,12.3288850181354,0.450601699676525,9.39215688870825,0.973835068656066
148.072496549078,2.02902903895588,15.9133553988576,2.29779142913106,6,57.6145055471707,0.623592570867086,4.50400528343669,0.46952888629617
26.9086018069106,0.875344412236204,4.4857519018602,0.630280509758572,21,37.9509085517504,0.351654146095796,2.34082098897412,0.367817263081764
22.1749898747986,0.896902771485061,5.08896554682165,0.658461926864142,8,33.100408178741,2.79113326166772,8.36888749380749,1.06957337780172
21.3747779589398,0.50068116361805,2.4646331880896,0.346880616512644,11,25.0456618136267,2.96922011883115,7.34980997914652,1.07455767106957
104.220761927769,2.71278672497879,7.67774482908919,1.2017271850233,6,18.9575005785763,0.576541636417537,1.20190700503298,0.307840929924831
63.5819997432298,2.63283554649353,13.6160960393181,2.315148556801,23,24.1556575092026,0.683795891460598,5.62413487382308,0.61882711253087
66.3441696561634,0.546019964884815,1.75545228329247,0.307238154995529,3,15.0374892741335,0.331125872222893,6.18600464215834,0.592283824260601
15.8996773303504,0.847030353806825,2.5111212642862,0.473752049078039,20,24.6317954068927,0.443036275315445,3.31229605244103,0.404091710174263
81.6408367170374,0.925356216097321,3.71430905561469,0.428950574307536,16,105.458285797578,0.791273357980545,4.30200854275919,0.41988489783931
20.4572279792889,0.394991522241746,5.82498605175105,0.859931274344998,29,156.632818107316,2.35780673529251,13.0572895772337,1.05275236180714
39.27101878896,2.5324252947364,9.73757230269387,2.50573882648727,19,168.077043016795,2.0632308436649,12.7055705641589,1.10875312178004
70.3932794910314,1.22640486165157,11.7409366021492,1.05250593321677,10,17.3820538966349,0.639843997927853,5.86683140820435,0.649481734760528
69.1991692943371,1.17264869165926,5.78325055007713,2.67746501915673,8,27.1791746014809,0.614232277253822,8.72788565716003,0.665233539321895
202.405504404063,1.49875476719286,11.3867554843387,2.75796496066479,30,41.1644991132478,0.908992609365655,3.63938584305947,0.559936101655252
170.214541348087,1.81891862930322,16.2381702542957,1.89440442283215,29,38.9830848341318,0.80366347715259,8.59224203884103,0.780192482357372
35.4499930116512,2.85364440081274,9.56388464689009,1.15253806189942,23,36.1811468664563,0.632333929653654,1.78009622483151,0.340518903614178
126.234214896816,0.556796474144894,8.32329647202654,0.609302726444457,20,234.594492541729,1.88340352984948,13.3336394745331,2.23843373901273
123.29400894733,2.66296128494694,9.10745907347712,1.84210764935828,14,235.940846594304,1.14794020368835,15.3782346259695,2.21583465879149
88.5476087737494,0.733556331779203,2.13771623604422,0.320351744636214,17,16.4916764702137,0.362866506189473,6.29786969405736,0.737040442652545
74.0525858693759,0.428520721393303,3.207503891466,0.37408311813308,24,71.4637392253631,2.77158356496362,11.3792701119308,1.47408044461893
3.34846039689637,0.308569273779325,5.58320887086493,0.587026584984459,5,115.326802460111,2.87313593102076,14.4465770978085,1.68972166644618
43.4053724065728,2.4758371326407,6.20790770356668,1.98730302608833,1,32.7153060034995,0.483879713969752,8.11270850052629,0.756804984359255
175.75464991134,0.615196643023428,12.1603066850976,0.781697332565543,20,41.135520369713,1.85262136783484,11.0929466342175,1.44808372214344
80.5332764470189,0.959432647386878,5.30403954858557,0.835820118040692,17,58.0091235800758,0.603993913847505,10.8366219761262,0.791474545364062
136.652701295987,2.14461932492154,12.7933354590457,2.40999107985406,19,89.9143162779183,2.78374738736384,15.1241735847796,2.19182044691079
35.4372472379247,2.54625093248812,8.67196781594622,2.10558224828079,20,42.1050027292293,1.11557910672713,13.9346683323191,1.21739973721424
23.7965617163865,2.60380881427692,6.41422892934427,2.40392002371633,8,55.2293770502131,2.71039414747607,9.78971023175097,2.81172203040164
79.4941924507709,1.23201703961881,10.9355120780407,2.10488580366934,6,41.1059650399671,0.857090160328754,11.8249499800032,0.708785904684691
59.5739106568333,2.98665048424657,12.4655866163276,1.9422815111956,26,15.7644917409102,0.363994714918469,3.1612346263161,0.392960862683482
56.5366118960174,0.840498057878611,11.0421137867218,0.857846521331083,22,8.13715491667691,0.470338818860279,1.81620065658693,0.409105380469438
40.4498408194269,0.716047027012536,11.8965548694044,0.781480798021584,17,47.7217187602298,0.348749254454226,2.90343284690456,0.358978300044677
27.4944317491216,0.577910087850909,8.78167268059224,0.617507528202363,18,88.8734021224064,1.8668576127548,11.302467841096,1.9673004205593
19.4960346003408,0.647921588068777,4.5007544977302,0.757372702677147,17,41.1559106015356,0.932393704255719,3.56845414307438,0.620410753065542
65.2921244408874,0.831710336974163,12.1138553348964,0.856593285452775,22,66.8646266997719,0.97310710165707,4.94674301859648,0.426848995474755
81.5795740635623,2.88690101953186,11.3435980773074,1.75852625804776,3,24.4210434786314,0.536333321754559,13.0207243890398,0.902287742388075
70.9580521702846,2.35220184218616,15.6138172889778,1.20461682680359,24,118.115922250576,1.09610696402116,11.7990777339839,1.29841087580074
113.021172782262,0.827969417924085,6.84391707482644,0.872786967313887,28,39.3910533082289,0.833711778802075,1.77227089206176,0.329128660032379
30.8957725287872,1.09467666626985,9.76615788155232,2.67143451970989,25,195.196477372927,2.05969673004031,10.63661325699,2.97684536857061
60.3693613903229,0.943166276256449,4.97415851556224,0.615586905468513,20,40.9419647150505,0.666272160748326,9.87042622985472,0.917273549948655
17.0902143582183,0.537754120624842,4.28549535606722,0.75049913876366,7,87.7023642064374,2.63918810736723,9.09615001273394,1.05215466063905
222.705653609678,1.40393015572946,13.0278805397424,2.10363122342752,29,81.189896284675,1.54718044995491,10.4113358110304,1.92469891867572
20.8801017782296,0.531734900207116,4.12092181641306,0.530471461751641,10,36.9064795885909,0.508756065268077,9.03198527371445,0.739692495204041
103.103783427919,0.781858923415479,13.4982936661479,0.870684979388143,15,61.7172037841023,0.967598025282555,12.6675689478948,0.878081885706436
14.0531843372919,0.387915159712234,2.3380627535571,0.338260626556358,4,9.06489940986778,0.489203039527999,4.717409582351,0.757873164860856
16.0590451246886,0.522485591185069,6.82488878700157,0.669629467161465,24,15.014087336266,0.517407129576328,5.47448049388915,0.720794289526467
38.5748442793771,0.635508720089126,9.52710369288941,0.638572904721996,16,82.1464194235599,2.96418444877989,14.8176583021904,2.98754932708734
59.5248132010143,0.679242169827409,9.58188619092227,0.65795727611949,27,29.6248621558664,0.782333079521504,8.38117395559814,0.700636637664144
75.2513415135762,1.44529133660326,7.26265773745718,2.34622132427677,27,10.43320497683,0.360582660388533,13.3751472170894,0.968050592974717
14.3787554801311,0.72573558918035,3.30779304458178,0.583600746247732,18,96.7354085089025,1.40510186680077,11.8835470433441,1.30981772658775
137.298442643583,1.12638643565299,9.88578339777551,1.19405474402342,27,68.7655327442993,1.45016780935984,13.7104135078889,2.79642782888596
48.2786660754119,2.66290848283161,14.6369197706181,2.98517868472757,30,39.0629661207357,1.16588244542335,11.4778522696107,1.33885226498781
101.149695406563,2.3557489001103,13.294251868026,2.92998963954803,11,240.601651354023,1.60804367775415,14.2449901796027,2.84606861874789
75.5263894862478,2.81234706787711,12.3030577650907,2.45766037125105,29,101.525394760202,0.973568958527235,10.1561799015051,0.658381138615837
75.8205448632301,1.26998193964373,9.83070794830701,1.30325063476212,6,35.5135575386515,0.616027958101204,4.21091109584199,0.715835528318339
85.9237571867983,0.522945456438503,11.5319854956071,0.961257429396869,11,33.7647237410156,0.553931877619413,5.41171994285869,0.476477105699712
60.7882684191125,0.73161489508666,4.81901837410178,0.888673843427147,7,71.2017315557512,2.15615132120522,8.84591547519392,2.26595419862734
42.1227052105174,2.12237008904212,13.2792145662933,1.99421831653241,6,146.260006092257,2.95423497817523,14.2709869369269,2.5047209112924
135.035521008082,2.7918361936452,12.8429915195987,1.95042663115788,23,7.68032500046067,0.33227387507493,5.94845149535299,0.574691064242309
49.0934302482748,0.549120478991938,11.3559320969665,0.991913852364665,12,86.863045016552,0.687588234110258,4.32879921853265,0.498939721997199
27.1711379316052,0.584849821402945,7.89680511921731,0.864098769005712,5,49.6851572661628,1.63570041140015,10.1838805934217,1.8029610976131
31.1477316480461,1.98600265700101,5.94856367297749,2.82166140322616,17,137.442412021114,2.84850109737947,10.0964472143706,1.29462804568546
105.569861403251,1.26371497097554,7.2377023092935,1.32538454932283,15,40.9750123683363,0.602906434373714,1.66731747397205,0.349308823602596
10.4344574304761,0.342336238260863,7.14195143868146,0.560908226186954,14,69.44882966511,0.680255499111648,12.4987726477538,0.789686679199101
26.4779952011269,0.509011196016822,9.20064254150668,0.711837257007454,8,60.6698036796642,1.91991568488387,12.3500940664655,2.67797945248889
76.7702987952497,0.873832783220776,14.5836323297114,0.993822861762174,13,52.9479156415966,1.69824300855143,15.2551943440541,2.15395763619837
67.7281500967046,0.968126261911183,5.8338128281376,0.467525114529987,22,85.5231504974592,2.2128615862461,13.5742290868535,1.57913512393153
90.1189427908433,2.2808368978927,8.01933607363639,2.78472148527217,2,30.2717257672152,0.915073632109667,9.40742623465119,0.950492661745601
297.245829702314,2.98234804836697,15.6835970703096,1.44957192090128,24,13.1472403217699,0.373275139420624,6.56744456756758,0.724856436797307
35.3083763665228,2.89507872137252,6.61813570453059,2.74440735371265,21,27.2067550246966,0.500512861908401,1.11276372973198,0.320732435707509
95.2810053275236,1.03497284232654,12.3503419164393,2.82869810320032,4,38.8480819266927,0.795816938965688,3.82385334893877,0.499730761682114
9.20224181445495,0.510091713803987,3.54833230693257,0.56812904406882,28,56.3562021066833,0.933186932051012,5.17884562186081,0.570014083627515
26.1752207561794,0.67595207709395,8.21993090728956,0.817082956631281,2,47.7651993315265,0.807331999018185,13.2336064643524,0.83362684330497
21.9394088601322,2.6189355882542,6.92799463576142,2.16087361166437,10,39.9821462051955,0.590455121115832,10.2295614985718,0.86400647472306
31.6033105383818,2.65128430259874,8.91803711118297,2.43987222899311,4,67.7997302428902,0.891721021989238,12.6998858626243,0.861913022238002
15.6160864107104,0.759128649154645,5.22109733548115,0.796878631840272,27,44.0931939235593,0.958147877404485,12.1976116354872,0.905934287438359
3.45983116738624,0.306772192417829,2.43827167266265,0.391698420802659,25,34.6868876900065,0.376227193606477,6.83212070374014,0.79404647462883
66.5744868653579,1.85592028005583,11.1126898734018,2.15974483295706,1,70.8741194341238,1.49312325261719,16.277514515919,2.65308539992514
46.3380178500291,0.817254505554943,6.79576091057924,0.553352080329859,27,38.8421905782769,0.893433271156216,9.43512208961829,0.67245185558606
9.01068277054048,0.32775398120492,12.1086455533864,0.801161813821704,28,31.3066056654407,0.479482437733825,4.47977212835252,0.56498019367121
27.8743668839483,0.515286061345533,7.31114869054563,0.788937104408273,17,44.1683833109122,0.869718887299721,12.5448368085614,0.788834119343869
19.4420466226213,1.25496062157078,5.79924375295883,2.56675372351413,17,63.3859784908598,2.32809281258531,8.85874425012513,1.67195108626438
77.6705920157128,0.504793967417289,11.9548764658969,0.765762676369366,29,34.7931143456378,0.981520885153643,6.64724557030201,0.657829518412753
143.710168047162,2.72257892915332,9.38129383864044,2.07409652314686,25,108.846244313396,2.89217990717674,15.7575121827527,1.36270850910812
68.845075347681,0.841515320665271,2.87524132673347,0.427631761214985,3,189.214837058586,1.79127879041281,13.9458781352166,1.07966199383506
13.2277740636945,0.451378099431506,5.25639275377504,0.522496187926373,14,46.123487010441,1.86110358087369,7.09814287985094,2.30629034668405
127.578642115436,2.06031259635474,12.3824537269772,1.91515082193371,22,11.2843267239896,0.47071762334054,2.05679542015727,0.383918426006448
113.372127564829,0.547819164102691,14.4081723035939,0.972257826651487,28,19.3807077050184,0.490324175644074,9.44188391646608,0.795942901427103
133.68279975149,0.789957156178919,9.85933398745265,0.636479629127346,14,42.120040422012,0.698224347331737,2.93347417584525,0.519485408311471
82.3009666705157,0.543602551373904,9.741382727289,0.603037248464147,16,105.92064247754,2.97859056939805,15.4249461988956,2.28402114434642
62.5896012765878,1.21113798534969,13.2015247084311,2.35580689918193,3,113.024431299549,1.26054324474032,9.02147018720684,1.7385953605075
209.990489078356,2.55360862780992,15.8078684986982,2.32741748186836,14,47.5817111156544,0.793937124662488,13.9139475056348,0.974199192971228
91.6690690347228,1.56342755028765,13.8262956706721,1.67714872660688,20,12.8626297252637,0.605775179316138,1.75803064221209,0.422994783738868
66.3463576953768,0.876167306524971,7.79974463401395,0.834433665909857,30,95.2474641958295,2.7674158334552,8.00674572978139,2.85184753637998
14.6714424549859,0.631058626394023,3.63875883208151,0.620459932563477,14,74.1294210964876,2.17209183589258,9.55484563827921,2.98778709471836
46.991047776654,2.62951618471806,7.98195528727445,1.89218808594258,22,12.5222003994952,0.474693876612608,6.63911252434748,0.655829867640213
69.0962330984931,1.13328206611831,9.21912496364907,2.2716068116682,30,150.917702526378,2.15086014715046,16.1351930148342,2.52765367329845
44.7359888014983,0.537702583935133,8.19839581674171,0.919693136595427,20,38.6499693433663,0.662225694756547,4.03186739514308,0.694860681609223
62.3988000884747,1.00883087236993,5.91807176661143,1.0737025528123,17,28.1271192237589,0.938585458340789,5.8142004574936,0.61461699004783
97.4719118322218,1.71460031425259,6.45592941255716,2.9667319221407,5,54.3560660408452,0.365261997811067,13.832308299998,0.88699865850105
73.3783358201134,2.90315273594457,9.11862309770603,1.32462875181774,8,64.589006632502,0.746640991634551,2.96454699020834,0.424816162813508
106.6601884283,1.83689890338616,16.8628442671419,2.61521361357121,18,39.4590219154213,2.31671623734138,7.96403798435918,2.55655679065398
69.5989341608978,1.54368575044726,12.4734601603102,1.09218531504397,4,85.72959269169,0.877815758192286,8.57582353012392,0.555466419464762
36.621454008223,2.81637161633321,8.04733458644719,2.96130649898352,25,20.6790796092906,1.21230468368148,6.83994553903806,1.18562911494826
44.7388208101418,1.28056898589976,9.37707405140392,2.18545912490328,17,164.034986357593,1.81342116819082,14.7879496025439,1.38010159319146
21.8919515547157,0.934699727894837,6.96440716780327,0.862539478252286,11,79.8118461890927,2.70866065158322,8.99595380849377,1.84905350240215
110.802150037636,2.68113040587035,7.13538823383647,1.57793454944662,3,25.4762261151452,0.610166128606819,5.59815608740553,0.567900873158384
12.5813256879838,0.386270443983458,3.93073368184637,0.435088215316538,12,246.684924303145,2.33833646353574,14.7890952178772,1.0582507029386
49.1653458378207,1.03432711047695,12.8346598039862,1.3006486919469,17,118.263668551222,1.41014825764974,9.41821459365837,1.58805429920206
29.6331141764242,1.70830993049144,6.94010422781897,1.16515908550908,18,19.8875101231111,0.421753670190023,3.88692588039952,0.575858014185765
48.4770777036639,2.27946811862625,8.06327372904985,2.66035251245109,2,153.649120669159,0.640445910799302,13.4490791195528,0.976624486251455
152.178386239198,2.69208250049519,11.2988620825582,2.26065518931959,21,31.197706795389,0.607145059220665,6.02792285786588,0.561444143014565
141.625903039555,2.80320771115077,7.49289796116971,2.78757986489873,25,31.3037717330036,0.978264738557453,3.77614911046011,0.458602537110704
90.1261480475253,1.95935554527114,12.1191213747383,2.69863827308561,23,14.8514694552105,0.452911172903199,7.63220420705209,0.970883817151657
123.011955155272,2.19676683692002,13.7723006060801,1.31452234481769,25,105.434424416307,0.730090088085928,7.90771226617456,0.670894456009529
115.487502561962,0.829995662790723,2.85866162098299,0.373397042368767,5,62.4268802622744,0.63325572296973,5.75172998771933,0.8363024872305
124.333900367616,2.80843861538058,12.1562960865736,2.77151047804322,3,80.8409490683241,0.59733413578915,5.67523569989156,0.778219427382354
92.2907768956062,1.97673834792927,15.2836243713819,1.60224590898365,3,190.295934881592,2.4867097941557,11.7836806154362,2.9111580464759
18.709232815432,0.344265625622135,1.57086971706627,0.302586474201079,21,29.8188828722915,0.626760971864,1.4348741161665,0.361151699549223
84.9271169490436,0.668016501046037,7.29160311965678,0.555756342514573,21,66.0947525333777,0.596094185324077,9.07141837454957,0.622403504447773
180.543832275613,2.42812831790189,13.4176047511278,1.90064618579184,22,62.6426816154735,1.87569769289409,14.1744194373082,2.77472368765302
71.7999270683325,2.26324828589415,8.44584169642574,1.279270604487,24,35.6253149389469,0.72851323955568,11.4955642146234,0.904670045372441
72.0378628433939,1.6522703929801,9.81109370791312,1.42828867335746,28,19.5888590685509,0.621664858142137,1.19991453809483,0.321975942857622
34.7486293749791,0.488297538168957,6.54153065005342,0.512481051426886,20,19.1375643230273,0.965348476832783,3.5495635119916,0.527780362379111
99.0225595250783,0.5060036200334,9.88659248663877,0.911273963265497,29,3.88160025324393,0.322586057474534,2.65462126177572,0.416687855382081
27.1637015094795,1.43949317447969,7.50986251877325,2.6790274561373,22,33.2071643383099,2.30166379218514,9.21503602479928,2.43052539732318
92.3980983708616,2.41128860974177,13.9964624173861,1.49979277706289,1,69.5376135077199,1.11186077744742,14.8207765813214,2.02024214923473
16.6323818820169,0.674165448957276,6.17204358478052,0.88984237862562,9,53.4928940032923,0.660749941159222,8.09263803215868,0.955839401551877
48.8026383740529,2.98775016096548,6.59247196309708,2.9453107957257,2,49.3510852700986,1.36999464885265,7.6461812798602,2.38529413687699
16.9994420649099,0.377824082523471,5.90789350792544,0.552335805192735,29,175.098347832116,0.957889810874284,12.2087293639605,0.950916605046906
47.4110299092388,0.916806470391163,4.21598585811623,0.614466234233833,5,63.451782708772,0.471690445187203,6.23187975077791,0.534972770190172
25.562885639305,2.3687288591022,7.73114486135109,1.36866268463197,23,49.4542546499931,0.525397054907882,2.74433621654226,0.350736699272727
98.1171586675479,2.32047148755053,7.72150526347591,2.88249135731468,12,223.434884340971,1.27026933857947,16.5565724705334,2.70515075568932
134.900817375944,1.36471475519831,16.3281407270057,2.7357006740672,8,41.5339340866744,2.82462080003313,8.3402483480569,1.71253189656343
47.3425695882176,1.16499172695205,6.06617763841626,2.65976502244695,14,13.8895779584575,0.599437597387203,5.80636674958859,0.884243272318482
92.1175067453317,0.59507133702092,9.7318476502631,0.986760464850628,30,12.5286592727977,0.622734381470288,1.32956622872009,0.376948796927106
135.240583065117,0.862833081536036,7.76945236613619,0.54722332880284,5,76.1079313215808,0.702172912792172,1.79060119574055,0.314308239121524
100.53270686849,2.52502272977332,7.76716172842963,2.22122205349301,28,101.040080737799,1.13444235538899,12.4057346692378,1.38207558647608
130.991885640726,0.81602845812786,5.65196035569749,0.648337230957618,10,63.5367494332422,1.82823435795953,9.7364592449787,2.26331197611923
113.974502198131,1.59569755070983,10.9041771108831,1.75187309317874,24,58.3539967267517,1.81248401654172,14.0638975844777,1.28062479954316
22.5374007338358,0.33387567210034,10.8066592814201,0.717455338739045,13,68.6565033713499,0.912770001018525,3.34413399595179,0.439725836848028
35.2107539029964,1.54200264292771,6.31065081501805,1.19628555586132,17,59.0824061271612,0.97365280441874,6.51925706091226,0.880243628574935
4.26436262983292,0.307308043234095,5.67673079454938,0.615693408006434,24,10.1322381822478,0.480968293986828,2.08417081959479,0.429136671440711
96.5518387835676,2.35306800407225,12.6526811557696,1.06930148167741,6,41.2826516077832,0.894622916171012,10.6336628849098,0.713370011850991
144.370689211533,2.36191025214147,13.3266512983903,1.00597926567676,21,28.3832798598575,0.731427859701522,6.04360968656397,0.756203972709023
8.53888249281613,0.357784013244672,4.65905687744421,0.44513107363936,29,96.9868911338425,1.94765684497675,6.22702679730739,2.74939170444263
41.8016710453628,1.08273111236105,10.4093491946816,2.45156372953426,28,66.8190127757321,1.53093053192598,6.77201307006009,1.41474208723848
25.1067801742603,2.91277344396119,8.35007379495027,2.62729864854366,13,25.1607654076046,1.68399069783549,6.69773711917585,1.35644802281322
13.2719764451853,0.349625833011744,10.5206775153973,0.82091606113648,11,8.27152490815,0.389149666618194,8.19975450428751,0.847679202047323
5.29523110829429,0.37869888021294,4.00080037606298,0.615613615571358,7,124.333384951758,0.837390474049738,2.37629632517772,0.359769459468542
78.2175811775735,0.943786519725996,3.85328167588565,0.514182507642426,4,35.9155443310329,1.58647711789961,10.3704268524323,1.56018439578392
79.4415639479326,1.45051345935401,14.6386447670271,1.0048908531164,22,48.6115805724368,2.39377914725722,12.1909887513734,1.25590657280905
64.2540060065297,2.41364266272372,15.8744202813542,2.19499629506819,8,45.6566614495487,0.481982618444649,13.471464601087,0.971110532897036
107.559300570738,1.58991276272475,15.4724103604766,1.34898991083376,8,46.9680035334002,1.84601490861561,8.38506218742637,1.98525606702165
199.077670774848,0.700509706334126,1.58867516309224,0.304261819020511,16,44.9160745825922,1.42419985439056,13.0031261355378,2.06329284417026
39.003102199652,0.3879362981644,5.4549696585724,0.482840331770568,23,38.3902413067263,2.74427693019791,8.40536665344787,1.69644573271086
112.976918981037,0.674929133225324,2.13833853718289,0.348156516913799,18,55.0235849425428,2.19153113625523,13.2380988802919,1.5276127096469
4.70182586825663,0.305092370186473,6.31036585749201,0.625245250587278,2,72.215171214536,0.67355759555539,1.14938642694799,0.314766506636519
40.36690553503,2.64858713319559,8.87935185167959,2.81562753599956,23,75.7280916089184,0.619646443790433,4.66230203649215,0.653561003586771
36.2742854472752,0.691988777185232,11.0838687717503,0.696671795195067,3,112.212128468851,0.81204629937788,2.12460637922711,0.320217009101367
74.5450681163034,1.83982559838034,14.6800149260282,2.85484627341,24,9.85566201844771,0.484844027960997,4.83003229030049,0.760473879822171
86.3168770597743,1.7378719082348,7.75889481690701,1.35383927910761,29,31.9150144578485,0.934054753961149,1.74843086987342,0.374425235224592
54.1371223887035,1.90862434767025,8.69621660138275,1.97293258026364,24,35.252708890408,0.500833928397673,8.60954973179761,0.846029996685283
49.2158387284773,0.568136876250004,12.9109304581993,0.932915239163815,9,56.4351470366983,1.36364108776495,15.7675832140034,2.69268871679503
48.7121602422762,1.83772067408754,15.4099097521016,2.90572283998815,21,23.2497846937985,2.27390790352946,6.37618579989345,2.68153478251865
48.7268726515251,0.992906128846267,10.485563012621,0.945800537314439,11,88.2742090709428,2.91019895668853,5.5194104760421,1.27837395930096
98.5351358256381,1.3154662098179,10.8906196193467,1.42590664831135,23,33.7967522920499,0.401375712545454,7.59374178321583,0.729240073265336
14.5463690060216,0.624910299274908,4.61953796098624,0.61004714052267,23,7.91995583086881,0.331865653899879,10.0007471788505,0.771892536504893
25.0116452662928,1.94515959888164,7.04693716881094,1.8367332801272,29,49.3801028883525,1.07350237943713,14.3862003463687,2.21053163100972
14.2274137467553,0.320790835314024,8.57208764106977,0.675690449168418,11,144.077492096901,2.64023071324113,14.5730857555372,2.34854898075191
34.2463232169304,0.41324656979834,10.2966258005972,0.830050895870017,28,72.2330049609444,2.59024795283871,12.7352822704867,1.95373889467765
72.4174528696024,0.598722243694288,7.71431411544864,0.588898499212577,7,79.5635260168515,2.60860552851046,13.336998222938,2.96116048244028
15.8160630911909,0.441447567261509,2.6323603606809,0.40097995827163,26,59.5967089864362,0.971225405477736,2.79304842857221,0.443700233258963
60.0754969402976,2.23123870478688,6.82646461161518,2.85598649071239,16,31.1265992306812,1.24936804241561,8.20824211362988,1.92852049997723
66.9943334693025,0.603311887504218,6.79695485869952,0.500625643239985,12,24.7077437511009,0.707818667812094,8.89186249566755,0.990284601964751
182.30760945392,2.16690326388034,16.3750791673711,2.7767089640511,19,43.126017613261,0.470086552655082,5.2669439946387,0.811201615075674
17.6272595726974,0.466148532298721,4.04710102682427,0.414256344876591,24,13.1764086550903,0.419949878314719,8.68937963018107,0.71515570782982
125.869419225998,1.22971591144506,14.1699218497928,2.42680853036967,21,35.300051258568,0.672939826401838,12.2995056769943,0.925039650146168
24.9787999399451,2.53390667956933,7.66513593150581,2.19603978731921,26,189.028499144744,2.52715056471644,13.4836897305597,1.27935080215922
40.1738575469784,1.44356500971987,12.5579894234679,1.25874314902714,8,22.2142202284563,1.77768463825055,6.80149297157772,2.28726210167682
122.449983429555,1.42052397325184,16.2531518046309,1.6039210851533,10,57.827454760853,1.4953104166593,10.7914123508248,1.70885888825968
45.5960266045162,0.5295204604919,3.94176757654334,0.388535966897612,21,108.010691474766,2.99380936268236,9.2653553950207,2.65905364147082
35.2468511208027,0.751031629708679,9.26484868114762,0.884901507078109,14,31.7451781075247,1.42901042226683,6.72456149688437,1.04742784826212
34.7124841359702,2.68438414345609,6.75538983457722,1.41429719052642,22,4.74821199646083,0.343248210729982,6.90508161991242,0.786070001382246
44.7008779736432,0.677411077902157,6.20524358716409,0.503904466724648,21,20.6395037191603,0.686991052686499,5.34567264179307,0.565592755841405
22.0998219735995,0.82888111492544,1.1386097053517,0.331907927821639,8,23.5373844906056,1.67111256679812,6.03427971165832,2.10841213093568
88.3970531433227,1.50295517997886,16.8105595234595,2.5613717756502,21,25.3114778793012,0.429609751983494,5.35223154951917,0.504715555480214
78.1580046182454,1.28581512550362,16.5536485091484,1.6821886852817,19,255.2551195212,2.05899401722103,15.8963997787462,1.60894141955698
24.0940130125872,0.857578159878984,7.49723148308526,0.955016532849122,14,34.2309993988142,0.711908614091093,6.86258968641539,0.515502174074679
37.9066142001343,0.843477493502122,4.68344232780606,0.654266697582893,23,7.36841209552602,0.309205059082238,3.21901220326687,0.442350166881873
59.2883854854257,0.582703111431635,3.57696572732933,0.377113055750624,5,68.1462210055688,1.75560024733481,16.352744505235,2.65627813042855
59.9770394957579,2.38823653908353,10.9973895733444,1.83196829184381,15,95.8387851436598,0.974576466035997,4.63158053784243,0.497305973521411
16.8889390106488,0.431080192858341,9.52055907359859,0.593209403095578,20,38.370292121018,1.86063293755179,7.05839967913994,1.54175684607377
100.407027781816,1.05560938223784,13.7972021049389,2.22451677831131,7,35.4662043028226,0.886991522669284,8.49709019634324,0.950121683005221
94.0129722532502,1.06444989717005,6.78397787968413,1.99902470042218,9,20.5585486518279,0.344666831842284,12.7296591167291,0.967936493170951
32.6985445415646,0.592298451004356,5.57770659781924,0.596908131579692,30,88.6244978186572,1.16450158440389,12.0179518454707,2.11440532381236
27.7523934144007,2.23047127189838,8.74410435048807,1.77479366797206,25,29.5220453174593,0.624958542073972,1.20399258853319,0.315044690300164
19.6105105549585,0.345668631311554,10.0013548604919,0.909041136065365,14,12.4885504773741,0.367677285673728,14.0995312704099,0.980923920945291
45.3576388398514,0.735743083528193,7.45302080155424,0.672619541646677,17,128.789567046627,2.13714922611969,13.4824586040864,1.73839141644055
32.5083527507239,0.765172601978592,4.51714664041831,0.730280270650276,2,50.7132452619596,0.580638004431486,8.25600622770366,0.734148877122736
133.027966949489,1.53588772214289,11.3554031696241,1.18750566421505,17,68.1152316442725,2.42701886132128,11.5580868806422,2.61859067198884
61.1896223156925,1.09755943717757,10.5218136443318,2.43717928724171,10,74.180511591948,1.75430761846398,10.1455490579433,2.92199352658151
12.8445070551243,0.58620017932609,2.82709951025758,0.472339390313145,17,26.4645673961889,0.809285404647285,3.52797042737427,0.524328357866327
150.232651751894,1.63301895343694,8.15019007971122,1.27305500897579,19,25.881964807119,1.47248142106738,7.90314492483088,2.43098085244594
57.3791779104566,2.85072517631624,6.15359810585939,2.55758308058799,8,48.2834297536652,0.835664161532305,1.33358893577641,0.363994593943954
80.8741785825091,1.70066600749262,12.8532441563806,2.2846139737415,4,58.7448961587314,2.70056949134141,11.5109142736773,1.25455658390647
21.4759540977145,0.550465772245763,2.23011346537327,0.416326437007161,19,50.6337388078659,0.728722228090551,3.89793831886759,0.405286003812563
34.3002251508632,2.23812489380154,10.1342139800575,1.43085012617485,23,136.645999774334,2.71766411719874,8.4190534276721,1.2384196935485
63.4489432068589,0.950849138120229,7.48753942639216,0.60606934421803,23,37.2866257311273,2.41060893086588,8.62635158759182,1.37428031288419
104.083751232263,0.960193735743399,2.18201127157688,0.431794642947607,4,27.407905807892,1.62729069188121,6.86150534223862,1.78835433780526
44.9849760138787,2.17239790447224,7.80407481212864,2.20402000368604,18,63.4734097414858,1.64121457481012,11.9261961777756,1.97847473111892
55.6309616844004,2.32128445768184,12.3504378085124,1.77949774513194,17,41.7028741829373,0.712740697765093,4.53776453571591,0.611739644292787
16.506616288924,0.480432395736776,5.21788262142494,0.749342541708367,8,53.9553939813648,0.818863025938119,10.6777493602184,0.826606254875248
27.7575783029408,0.483453896333203,0.99870628188732,0.31276640225575,21,33.8080739687356,0.561054393158965,1.47217996208317,0.301505628820794
61.484658237251,1.8009236415749,7.29629216787794,2.62669176524539,5,25.7710454786017,1.11592833335739,7.72414503038627,1.83138743800343
50.4689761005813,1.35287567389591,14.1157716504773,1.10620004542769,13,43.1006411110299,1.93764805391308,11.8578173794476,2.06468694494085
6.20425551662665,0.311086275218257,2.27347692013426,0.350612344829046,6,99.6810854172322,2.80835563306603,11.7712560523981,2.20901626583692
12.7866806002554,0.362987900152788,5.61947131142511,0.45065699000321,7,31.7114055248716,1.02928684418606,6.46316038965946,2.0376183371651
27.5260524408193,0.837380002604969,2.12688332777036,0.422291364504888,23,45.4149341497837,2.59406261674721,11.4612048086557,1.51913750519884
28.2054002792275,2.09273175791086,8.73897369242075,2.75907525340078,2,51.7019809698486,0.400638805458356,2.31640541018691,0.336385167691963
70.5363968378997,0.667341039936237,10.1468150149165,0.715327107129341,29,89.6036758623351,0.627876646685286,8.49346341431927,0.615064643847794
202.359481215011,1.11358474988154,16.0347024415117,1.94178808557357,10,107.394126460854,2.5682241979056,7.24418606709919,1.08565960794677
99.6126324203129,1.06879366316781,16.591424037178,2.3461446144121,11,36.0215055070447,2.19754464922309,5.63161802582811,1.4079287458796
12.9523970301874,0.362723461189879,8.30544499906603,0.657880467970579,14,25.2628424029328,0.624511351711077,7.15757072418229,0.728950115143397
37.3423149303345,0.529803325833646,9.12697888756214,0.721793027822162,13,106.824370574019,0.685902125571972,4.12764145310272,0.481225196173364
46.9319688235256,1.80985791025728,10.65905591104,1.57369242194326,8,61.1850643708798,1.46327231008753,15.0074551576092,1.10425992799973
26.460026328195,2.45569582462685,5.93707480000202,1.02677140227589,21,65.2967461132343,2.39348405438159,10.4901476387075,2.40325581521027
81.9599159083205,2.09323253491183,9.78014961036685,1.5735286150199,2,59.0463988648858,2.72544204561737,11.0429056391307,1.16992957604621
80.080645428155,2.75619341363033,14.9925817620656,1.03631454271635,20,53.7468747206195,0.683263371010048,8.8773649546074,0.810342561928258
57.6715424862259,0.494036463505628,7.73825019190091,0.510760653857916,6,32.4494915568891,1.31038571675533,7.40974467307112,2.00548349850741
37.291256437655,0.956923929797682,10.8889651025261,0.804427389333869,20,54.0461773201124,0.551604458066599,1.61719803587388,0.329830096895598
6.45532449984616,0.316096696597065,14.0424602340748,0.96068393150187,15,59.6969145183967,0.778626432216037,7.42649629747751,0.71595036990855
33.1328494919125,1.94683926661294,10.868711899412,2.67079761500965,19,181.520981433316,0.818188713107414,8.20711593457237,0.667657950590578
118.886478608408,2.56400640899103,14.410561962993,2.46036555984842,6,71.6768833243165,0.573778709276667,9.49814758230349,0.739122541984425
66.0544404758451,2.58761025490606,12.9670800157176,1.04856750931622,5,53.2125033543559,0.939538004385536,4.71694567287514,0.59559735263805
81.9793681260952,2.5617519899188,12.7488989408997,2.71584681034335,30,66.6859475908698,2.52326992988826,11.945048426781,2.58245293348288
48.9282901754607,0.398211007975165,13.4859808051904,0.948036485887962,7,37.304265933189,2.19804712822727,10.6838896513096,2.75395589356909
98.0514372278835,1.17345690030637,15.0369049068327,2.1569941875027,21,212.503683774657,1.385799975124,12.3268667819203,1.47208807718385
100.440331834824,1.39536192409721,13.7243585945007,2.50570456594067,16,52.7568587277323,2.1631998406475,8.01028190427854,1.13192899287366
53.6062375493933,1.54003228711297,10.3334959724937,2.69346759882373,5,49.5128599377488,0.769372506778696,6.33214615875384,0.654579304389232
24.4180390181931,0.393947036351506,4.70159784196784,0.689936253384214,17,36.3041889195864,0.541169052168872,7.73005338711019,0.638085810423111
8.13493803451855,0.390528771811623,3.26323322542669,0.483850876065027,19,138.578450908957,0.856903660394916,8.07973675400794,0.568407742423933
23.8467723932429,0.977506034798577,4.00729078425235,0.650902769931055,9,60.3076578900671,0.557505343769049,3.58437293058633,0.557227024622229
188.110325984131,1.96259059400876,15.0645496063639,2.92499789950838,21,34.6516758976588,1.85088813057251,7.06638553095522,2.7296302411076
18.1825917950417,0.719675790582365,5.92904897659822,0.728018989907965,19,24.1745258015209,0.497327687764334,2.50793094605125,0.416689979668514
24.617213174066,1.89820331815256,7.4282019681446,1.79949221594163,12,120.343912458479,1.33640772444998,15.6845550417318,1.35712161488006
4.392614391167,0.334743593614844,2.2286192170804,0.399041348901263,25,54.8675199634157,1.93298029038555,8.00824921430026,1.29702388861827
60.0502682163529,0.907408782708959,5.87190508566136,0.451109006001406,10,39.7214892333389,0.851202655945219,9.90905329695981,0.822333981282408
65.4008578898936,1.97670649463628,15.4139514497102,2.11589577837244,10,63.5272424075128,2.62938163747906,15.712770825104,1.98457569981428
106.339345472539,0.874898419660146,4.98175973984925,0.424506304967072,24,42.825785176366,1.29874343910734,8.948000096596,2.85346418483428
82.0437640877003,0.911167764332228,1.65553612487272,0.389778174138901,29,87.4623985355033,1.43116782280055,14.5160322005902,1.71279943044898
93.3567130363155,2.13756861429864,7.57641058234322,1.80242745828701,9,48.1931862069139,2.73328659267462,11.6835901122946,2.51084591291579
19.9814935695787,0.449398713756403,5.41883600375073,0.949398657378357,25,108.081727939074,1.65417098910526,13.9670926493545,1.4430112360386
29.8913221652272,1.36321310815662,7.79934080361742,1.06834420004755,10,19.7894719777496,0.805610321885228,4.10938453460593,0.628395664065278
85.3271559221935,1.96429218607647,15.9953205913774,2.440171469432,1,27.2310255727266,0.802180544740778,5.8797498635877,0.617905294466775
103.732031094538,2.55112340086701,15.2428702189435,1.10706626112689,25,36.5922242946493,0.382846778053832,14.5387472375325,0.974175345365673
41.2905324347917,0.745833791250034,6.35916629441355,0.587877635680103,28,44.4977541950115,0.496232907707908,7.00232400978655,0.647129695078305
61.6611065962929,2.42503696412472,10.7917705099917,1.99407226998708,12,42.5818190759978,2.61161145079049,13.7816645139869,2.10290276352065
48.6583418187104,0.539287843718734,6.69271223237965,0.633907766607339,7,58.7062406069754,1.6317162641093,16.3033439557321,2.39312554614606
66.4181209507902,0.687068966368723,10.4169055812489,0.99063242454071,21,30.6545628862368,0.752809695864024,2.05826570098408,0.402562281300519
43.8694571202137,0.914814217505389,2.10336211964765,0.321415700435816,27,48.0751352929549,0.99324283058097,1.98253485691353,0.321397596374791
49.924203121831,2.37081288519216,13.8099830423432,1.75580662048959,7,107.788742097782,1.66401218586334,12.4666011630187,1.40656341262076
71.933630912371,1.68418466042605,8.45036086266971,1.68920095083218,4,60.6573538755925,0.79044419378291,11.1576551133534,0.740597690450505
140.753538918449,1.29136407858068,14.7077395901664,2.50533285901966,10,94.400483450225,0.727532670894128,6.60198188841736,0.641025597421523
70.5149569795757,2.60168349199317,12.0319605484334,1.14898115725817,28,4.22360820955903,0.311987128698897,2.00616900495757,0.372674370662914
35.2045785550679,0.962745533613088,2.71962868112348,0.385451956055731,21,43.6195003335837,0.790034355485788,6.79237679499204,0.589353427574308
140.616552964439,1.38234746624043,13.2293443257399,1.71032106749342,29,128.982303568828,0.685628608279363,2.97748461200347,0.39057500136173
119.291802465324,1.31672669038204,16.4477876108056,2.51360484550071,5,73.0064051331356,1.6364075095857,14.0506871312824,2.8425493370269
31.7493905745842,0.540692761553666,7.58189327044634,0.656718987281397,9,30.5994005592768,0.648858928604466,7.09908892594481,0.701718185500276
30.5437270444981,0.852975060092158,10.1975042793704,0.868276858259385,1,99.9213496235131,2.17182369405904,13.4572490236095,1.33152763981628
46.1561241088347,2.69658017521071,8.31145237058648,2.54310027461431,2,26.0156444740128,1.98845409407448,7.55130701324018,2.64572216304007
16.6582991104702,0.547612014461632,5.56744394066798,0.605706217674567,17,209.993961221287,1.66945196158877,12.9189647284998,2.50351557866924
32.5922150592053,0.959003557621934,3.61779394374779,0.440146553612585,3,21.7976419300741,0.647062765436001,4.65724029702557,0.787348692331007
14.1140058638971,0.512900410666417,3.86945944415971,0.486811689898001,16,25.2853580861422,1.67263616994968,7.07979675725824,2.48024627838753
20.5727866775372,0.364657636677158,6.32611650204092,0.555004663459063,19,116.551076101651,1.05620288077477,12.2147184729216,1.47713116488401
140.354540402304,2.82376369793812,14.7019229755979,1.65979176959269,24,34.4340267604529,0.608455549994656,3.79354779966383,0.42121350636813
38.5915233735094,2.98656631787241,5.86870240596815,1.37977290678905,11,38.5922581437696,1.0570253792115,7.38733141677708,2.55879969037344
46.1520318060789,2.37991426174843,10.2217224536036,2.01014466723823,14,72.5962808765362,2.37378176446458,8.87666301770652,2.67865648375666
55.8376136105296,2.25460364881175,12.6917709129531,2.43458317597238,16,87.3653308476339,0.823554971639087,6.10662427946653,0.75310374749136
80.4749760455195,0.68338566238459,10.7470566233664,0.720774395465448,30,39.6654345452933,2.27100655085321,8.26818214744163,2.31544377404339
25.1013595209716,1.44153560410642,6.24595039701827,1.26654447069342,23,65.8416948063619,1.589962481451,11.3318657153264,1.35770600542956
39.492182562231,2.14276595512394,9.81833779445769,1.80895798452431,20,18.6965967576817,0.547807990677186,9.09065466358519,0.802953990609557
30.6581449433496,0.592506467860426,5.46595491118559,0.909372122510802,28,129.280251416167,1.42459089595198,9.6969357532809,1.11567820604927
84.6968621694383,1.58701385115417,15.579717705743,1.76885000107351,22,96.782318331064,0.54553413513112,8.16178974969669,0.544605508966565
86.5457314686411,2.52344404912536,13.5396946095235,2.60951343653608,21,24.8134727139266,2.55718276582254,5.62590467061866,1.19104533772676
58.1561970119214,1.28324657504146,14.2354773713481,2.14662353199345,8,82.8993083886448,0.649570533300065,6.67128373781651,0.58021463730232
47.9623384383641,0.815072941347693,1.45708290320486,0.3315536048663,26,19.4854813405148,0.82340005650773,5.19965017141685,0.928441758562362
39.2668585468764,2.81077176919556,10.4846455504469,1.31913936575264,18,119.631007788845,0.987876688827819,4.36288393106116,0.465607128317796
51.5763952799384,0.548248004198604,12.3570879693688,0.876597891703456,20,48.8707505846768,2.47642800063175,12.5626769420634,1.13068113152964
117.867523794443,1.91576400312026,7.40607786156446,2.68375712711053,25,8.25799291221294,0.402225209019474,4.73369986481206,0.7828352224288
44.2258093619022,0.86965078448719,12.152761271505,0.723969982382638,23,87.4048357209284,2.20071576343525,16.7534385867571,2.60974066579368
51.4916602071427,0.780174589780012,2.55143755223009,0.360429389030531,27,49.7205227146429,2.17244110643466,15.5158848388653,1.20186707327298
44.5561846542237,2.8691714728814,14.4319280778774,1.98781430180455,2,12.4315140537339,0.356552956146678,9.531838406289,0.752432491351357
175.867494778761,0.864828508442997,13.4183067890982,0.953730156447004,11,18.3397485153452,0.419706219521222,1.60834151819554,0.319071598375768
47.7953566914172,1.4332531781559,9.41077132554667,2.06198694410024,12,55.0429371380929,2.64032454384435,14.1229463675041,2.37654750782758
82.1170243093201,1.90437778183535,16.42706432742,1.98565754668875,21,43.4618343423672,0.926460838441238,8.98773490803883,0.656987792671036
45.7768187443959,0.377061980053034,12.7849049002835,0.941674989032345,24,62.1350011329323,2.11302435616654,6.89126402046862,2.74088849954148
82.4064769644549,0.855693993261995,10.6089665390079,0.820780936962367,3,144.734976452091,2.84231317715499,10.9045912971531,2.30921669987306
28.3862950231783,2.38919959275361,9.32062206441635,2.95981831673749,4,86.3901997781972,0.924975286453488,9.45830757508569,0.983544937340448
23.8926742669095,2.77345139934223,6.17621091973172,2.24150615873192,16,171.256191162687,1.13016380654222,16.5971372961754,2.58473678281519
72.1597520317732,0.774478188862115,2.29546500956994,0.346441118943051,1,50.5540491588932,2.02542433399036,7.80134897987702,1.97466498270594
45.6660547716082,1.58543534322738,7.58651805674015,1.53644186326926,28,41.0070169027681,0.999700260961518,2.35376490827782,0.457871358750616
112.887172655237,1.62559794259481,9.37987913617467,1.87240932002149,21,185.024587263581,1.92740458768122,15.0934393545801,2.55030027768208
25.9431527926426,0.367328181369419,6.33495369672718,0.551017683593708,23,25.6651656643026,0.668769897146505,1.68100940699359,0.331141818248657
94.7653875948946,2.7912518018794,12.1900047648772,1.28272690004492,29,158.206480350946,1.22465700416603,14.0940088995509,2.83719753926066
30.8848714430318,0.354202633435325,8.54589664455388,0.552764481574073,25,13.9443978051583,0.41538753118536,9.44426671186703,0.811325101121454
49.8154468041697,2.83579482308801,13.5301918191515,2.84434532831541,10,27.3508837509326,2.77326110070599,6.49940096741911,2.70516208145809
50.5163917062387,0.950486050166142,11.1948044271251,0.801077759126205,23,42.5569394521241,1.71295791305285,9.62665580981812,2.28577399867797
127.147960106158,0.753702524319178,8.12048304102109,0.723278537613937,7,19.7860114708534,0.517387578045773,2.4718908102118,0.394870918942346
86.3048297984132,2.95864492398078,12.6606429023068,2.63050294586736,7,51.4711389960697,1.39201230347448,15.5886502559366,2.44793481413793
34.2923933438615,0.584513846999749,2.90327637716761,0.395330338732087,29,160.030518250439,2.67149812089345,10.4297953142504,2.5245352241708
22.9279581729442,2.7691205445864,5.64625441977264,2.91967121439552,24,25.7516850715273,1.5623154330034,6.43749501587845,1.20794929028182
108.953274725947,1.40843185217282,15.9218587392693,1.79987359893554,25,104.865409770512,1.10664624289458,6.71702399312232,2.28460919186794
44.1951645471858,0.710803833541556,4.91039490224214,0.453169883809122,7,31.5787663008259,0.973082852957732,4.53562407327133,0.703276296684341
14.2296981962585,0.410565419011223,2.88374596869861,0.365701972200581,8,19.4119003861044,0.337132217755056,9.19522355105835,0.750155563222479
34.5645483850403,1.63786191333885,8.18782602565213,1.37337290084785,28,30.071354348165,0.617539562065397,6.00775585593455,0.539901988737082
81.6132360731992,0.828517114971102,5.29635670004802,0.763899236542475,15,17.7952826779645,0.468003515148695,10.683615201461,0.847110372064112
23.4549733623513,1.86363080605813,5.91170415757931,2.11643842556489,1,30.5472811878317,2.21149550343706,10.0939881137986,1.89258883629237
34.6697964012387,0.416126102489233,9.49372303188763,0.69416581232174,7,125.024788069651,2.89401216566656,9.28414922229953,2.43999592548132
22.3578525808574,1.97549366975869,6.74480081068511,1.67318951794818,6,38.18908613676,0.685808338514964,2.80044331425711,0.362832431081347
77.9755609048853,2.93281360082406,15.3490069510878,2.95674398977809,28,8.27019097188608,0.379547821940271,5.92774248772439,0.544456641895004
30.7077520736828,2.87007776587524,5.77065510837463,1.95835927979701,2,5.53672181286912,0.300146529796791,4.37925583452407,0.440016808677813
113.700496934107,0.59756333772432,8.64900240735652,0.683470780905997,28,158.664719805405,1.53874309768021,13.4636533665863,2.50989879897318
25.3039039365201,0.698504985920505,5.30981570529521,0.527545679717873,21,34.7430045519595,1.84980374319165,7.62502469120791,1.6005509209084
57.1019017332123,2.60044427205421,15.6114770027941,2.31144279597943,27,38.8019077510396,0.83912765412115,6.61672014231509,0.48529546353178
42.3365004569627,0.560000983332113,8.39333498526037,0.541934387685748,24,32.5212403495699,2.58582798698519,8.87247632896969,1.65731657013881
38.5217227495521,0.63567751065622,3.87720407321791,0.408272304773243,6,28.564813576707,0.353660569039114,2.84677449842057,0.420858617935031
107.271130162537,0.798302525198543,14.5483481920006,0.973328604014783,18,22.9392408859315,0.711486623714269,7.99013687570121,0.769474175438145
26.7109074049842,2.56783127650186,8.09407328665844,2.63933567945763,22,47.5551349114247,2.19780389105968,13.3025169319963,1.61914141706712
71.7514179542086,2.75677374112428,13.97802351949,1.0195530853797,2,40.301880662404,0.922785464254901,11.6439265813432,0.849683807312557
33.1097800750822,0.559924938064864,1.95558641444956,0.382307404165065,29,80.6667877352497,1.99413757833274,8.69577678683828,2.13491160527797
22.4481250484481,1.91573918048569,6.74051623473581,2.31926343902723,30,41.4785817828461,2.56934775648862,9.03869864648359,2.22908407030398
55.281920538858,0.977610899525972,9.32338125613785,0.837622725899378,17,61.3180427729436,0.561464693725074,6.68892871674944,0.615237626185768
53.5829221235248,0.592479491140737,3.14283664930104,0.397157193336244,1,29.3708359101171,2.11518636531124,8.71324508371248,1.52758315504493
20.8795181843707,2.12791239907683,5.65966211537462,1.05886441092451,30,37.6380853696228,0.420486126519065,11.2165278789666,0.951585580782666
60.1987680510719,1.33662065885828,15.0030520372969,2.23145904532619,3,34.9879150862467,1.87577364139999,9.643130483231,1.69165089586294
64.0672958750772,1.87993967648401,11.5734234802025,1.02793695708742,27,68.7286516313726,2.72912618071563,13.8426214576556,2.41920448290528
33.9024311025536,1.49729774394743,5.64602562939792,1.90128944575748,30,9.04975211921269,0.302968678726062,10.6294616226951,0.632229198205151
40.1916430867545,2.41997473319225,11.9389205237196,1.10060168892963,19,31.484772231345,2.74472763967325,6.17815035057143,1.02130784494606
26.6949613421973,1.29011837616564,9.19262720908445,2.90392495806223,24,88.9827690941765,0.860019558765314,5.02985265168299,0.421260151015461
28.4164691584362,0.63145341711169,9.13004534140519,0.9253299875657,16,55.1119773041389,2.07899636985004,13.5872079470027,2.30195457445231
45.429888097273,0.617426519941511,3.01111860507367,0.37855844483665,18,29.5189935835764,0.431946583521567,5.76102894041434,0.446061403577441
92.9731977426583,2.96010943133754,11.7760655182826,2.49084442252552,26,43.5357325938278,2.49969957786133,8.93409246339639,1.31290381501475
50.6355765718548,0.58146601286655,3.56216804481759,0.391588755889966,10,189.944913308759,2.60408831423457,14.4256634204857,2.4525758482409
34.5348558061781,0.51154833199231,12.4305446282098,0.836320567021935,8,110.023164269177,2.05713573532322,9.71642785314016,2.91275826444463
281.391681010976,2.4479150579213,16.4490152892,2.96359819392294,25,56.4359957428849,1.26689575337473,9.31731804329869,2.27305333674972
157.912136711276,1.95015199310343,14.3401589531875,2.65844800723557,27,22.0490367925865,0.488551019937283,4.66374986558726,0.561933236845679
93.3702698673923,2.78040213240093,5.65216051825424,2.99084019283691,10,61.1516425867104,0.926788968742112,2.39490390520803,0.452273569412839
47.4613700506921,0.897417397048989,8.90787962117126,0.746776866136088,22,63.4377302834255,0.753137177838925,1.82081299927818,0.322344049005612
56.6716643956624,2.59000502606712,15.4699541685252,1.61837318207618,10,44.7127782081229,0.533164927092512,2.32963642227394,0.331863394288943
21.1787971593863,0.859138758461564,0.996152542689592,0.317407552642373,6,22.0546350515674,0.657920395459574,5.28274467272311,0.745043789669764
36.1522945585207,2.24456652237847,9.89479364056414,1.06081267850571,26,51.8426415012839,2.42163086562064,10.3870382829182,1.21420332677506
119.891453665798,0.860010747804354,3.35975578145546,0.404708228445809,27,35.2528079403342,0.639337528085126,5.18621932626438,0.47134809153571
35.9901977336273,2.65575708027279,10.0636787827934,1.23218468150772,30,53.0715293186361,2.84834538061479,5.95475852378593,2.90139102546725
47.5041624796419,0.568549326289091,14.1837298145448,0.921470293893653,30,19.1624347816658,0.366935579335137,2.15400168965804,0.331306057762688
122.892049614933,2.4661993942938,8.58803289293639,2.60457537274453,14,20.6274140046429,0.383676619048998,4.46856617732906,0.404669755192832
78.6016533826584,2.13952065969597,7.94617057978717,2.79398586433681,24,8.05791800646473,0.47459881601833,2.20957520737449,0.436613517605268
45.3820464881903,1.10105688146068,10.5664621651494,2.99351170235493,19,38.3905883617317,1.21445538128882,9.41622611576963,2.2325417716514
61.6552076204605,2.58798106456314,15.7277408895422,2.53044359259751,16,40.3759461865978,0.776115157910702,4.14201157808108,0.4166277932677
57.0642921908948,0.523118202702513,7.41330256545401,0.695554841642752,8,105.663449405451,0.93793008210576,1.75094811066404,0.315011505437292
173.551144894759,0.868457111824012,12.2516150884396,0.841407256333574,6,31.1718731361769,0.749392006562437,8.48192428678218,0.706324560916989
105.644799220019,0.675991993014055,10.0650246742482,0.880736912819393,5,43.0624124318599,1.60039142861789,13.4149343498398,2.84511538399088
88.7894711668915,1.66815714387567,12.5400720805413,1.64736252562671,5,32.0768397510012,2.10023534173315,5.89436053894866,2.3136073598476
57.1343163263375,2.89024342926983,7.68771880445944,1.58716966400775,19,29.3704338481039,2.94017781268026,7.06841345936405,1.82223044734116
80.8068693248671,2.10641553266654,13.9524117454597,2.86548190424618,15,93.8211241208934,0.894017453445691,2.46728164074656,0.334879594746778
41.9522711730021,0.799936052944075,5.52036226079473,0.628183002773913,15,31.2952647165181,2.37884679830731,8.30113147107907,2.6396652554845
17.8272140846935,0.767829787963654,2.06296342429396,0.454401298400054,20,86.958653082599,0.77309755311993,11.261415655355,0.682831712677388
28.6963630161629,1.89612636812997,7.66342865032102,1.00897227678841,17,68.2699357413235,0.883219088415429,4.51458743848233,0.648614687747308
111.670190255189,2.54671990371485,12.4516969180352,1.74753262090716,12,13.1637185355103,0.491085348125835,4.46733724705281,0.602521155235684
61.386331423785,0.954538793853902,8.49925139062124,0.693935551093514,8,48.9191730226486,1.62735503363093,10.6004757598046,1.40781293979266
101.971181893827,1.23116943279151,15.7750287617535,1.91786373910084,18,36.341355163501,0.734663214026139,10.2353042705408,0.665507568838244
31.4098922189555,0.411072270775292,13.2414938361002,0.899792739280606,23,24.7486973583576,2.46014849640611,6.05019877745714,2.85180806620565
155.020618241949,1.23530414045403,15.7976149588157,1.86314982514137,25,10.0277072808337,0.358164467813547,4.09331870019915,0.401475770421791
53.5200841814645,0.967305125350653,10.9646134993802,0.7648882784109,11,8.06321799946272,0.38216523209015,3.51010336155369,0.607052782383488
28.8220128559088,2.93606087328848,7.88403362354132,2.21583084770389,15,35.0155641996775,1.04338327037989,12.4306920153611,1.98811195777666
17.2208358964583,0.42896450580142,3.97111780964052,0.536498944842205,18,129.495847693063,2.28153432695199,14.4859253692345,1.86412578801729
26.786873569305,0.534995638325485,2.65396841584035,0.473430730092055,24,63.8807860575063,0.860291460231359,9.50059328744608,0.714815669836004
41.6244532069625,1.23196174848282,10.4728325264487,1.34313167525221,21,32.572415534115,0.409723685341166,8.08390696601748,0.961889985999879
26.7238567240756,1.25945459981679,6.86216376590196,2.72999636138521,20,42.3325479181898,1.70193408122285,12.7903446588308,1.7944568619416
199.990793009892,2.97083900191656,16.4076497784137,2.91738711897839,20,5.34682743924902,0.308660551596152,4.39707543140112,0.540008256540478
42.3546451624796,2.42763316555058,9.91330341704018,2.64882577248521,12,93.6427303486514,0.801916692759175,10.439660197909,0.958395605899735
137.79574890546,0.603156553377178,13.6125430291756,0.953971830458911,6,63.0412969228512,2.57490552166967,13.8130152903504,1.8054804951945
232.596831345952,2.60552461100085,12.8440910892438,2.54808487460568,16,65.0114786583078,1.07209498956536,8.61946708738732,2.7426214398785
183.912158170346,1.41581895480011,12.7823108928906,2.71786460320853,22,28.1047316479205,2.95695602668478,8.44319928477937,2.1436645547244
41.5466303579199,1.14757738686327,14.6221850662037,2.84728483892046,23,51.9856666717523,2.11659332922927,6.12255244676415,2.57912857393057
41.4130755401837,1.27802634953067,13.5926190066236,2.65659132676624,23,5.14647428763773,0.365999678312159,3.83376681276599,0.554299502947621
19.6379808254084,0.549601272248445,8.49410152668558,0.880569607259139,19,80.7551527650824,2.83047702543881,9.01679522011339,2.48738958229068
12.1633152539749,0.380402746347158,6.81035921888205,0.626103640059365,12,23.0079242730748,1.00131188780711,7.75908040366159,1.06080601726279
51.5999611804103,1.59534879369683,11.9903439517313,2.8924522218963,29,47.6451497872856,2.46785595612699,13.8926265802816,1.6148918347315
106.064859377348,2.81049295946619,14.7124236327279,1.03204375033405,22,56.2696349063477,2.59468790080191,16.2358970677608,1.79326079741066
167.536383953503,1.09964981207682,10.2663097805226,2.73301926040402,17,90.375859619863,2.3100158882507,16.2724980215914,2.97354649091216
151.275902040009,1.5502116459119,12.8107899287449,2.41176748109661,20,37.7503697475646,0.492337231289286,9.09773933786854,0.610981409483805
66.9141173171034,2.08828154071592,15.3333650603543,2.47860616837548,10,147.446230464477,1.84365748401908,14.5757244597335,2.31233934663277
240.833692060558,2.186921586942,12.7244016296064,2.25702862654413,13,48.3779502011147,2.06009346362842,14.6794487028977,2.58084912413418
34.1140063912582,1.25810614232112,11.4968772200195,2.75973496975964,10,27.269981327652,1.78248259404399,8.22189975325733,1.74046033432702
52.6294784875633,2.36986598779348,5.69847903906054,1.99934865934541,28,82.7732849712494,2.93001948197281,8.44769403039702,2.82401334926131
179.424600446607,0.977202224229853,10.0525771266823,0.788210701770501,21,96.6167716057768,2.08314798806296,11.8551519927263,1.38029287032251
66.3146251239978,0.915714004594442,3.07293125017268,0.365096112170909,27,55.1374139830515,0.665045288165985,6.82962545945155,0.630987519704941
10.2548564669611,0.561167272385096,1.57134020901063,0.396716616155807,28,42.842444379524,0.823534782825037,1.61606763310348,0.326871983655585
96.2974374170988,1.04312455384862,12.1602381740535,2.1875690554715,14,47.9321277709258,0.425184275981132,13.0570189097808,0.937279656412685
17.9428451909054,2.38559720317886,5.67381696911027,2.83633193253454,2,62.288054417446,2.14557262629535,6.88012660912063,2.84046032547925
128.92944683999,1.32255775892054,13.1110277836558,1.70186949903649,20,23.6423200518178,0.947579307967243,4.20941496208355,0.578228818906603
21.1046853298905,2.43208560828851,5.4955081331068,1.4104024087557,25,34.5498644537936,0.746344635558117,8.9061445033529,0.76521579398408
49.5943309353071,0.974155713917675,2.06867803758476,0.372732568802999,17,148.818378135715,1.62252837649241,11.1433211334851,1.13517035471743
30.7250175083578,0.521264010009378,6.98411302065349,0.60333726141354,12,32.6551356467792,1.04947816138221,11.7092688896641,2.19599718722231
35.5088373677184,0.707827096252034,7.83656597204374,0.520986113319629,7,71.1984582425341,0.633918251935369,11.1791127055754,0.915646512235325
75.9914181627588,2.43008247459966,15.7142097959424,2.49650985761818,2,32.527895905063,1.46523339241617,10.5334565825331,2.20449992206208
79.5014401872703,0.923437318593376,2.39498868550673,0.40365429015196,1,63.9415263701029,0.911553227249185,10.1806007464298,0.849055954420256
69.4676677451309,2.31064628171832,8.36794907755543,1.38472416150284,14,63.2604985413627,1.51261156512461,11.9581978115839,2.46041552491956
48.4367331949713,1.92413810635842,13.1552098233151,2.10003532576052,24,73.8368584130187,0.72169178072148,4.04076266131368,0.398704360118993
52.8552317862232,1.86255593733268,12.6507872102698,1.24982503211951,1,121.960378693679,1.82870497800924,9.14811114151126,2.59720015924619
163.393860834932,2.79845986474488,8.70280044311693,2.63990082785814,22,12.2560716819798,0.637521954928536,0.877634784132114,0.32956070585623
73.6082489536938,2.90000843243737,16.4607649183462,1.89962669406007,17,20.7936191121958,1.08237466166479,5.18749780846699,1.09922847932281
12.1661884950794,0.368740101241172,4.35062558173757,0.497714520338519,21,59.8521381295748,0.706055805742265,5.87018398931566,0.722293246937149
52.5019836747746,0.94623592228043,11.040933287491,0.658152471925747,8,140.21524541102,1.90074770392553,13.8194574164219,1.42429114105515
159.815181214161,2.58629278150131,9.4626174881527,1.74359716353819,10,190.692383081312,1.13051438032931,15.5199924212635,1.78969351357698
205.572605944589,1.48751846343384,10.9799966648698,1.36806000298381,18,54.6593423931339,1.84978964481734,16.0901247606733,2.94046117015732
88.6779125494359,1.22605897608382,8.82067983321325,2.16102180270645,11,28.691763921293,0.425321261840382,1.94142531054202,0.353154610328682
37.5054629399871,1.25008610396079,9.81877468428909,1.20247529481476,20,15.2320456283069,0.617003057893193,0.985341058301849,0.321040920098847
53.3559011427981,1.93610440422652,10.3357427863076,1.27093748954346,14,8.88070324424975,0.526588447186867,2.19945296767787,0.463956069915679
7.01643282628961,0.322391792288527,10.0965362646114,0.736212732019766,18,33.2403484744585,0.64053539869223,1.42716259608135,0.315452795747777
38.3669596388171,0.438649824224123,7.68578871269834,0.526403161035996,15,45.4304530537928,0.771202246406972,1.05444736985674,0.342771227649387
51.163300874356,2.81323468955719,15.2581713755057,2.55978522097174,23,24.3203280589657,2.01503030417897,6.66380834927807,1.59645072924808
74.2826099059444,2.97753508969408,8.84942285016359,1.35332312192035,11,70.695585902357,0.651153351618446,5.67421678372354,0.704533280655477
86.5873653964842,0.608374982576825,12.2518458342925,0.903440050458277,19,164.131205542536,0.897276042025417,10.8285618469276,0.822419266709349
31.1657127598911,2.98724771275863,10.4371876948456,2.51888237497862,7,21.7414185981897,0.443445095098588,10.5310040512566,0.954474368964419
60.1394610697643,0.440451323802105,8.49260179381096,0.874616956137061,17,117.795652709904,2.54804492917803,9.75538172105348,1.98366811245197
13.8235881256162,0.423561540377751,6.71320451352844,0.603233511693302,20,30.2441558694665,2.29521726073573,9.12865451647917,1.43563219822093
67.7119430140571,2.76276144377919,15.3742143390328,1.2424799482089,3,53.2262586109253,1.78840429357468,6.13760529370147,2.76009596944474
17.3876501398239,0.525134114087858,10.1921257107785,0.980688198302608,18,92.6682259821535,2.79395065757715,16.2396143340685,2.02956445422553
20.8912360636813,0.58853315459973,5.72634292647733,0.957440736075442,6,94.6037079868025,1.14729490805695,13.9813862634555,1.58560849062814
54.2017093536562,2.52044978451204,6.57693160939976,2.49358131312128,16,35.7755103308737,1.64352930849321,8.63112527248139,2.78620997242674
34.5156989368943,0.34557592913468,7.51796494138239,0.688603501679095,4,52.8324462043676,1.20699052738417,7.62725318031803,1.64000109377873
39.7821307574452,1.17647317268809,8.70063475073699,2.23453889189944,15,38.5087509043228,2.48944201008755,6.04983416673814,1.92760998498808
178.744123654275,1.48395058257114,14.7207995219101,2.66913085007267,25,4.20160428103706,0.328350806766905,4.77687054000336,0.624036920336341
48.6707320571917,1.56379023188854,14.8822974428364,2.86663711860603,17,35.8713429696483,1.5155595897373,11.5520898011139,2.92218889525847
121.741231359284,2.51371391992863,11.7341309101042,1.65244714711339,8,64.4351677430564,1.47041279166042,9.2548516976009,2.63798368726456
35.999046235884,0.524060622575441,13.8719775844233,0.904175990451294,5,87.8607407593132,1.48165670521556,14.4897162934374,2.54071627754346
20.7623714545301,0.388672595151686,8.61995107982353,0.553883597282632,28,88.0095771422567,0.963664448397855,11.6564910788239,0.968581713272185
28.5747228996194,0.774909171618352,2.5188971087102,0.374163307011195,21,55.3973463126873,2.39046667446677,11.5650754831673,2.04190668226368
240.399331331192,2.39471631666946,13.0216771905782,2.79778427060823,15,52.6873147933916,2.28973237561639,7.46290872919672,1.69970354210223
58.610854228084,2.94013861693789,8.87811379451502,2.55777167748232,8,49.3986962589163,0.656286139652355,1.7783000515606,0.370615968560889
53.7655609995192,2.86977456858174,14.1414847858178,1.54567688687022,4,31.9162436481432,0.497528077297385,9.69920663783356,0.848567139172923
67.6106896078512,2.02622004490615,16.9082801820322,2.38669432020314,26,46.2598226204405,0.901605936211947,2.57281522402149,0.387510089813298
79.6941808992927,1.17155281477267,12.6254289520578,1.40233767330131,28,64.0506938425106,0.832441004249539,5.05476256578596,0.626478301584044
26.3070485136988,0.486882646213038,5.88640237372474,0.453313467578838,9,89.7585402469452,2.4621037862123,14.7265930825467,1.61035742503619
29.3565304323128,0.478723602053981,2.97493619955368,0.424183286809217,15,62.8663293620028,2.75462603203382,13.6448466414989,1.05679187600562
76.1401221237676,1.52170006993116,11.9184847192713,2.89924705956951,21,22.5313303305556,2.21936727467103,6.05770463928422,1.84865029223547
48.1163073608495,1.99093704854126,8.8767079162684,1.00681631268271,17,24.3142397492601,0.519943723891565,6.33573351281901,0.577579638503915
27.4206567623537,1.50955400070848,5.64993065276958,1.91486441164913,10,107.9519456298,0.647904669473992,10.3757829456647,0.964798539454919
25.7094902974178,0.778717118743543,1.44493570968354,0.386479567315685,30,100.516805273727,0.597057708073372,9.15887819002238,0.691246255997689
28.8699058077507,1.60741864296481,7.71936324495028,1.11457454261515,8,25.7150238718427,0.68719316640138,5.25390737209841,0.674858884632904
28.1429673203524,0.902353966102589,2.17561724653337,0.435030200690488,2,37.8085723870979,0.976344891391513,3.69538102545489,0.654403729885068
49.3505992265941,0.881933018229598,9.9934017930656,0.899033228706574,9,22.4098845143351,2.42600150410893,6.62053178166564,2.95735321240724
39.3210379467399,0.843048851517544,6.11396315476019,0.583844435150062,15,29.8005494433161,1.64129652459321,9.00067550802786,1.36410606776497
5.82985727147656,0.394320263880391,2.19305820480668,0.438316241562942,25,56.1401539485021,1.89031402513234,11.5852952696093,2.68919857319861
74.3970299912652,0.990962246301897,10.0340616950698,0.684328314853852,16,73.550308503966,0.581409325579157,5.43686013135821,0.74674152663246
31.1229963012566,0.692433417753969,3.25264584142935,0.474497280854567,2,20.324958623438,0.596602525520737,5.42393231476594,0.530610662396424
141.230040299074,1.64116106857977,13.2194157533461,1.19510268855135,23,33.4401493362095,1.32115981452326,8.68510364554283,2.96777466868801
29.2789517947146,0.839857849881261,7.96507734104756,0.97125007961798,5,46.7819937237583,1.75245545538999,6.03193663785933,2.94952826043618
49.8744314278351,0.929810280818117,7.1718836446532,0.646982385017817,3,23.6445623636573,0.978832846182972,1.56322155938322,0.356626796128205
32.5947004945852,0.573981662525496,7.41483324990504,0.738827002920895,9,20.8045455884765,0.50121340769725,7.6240553465054,0.61747808145843
20.9257934601995,0.37063735429269,5.73868012404315,0.996130478423123,8,9.59303197250589,0.316243684182655,1.19856464315653,0.307381873003358
50.1787393986951,1.7599129689794,12.4889933598435,1.05055667176126,4,34.6389877387813,0.396198378311003,7.19478389006369,0.563660934460421
61.1213673918382,0.655986323709051,1.91748574219469,0.338092906177906,22,51.1900443608482,2.28899453611165,7.62244808748432,2.26294356014901
7.98051640661259,0.333566941465006,2.22319578369508,0.343956803357828,16,66.8503029998353,0.878078083392748,4.94982793276783,0.666613818869148
14.7976000844796,0.412199500944604,6.9260698717707,0.481689852853725,18,49.5986619025788,2.63668142931822,9.30104854908194,1.92378016044632
28.8879649596139,0.769527643379506,9.23965456935231,0.849723868225081,5,74.3841304338111,2.26996070374128,7.78089111382233,2.50845306661409
103.717768598999,1.89775134553685,16.2360432188108,1.49852715613197,17,37.4472321856706,1.4548768992411,8.53844671630675,1.6535624423143
137.614959828662,2.97139327410085,8.2580708859755,1.78503454964471,10,90.0527225874548,1.38170988543032,12.0013375578279,1.33747564543505
34.453759298218,0.678498746873869,10.1175284456685,0.834876757481336,3,177.392879847764,2.10112335578933,15.23924043812,2.73906917537327
22.3558472269891,0.501383861757877,2.70648786968361,0.439461210705349,4,103.8501260731,2.61977702746761,9.15105729712261,2.03523239482985
66.0451825748326,2.69267742536826,8.80957661893149,1.42181114365607,7,53.4934862900897,2.58516349401117,13.993549861077,1.46168642347492
44.5766936821637,1.64596555480006,13.9121313451216,1.20264324726911,2,109.094796721566,0.950586250770438,2.53036557340272,0.431457992056055
23.7845151955543,0.546622919459042,5.70747958568001,0.6825191830058,16,91.9032985459185,2.24252755847577,12.7151507731031,1.32864766272945
64.12522566206,1.33541888125034,8.76167031378359,1.48198509667266,11,194.695303397833,1.72777796633456,13.0087841676885,2.04385102346318
28.7450329126871,2.00204714771006,6.251773391172,1.57708862577137,26,26.204558614239,1.6477207176031,7.80716584935974,1.16590332281412
20.5146362354001,0.982378254221197,3.42172786271872,0.595002143308752,20,33.4557232685246,2.14383501949569,6.48804269832579,2.20986126902576
21.3516461303808,2.50805450377928,5.65570330445252,2.28731735750186,18,66.5312665830884,0.815906178493635,2.39575777141754,0.362160757275702
9.47899075932992,0.368836695241709,10.8709664157092,0.85190291097142,21,73.5651654311297,0.650107130513617,13.1655499936039,0.991531801451319
31.0999475223737,0.674127468214554,1.95021283031334,0.337025946233617,10,49.7977572581447,1.41851703842778,5.56819950804371,1.10792361623154
81.22877872482,2.17836030405212,8.7400949601581,2.17741535448205,2,40.9708325074644,1.75476101848578,13.1546938982059,2.89582574947056
50.6138150461595,1.66284915211515,16.2035910773746,2.67866664114524,11,87.7588775495016,0.884817762465133,9.28495311308007,0.791014234000677
24.3810123557319,1.28516222831707,7.42848257708473,1.82520911968444,26,35.4331455940201,0.823418421321225,6.7181379962243,0.514172747362961
63.1650662702655,1.95433134494506,9.2341750432702,2.16487475047686,14,44.9403351961984,2.3927931036043,10.5202748882795,1.3348037154407
33.3517825545663,0.770025158219776,8.11194962498009,0.885512050852899,1,118.904448064714,0.998479723139603,12.374466311568,0.752233056720733
64.4618150505509,0.601616593244098,6.8132307438719,0.818453113310443,6,15.2503952860212,0.821108823883124,4.08029904554214,0.662948262177849
164.954185535797,1.10562018669039,14.2406945130184,2.00153600979657,25,95.8765986205169,2.49329585510632,9.08932274022775,2.37682727295949
233.574737586128,2.94482775401354,14.0578564770129,2.31499819750614,14,42.8757912141738,2.97075220983515,13.1525694789154,2.13538788873716
65.7027325939963,0.503298192591223,8.78509221715379,0.60078323131574,17,63.6882098207781,0.378996359053722,8.63836052615269,0.555591809205127
16.7936703483488,0.839667088879596,5.67050256000169,0.893571740676961,7,57.9540697509982,0.837144934681821,9.10645398142238,0.88602660346785
161.851410859478,1.67118397572418,12.766756912965,1.2679611543651,17,48.3763242778161,0.863223082737875,9.88122862976734,0.722273648732755
37.6514821343622,0.853486010114771,6.58945419111091,0.599506640998582,22,31.0010364736232,2.41835627563658,8.85704594125246,2.40335142773327
94.6288613446033,1.37514769427858,13.0935943369212,1.14601838053939,9,46.7941825030085,2.56905890371701,12.4369836782236,1.23033369846677
43.9400953263879,0.724600266835575,4.07958649592277,0.701752142195825,30,26.9243754654342,0.340648394331594,6.44169158944531,0.524888022017472
73.21768914611,0.60476140521001,6.94015184566556,0.527084946083184,26,43.621622815049,0.528416149959942,10.5148239465931,0.641773316022723
74.5771992066134,1.90484075577875,12.8283357184905,2.08851275015837,15,60.0412439045146,1.72277777059445,9.69725493773265,1.87600475059921
51.8983697642442,2.58792145746742,10.2187982188378,2.83224902281936,21,15.4775604848529,0.451093533712665,6.52549983482435,0.846710476367253
27.1172101944068,0.474681086128215,5.51212934309313,0.449757864539688,5,64.8873928611956,1.8904342633144,7.19212382435103,1.7040272630726
40.9911120527217,1.95286806164663,7.45760775302845,1.52868916389186,8,42.7058354206468,2.68588733687538,12.4293947504703,1.55138660949193
114.275695222352,2.10271974388301,6.7549137034863,1.79796389153159,19,80.0624497366287,0.859913499862865,4.60674086160306,0.471978261134957
27.3408219226658,1.8521399069192,6.74061339282069,1.8210335328545,4,22.9814859969267,1.69571698376293,6.56059076852088,1.83081926449134
40.4732530209189,0.627460133858479,5.94408956783733,0.701826411183057,13,41.1716604671412,0.668823054598578,7.21173826683777,0.658920936139606
121.762526362463,1.99444542171971,9.47043333996037,1.74673575020134,8,145.918796946524,2.13081033696412,13.5855984699014,1.35123912680159
86.5176409790392,2.43256188325257,6.34817483793004,2.53167914688234,26,54.6162684395189,1.01719580981743,7.21803480405031,2.57975972994025
54.5438192491898,0.988257640738283,4.92792972418369,0.429556653496059,17,104.437466887394,0.874176702058997,4.25628201790164,0.449278623467257
35.8287535188796,0.934585692576788,3.43236667031753,0.440092912957239,5,83.3266075881549,2.7714410978152,10.5249686629271,2.89713304475062
94.5781905320044,2.28457683959055,9.57809568806523,1.05422846191702,12,51.9877205968247,1.40108866262784,9.72671373798658,1.83109579332423
10.2803614312278,0.491071378140137,0.600602318273063,0.306999163938783,28,20.3707636199842,0.361160506303261,1.5834147120105,0.301258907552219
75.2880498963609,1.92777744646194,7.9642884050824,1.03065651159092,23,76.531830051094,0.642301261597037,5.41524762908292,0.637769038586484
31.4262709434549,2.19933261469735,6.78095517445011,2.85631009639629,17,81.3514453279477,2.28399179394227,16.342596453564,2.48488933520516
28.3465607619388,0.368239345850691,12.8254265932056,0.808975748430273,2,73.1955080140288,0.989658433672438,11.2015974894439,0.748148254856879
129.346131171551,1.34481789098832,9.09968608573427,1.34965582148824,18,60.2824977470003,0.931703643292344,9.42518140550515,0.586969948579819
45.8207611327311,1.18085012495854,12.4322577268881,1.6522222171076,18,86.0232253226662,2.84140464239475,15.7040682031907,1.25709549776527
26.7475114289181,2.50291501838163,6.88990343187396,1.4044300608132,21,138.376646890118,0.97721103508699,11.0158157374714,0.878898757238012
87.8474039820792,1.97510155606432,9.21810789776695,2.53010712706313,17,24.4641209652028,0.409053172538134,8.14716097650548,0.63826786627675
33.6941885570998,0.584429638398204,2.16917938366848,0.419241000298674,18,55.3296151703191,0.580391534540629,13.3312572071476,0.841082045298691
23.9197402054035,0.428590285983514,11.8710691201151,0.808556123304293,13,31.21007795988,0.954849718761317,3.33535712169634,0.45241761927652
164.991276412909,0.666686525447163,9.72932473546463,0.660522937329322,13,22.627619822086,0.654951410195539,3.67954367194655,0.531766406079329
158.453176628336,0.835476626347753,8.3123882627264,0.56756942861376,6,57.3265423478707,2.56375806925228,13.7356954300475,1.3910998800346
116.381541924845,2.29491334168595,11.5166220599331,2.37435955946671,7,48.6417481946399,0.597715591701697,4.81839616394646,0.681408144612988
154.707455919379,2.52960704727085,16.8245928258954,2.10780076455568,22,82.0140275094067,2.84378877512184,12.9368127435051,1.21637739180722
93.3739616862181,0.675677800840112,5.63072313776351,0.573522475144582,22,71.6460154029963,2.74466356136227,13.7800842330385,1.36357743787304
111.400357325913,0.890729131773813,2.89157756255302,0.411444911749932,9,192.284472215211,2.6385813403741,15.1641636144748,2.08685440139423
24.6885996007508,1.99870334756526,6.02739749343817,2.44339853108239,21,45.8500414315435,0.543915950734247,4.08332027103561,0.636309796329192
84.889877712313,2.3107288620198,7.25552594386861,2.56179732850951,29,18.6404567136901,0.689348334521031,3.12835275501406,0.5666461129832
32.4736266514696,0.839487218738604,6.18820775177183,0.907581601951493,15,50.1870212108092,1.09722899421004,7.83015688522987,2.1332296422968
104.127680136102,2.73054199386114,15.7077525685087,2.70221189811746,13,77.2594017829861,2.50243415196021,15.434826406136,2.48854099895287
61.9192996698369,0.717734010925097,2.13472256719103,0.432390040757946,9,110.150193489925,1.53617043889998,13.0920514219955,1.79015335724392
11.624221276653,0.436199816316117,5.00508907164275,0.564820582571155,30,28.6556129930072,1.40399196980604,9.05162959561087,2.49438286251017
51.0023852204555,2.88947742749524,13.127435527279,2.6038034338977,21,48.1845561823657,2.08828994289096,5.8522484539096,1.47924064835296
49.1761783311564,0.819574243703457,6.4410796524968,0.630251738719648,1,38.4368408329144,1.80477432074404,11.0485379693169,2.8944579477092
85.3311976134048,0.827050842073739,11.7749761378865,0.718604881522481,8,65.247012966056,2.31235602955604,11.4901677466323,1.10656548167713
38.2038808189996,0.720018563266177,10.551906454481,0.895836053766335,28,64.9422507946339,0.777190546662581,6.17348311432484,0.73021561096594
262.206271912154,2.55580254330152,14.3901894988036,2.97618353424556,22,153.116483187794,2.68589316575231,12.8361508340931,1.4299372985587
210.18464423235,2.58871864642823,15.0546113251394,1.67723681169394,30,136.869926227178,0.862959870820965,1.83006767432177,0.360129080454771
113.360531914816,2.58762381419583,13.3017419245556,2.57672655725033,10,67.4709358439064,2.6652721851684,8.71465159279872,2.50622542364333
284.406106944298,2.53629965570027,15.1633841256538,1.20150215562751,22,34.2239993228694,0.890486246207835,5.81965100936094,0.55468617898254
39.4144173927779,2.22753829446606,6.81779029708244,1.28366809634001,16,52.3054485197603,1.33300347246271,15.5928221133381,1.7029123754198
64.1963479217368,2.61785813433915,16.5541055489976,1.77176253250251,23,41.022364213861,0.900226974859785,5.85005732772276,0.801285384707774
146.177996658422,1.87444823794455,11.5464540531438,1.36523641081976,22,11.3845589181701,0.423185573940307,6.14862808156975,0.805649046733444
14.3788906211777,0.363460391522686,8.36718988691678,0.79157449780533,17,48.9039999449727,0.876731327327428,14.0962166269561,0.922816948410388
40.5142363762674,0.930009380503685,6.28178071178255,0.592067081521586,22,53.7757194731092,2.22944133340393,9.47837777653809,1.27785840609073
120.014700757503,0.779129691970143,7.3806566111506,0.643905746818711,27,114.258489244992,1.98076685980763,13.9865691060764,2.28270338027377
98.9318724357909,1.58604492981333,13.4213835319602,1.22099229145371,6,14.6141421895748,0.468635251550479,2.41485186181232,0.426852128899188
121.502953576407,2.06622929960838,11.8804247986961,2.05201382315399,14,110.235236889619,0.864998451918768,11.7328254377824,0.76874546269015
27.043738908528,0.727659550914787,6.97695461404745,0.961016059769241,8,58.1974620851966,0.479108836027612,10.6280861917796,0.734987654739689
84.0352764273607,1.69567669109419,12.1495255489403,1.51825059545319,15,24.7248641609041,0.903445669496742,1.52744944932505,0.381489861008842
116.52169263274,0.807220253273986,5.17415899716101,0.438829384921568,25,10.5745266657322,0.355512382114605,6.12998144877107,0.632735061063414
71.7610365339833,0.998721301501605,8.03024411512253,0.983935585772839,16,42.0287522784603,1.88011302639381,5.42601648782608,1.15598041919453
69.3723777394208,1.9690371063641,10.64508311825,2.10000726468541,17,118.345037790492,1.56485366316505,6.9833153758318,1.9817567021546
130.28377653322,1.38767368800469,12.2063427893176,1.8521265582715,22,209.490594497636,0.968403198319562,11.4436550822313,0.823161912036293
75.6994732426129,2.81759822359685,15.3608649197137,2.72490983697264,9,33.4311789807913,0.556873770886509,6.36953097809008,0.519089285744527
30.8023342418843,2.5010066533383,9.04772140207959,2.93634280000516,28,80.2347818440724,0.631995042870652,3.51353719461642,0.386446506044425
36.0340318104801,2.5210907556686,8.36172780931691,1.61494687684196,24,54.7096359275998,0.895454421508795,3.61680397577294,0.418764649442078
196.854246374761,1.65175902476954,15.5993170859218,1.59723554528972,28,69.141036183255,0.925712480392122,7.37231254748,0.778280194147499
10.6353898684032,0.478714639243476,6.00668542933771,0.881303819974365,26,18.9218446634254,0.92268180163575,2.10949530810828,0.447276664704461
25.6657005731231,0.509413813106328,6.70549654358869,0.883968193168991,5,52.305886057677,0.759170577507433,8.56392040873592,0.702570625275159
45.4206116468813,2.38189796690286,14.688850990238,1.64291187102161,7,27.4807401238384,0.808842116714157,1.09447990681487,0.305539376465211
187.874179881216,2.57176250496813,14.8165656041602,1.02609546996374,26,69.4144275782642,0.930302620241418,1.96618957538734,0.42270730703899
55.1053480157881,2.06177597365826,15.3925605117539,1.63646649135944,14,45.3672875109276,0.603118906634552,7.73923032716054,0.559597442254263
95.122049978262,2.00655346839429,16.1460555334042,2.01370847251406,15,7.00288232407746,0.3005313406278,14.2075258022358,0.950368972180982
11.2673388381742,0.40091683773501,5.25016157143116,0.901882492378571,9,67.5793468683007,2.93114651942412,14.8814093742726,2.58257868742783
48.2141078170102,2.0276230502466,7.29150379354865,2.80881007366509,1,83.2212488331969,1.43164676205317,8.87083390727971,1.0922561947761
31.1528110092614,1.59596635892167,9.61805731913153,1.51204897286854,10,154.979991595739,1.38932306260025,13.574898144514,1.04426466158003
132.029173862122,1.59729120317716,8.78692335024132,1.16278305657478,20,26.4378027062389,0.660979276888591,9.67230672612347,0.85461195070224
34.3395895946737,0.757650362831879,3.95208302516507,0.595672180847998,20,100.393400813699,0.936445630972779,8.79578999220066,0.589473225932221
33.0956318607305,0.508598084376218,7.71407291043325,0.773371488687017,26,32.3087842288544,0.498764811811213,7.70275900782524,0.577999141254089
43.748914048305,1.44544460440047,6.87829307578305,2.22192558106457,20,11.7887995858042,0.361352539506819,4.65412491847221,0.406038063687786
42.6729388675348,2.30146756865847,13.5964884340279,2.21585652216873,27,27.5727884017566,1.80651657904442,8.39821212420077,2.97655972963035
5.99345901847896,0.318572888960889,11.5029014984234,0.92084028698324,1,51.3721649288581,0.64599400137288,5.21260726904616,0.624752644002655
40.0925636386118,0.908263907208642,1.17007096703681,0.330037680617324,28,21.5101616592096,0.69088423337399,1.58699199207606,0.393042544538943
149.991826552545,1.5761190868403,13.1482887787108,2.67950403087637,20,146.099698391812,2.27749579266282,15.3977899745089,1.77588333331792
70.3927966662319,2.59145179332666,12.3525325192085,2.25209499121644,16,49.8734149440478,0.873092835732055,11.3700139529728,0.773732824955481
8.12506907803438,0.389580890577542,4.72383725726798,0.593573811013014,6,57.5199614396093,0.704675690732747,2.00277593213813,0.342943937796123
31.7836597249745,1.82014466729389,10.1048861377873,1.54800991397779,30,172.891308567427,1.08224551659982,12.938769920357,2.47192308921479
47.3761750130382,0.484668616836517,10.3593483302582,0.759564131771952,15,48.00862496578,0.920329055709546,10.5362302325507,0.734316481237176
83.605831285395,0.472105117525805,11.4400396697275,0.973858972508355,25,37.3387400790424,0.758081931570746,8.47062350299587,0.983585894403802
67.6409520298115,1.75479552809669,6.93587274490482,1.96445532973558,10,251.137356651531,2.14900640297595,13.2300858382461,2.30790797340799
51.2194225805512,2.22895845963645,6.06275261014219,1.06305608197529,23,89.5855715277363,2.97298110542572,15.6044900066604,1.19679056781899
38.4173314081707,1.19757830607353,9.1072394593031,1.34145450429763,1,22.9284621446136,0.443470833269008,14.2889296985343,0.918639590547611
80.6526192082549,2.86227478846676,7.69879003222476,1.40092432620277,22,18.9206495238075,0.67901972870429,5.25136764780876,0.616585111027009
70.3249458828388,1.35048365193378,7.99182382907744,1.08365834506794,7,41.4002556265114,2.40942552737333,7.36809716998953,2.2537713910565
51.5849544464954,1.86578306849496,15.3919707923036,2.14788634618971,3,33.8066589764672,2.48041603818446,10.1681328336592,1.57758285573565
36.8107477938826,0.77801715568636,9.38548300383925,0.797111623261895,7,12.7543244367273,0.578213080493224,4.35262139203812,0.647806904998003
229.788955842447,2.38239126109491,14.4338212793231,2.40768679534241,13,138.741540498869,1.44805549329319,14.3597613426703,2.76590216484135
11.9372705120565,0.458666152214294,5.34560280268646,0.704099608859043,13,51.8208128340653,1.15492959879914,6.68045493213536,1.57614771193608
11.1591210725601,0.327781065304259,6.09610104891459,0.642552699540404,10,20.860180554451,0.827320844008796,6.30403639973628,0.818848876027453
20.5069075939519,0.402523040603105,9.13897426665291,0.830029383169745,1,120.908207480125,2.08078404527336,11.4115384920756,1.54635340242868
86.1692827908047,2.41836850842054,12.3144325379071,1.45888683525152,11,15.0535421241554,0.468969046365224,5.08609268741233,0.664862503929257
119.266693143346,2.60589686144924,10.0378458995579,1.14940405153747,29,121.657254558828,2.52049515589826,10.5398351530554,1.5326293904964
32.551521941343,1.10659998485862,5.92298082005259,1.94064435279832,15,48.0991712561406,1.51511878344471,9.55546131765076,1.73657402321398
62.6248659637161,2.07946649094652,9.06583184684228,1.07135596738586,22,30.7399102217142,1.23861739271805,10.3790558846597,2.29667123677004
101.129421321044,2.06297233629478,14.6890401846538,1.07158090422917,3,18.8244139457697,0.390368204036665,13.9841366619843,0.900471697200182
43.1247198095028,0.713401923097928,5.96304739411331,0.471511901799441,3,49.5972580488315,0.952857600625412,2.42923447083946,0.348215098605155
60.3265321334922,0.71927954054071,4.99458555331034,0.455654940482087,21,59.3509401331801,0.836364974208987,11.8475621864587,0.898576024881281
83.3420541088311,1.90313757555748,13.4566267503093,1.48832001674434,12,15.5683259321119,0.390989798916757,12.4159528248501,0.863648553103683
17.5719626728749,0.617656285121391,7.93898793444923,0.875751056902025,24,71.9359718601556,1.00916555144123,13.1373141069855,2.2755836162347
153.980366038444,1.4754831830245,8.06379759308971,1.0781384300567,27,79.4495197857174,0.797280879856217,5.41512179317274,0.774405863235718
197.535481437829,1.87407165687169,14.1239132766278,1.95125152149402,27,98.0137650052,1.49563555512763,14.8136279833767,2.65589006504056
52.8004935746773,0.964292721753199,3.89553287342889,0.405430620701041,13,11.641324116771,0.499388567177875,2.60552764483759,0.476269972991246
13.9663358304958,0.422131268940599,9.68093654972802,0.682279238098774,2,82.6835494566468,1.61261315403314,11.4366939539083,1.85991639764134
14.6079448976783,0.349353879736541,4.72853724864561,0.583815360306265,20,31.0883125079923,0.976454914262348,6.26114140905364,0.807382728960421
76.7534670584328,2.82412140201554,11.7056838541672,2.84576414416773,17,14.481229791052,0.365473530058944,9.14118657305989,0.932747583171084
31.0634501055941,0.876089763810385,10.3998976683155,0.987874629667919,14,49.1139144573842,1.47420721429141,9.78130302326564,1.53888856129394
51.798981384496,2.76276571347243,16.5586096541304,2.16278270777441,7,73.2237169171846,1.17710651450082,8.61957633944159,2.72940309747004
54.116241511563,1.51882864400801,13.1297069878983,2.88401734325003,15,53.1212943058536,0.988562217759446,3.33944570023269,0.44289664895958
29.2471894925787,0.510294705699849,1.40371457059126,0.349712178299033,7,35.3321597693836,1.30247000448249,10.1604616064713,1.17518811359168
204.514714127059,1.45263518700571,11.6013939488413,1.71111564858384,20,52.113500054159,0.601914385300625,6.08307524277385,0.809305037728866
37.6083016803222,2.84213592837599,12.2798894675348,1.52370621462162,10,59.0731361045215,1.61372665376016,13.2385522231924,1.33056419527166
120.21295594149,1.69550794577506,9.9094868564414,1.10586729584911,19,107.735729987712,2.87193525957709,12.6185692318101,2.86743199049453
66.97009109031,0.992014902237163,4.96236837799444,0.567303536437457,5,71.8263034421267,2.29038610698563,12.4442771619555,1.6365645340513
53.4991480602351,0.916136025455369,0.998165685936997,0.348322053551186,1,73.3932868807135,1.8433887503691,16.801674690814,2.82030574357531
74.7070979619734,1.93728754476338,7.74806190233279,2.57257582260821,27,78.4418083156457,0.857869859546283,1.47303148917243,0.303585075712179
5.75964982041978,0.326377342672191,9.72063076666762,0.691542714252415,20,63.5160609766364,1.14124467836294,11.6308112811972,1.19804386569659
14.4621589009374,0.435945201436702,3.60043332696837,0.419997104429782,20,18.0606083713432,0.535369011784445,7.23832249405963,0.665274293904082
35.5717939932324,2.27817892024851,11.2418019271897,2.17827443822055,29,56.6927859217453,1.45013537668113,8.27465205502709,1.16689696413959
156.171254969032,1.01204453792817,14.3158421144629,2.48755415094302,10,54.1093259091245,0.601932852288051,5.91528025340302,0.618923913147844
59.2117863134747,0.41722308806699,11.4264171059175,0.694701246820846,15,136.174238325469,0.65082420307365,11.5435172157775,0.748327262763065
141.648009448438,0.606980590768338,10.3838099370362,0.794000365707217,23,205.97909397264,2.45465137292951,15.6457497514932,2.96944339447835
19.8119911164663,0.327709582914138,11.3337997439872,0.95021210071017,28,175.506404438213,0.706109968208723,4.32249548321633,0.402632704405379
85.3788206569863,1.85760199932301,16.423803011973,2.894200627263,4,60.9238139892385,2.69344159628467,6.41080331787785,2.10437765221304
93.4244327662834,2.06968609830994,11.707623092398,1.52224157657089,12,122.04234394892,1.76690371601015,12.9286598576378,2.49204568895037
51.4872793994185,1.78024449673444,8.80440887062798,2.81508367355787,13,7.45722560609111,0.354665678685512,5.62709207265648,0.533875372837014
37.6068742852938,2.76607094931629,6.30629958321794,1.8648916700771,19,18.1998154361953,0.781086280631268,5.59380696059576,0.732240207074601
115.268287917815,2.82031863681692,13.7932870492008,2.97019177508757,11,10.8258317673298,0.387039240877487,4.92836143278902,0.568264151282976
35.7294625848191,2.91876049856395,10.2862663189401,2.96987294762789,15,8.21989236498479,0.30264930479074,11.2241692336167,0.92284810338087
9.42120942336955,0.423658626384891,4.97007463073249,0.63082785131873,15,42.7260712676061,0.652860667904624,8.10140039753532,0.891245129840539
130.983972005641,1.00590746441134,16.4397552487427,2.31778129308222,24,50.812695431709,0.753379215897037,8.53378376114605,0.867244695224437
78.9716069147632,1.83185473832317,11.1739102198365,2.8317493091531,24,55.2753341692907,2.03851173818806,8.09471729786294,2.28340836010833
31.6632778677163,0.77043727053642,4.51912663421919,0.568412622051827,7,88.1693055850567,0.970573144231806,1.20946338559173,0.319531001242661
49.3665929459494,0.693365795046556,2.20254385154305,0.367542623738835,10,18.094564269561,0.659281825869166,3.22945527268277,0.487494695787608
88.9569365289471,1.87471993194161,9.17255363844131,2.64072335226422,1,166.353575795619,1.74589140944096,14.6785515036083,2.00665364578899
136.027671727661,1.19825710782681,16.3768617821061,2.30017655933829,23,34.123942521952,0.596842851714444,4.41156614664996,0.750781067533958
49.5198012350905,1.15437507508209,10.2666440535098,2.75569605198839,15,41.915296999097,2.10252062235673,8.98097841451836,1.60841464270083
63.8458018815619,2.28282232534825,8.15111981756866,1.05024316273705,8,40.2377481151851,0.702189741534021,7.50606866277653,0.808089903331307
14.8348009091243,0.789731134088129,3.76793451003787,0.616104443931326,13,33.4300309171726,0.800786640689226,3.10007517957383,0.530535329518746
29.5053904704395,2.94955454877637,8.64834098425989,2.30322275954505,30,22.8277572606314,2.99506043007187,5.61048023810749,1.29933207726321
50.8433130004954,0.903537548929543,0.947844801610995,0.300633837504371,30,83.9238738529268,0.910196387402604,0.800740872548506,0.32807762477822
18.9465505381295,0.667506621003738,5.33848582268794,0.592644660498648,7,65.9632396161632,1.68561350731307,9.87817994839335,1.0326326438455
58.355185546201,0.78776742423069,3.48522933341806,0.471436918267916,17,69.019467160692,2.75588580001223,12.040046396964,1.55788730913862
107.259112462901,0.95551733781307,5.17181899777483,0.483423005848229,2,7.91494579329102,0.334029299668168,8.29236586080475,0.925327153108533
37.707979289458,1.14720224171331,12.2416794384742,2.15348216122829,27,36.1164535262548,0.915831121158877,2.50780124505503,0.43605366634439
44.1597382700439,1.59231340002098,10.8553149731396,1.38532743604642,18,50.9816051378831,1.62864216964123,12.7014965064474,2.659250629935
96.5272357323781,2.14103848897153,9.82874711655408,2.23335735740094,4,271.907581277682,1.98516783147244,15.7655291773958,1.51970977297546
27.5860903438113,0.372413736458421,10.5613778119774,0.835107285364807,20,41.5983543315981,0.784140091713498,2.08191167457376,0.342818090850222
58.0792983798832,0.797022630660188,5.85042561451702,0.85581184942412,21,43.8609025768378,0.836051987150598,8.12594756435477,0.748299508209757
47.0242415726637,1.096340278841,11.2474379781574,1.52827653927136,15,27.7234584339908,1.26739115766317,5.83872081825815,1.46407089005191
65.5605846047624,2.31895593885178,6.54986222359024,2.28291761126488,21,66.9337507721056,1.89928021708756,11.0845505944194,2.32950057674432
9.97380027067783,0.313845439388475,7.63808000307887,0.834966716023388,6,151.581845825279,0.989756691040937,7.37112252143945,0.521740431884594
88.6667198854775,1.67351711331672,16.4931195467886,2.13849683966663,16,143.685109820666,1.43743342687258,12.7282049339235,1.76712268087224
99.4252769493767,2.59477496992355,7.98592968675811,1.57507660133076,28,22.9441513671058,2.11974961927139,6.12309929346229,1.28450306227922
89.199285570919,2.61113264958003,12.3662534158806,1.82077315460231,1,7.25480782269701,0.35508722906415,7.3159083967897,0.590027146666908
104.777878695974,0.960060443288177,4.41404738062589,0.39760156710739,30,59.72383360964,1.78075208664627,16.2814211627322,1.64167348869484
44.4237913210158,0.810181448393756,2.26307730221101,0.44027569937839,23,47.7577720688298,1.14491416063196,6.96389114269396,2.08577962230345
29.6340255377477,2.3032644297858,6.6862193474298,1.45885333756583,17,120.623602711932,2.89178014290275,14.7609348473464,2.98271173354947
55.94540454646,2.35926186689512,5.90359088351048,2.04477094400362,8,30.3071594259338,2.04870680689067,10.0293087416989,2.4062101598285
51.2113724458201,2.61532687466853,6.58439303868984,2.72635178731446,16,22.3935406429069,2.17729602365802,6.08573961981381,2.72762359679768
52.7268836611532,0.446053655361233,8.54319142557948,0.96204328779613,12,45.7274074320763,0.457455738729875,2.44643118618524,0.399088511929361
47.2450700525995,1.72578240768095,13.5385295363359,2.24054938046953,10,116.442631770541,0.991093679840313,6.39840126890228,0.769865726447681
33.7228999663683,0.460941816498297,6.42264400854793,0.936706078395453,9,18.2608052246087,0.498270047078713,3.61303774706008,0.632479336635125
32.7726859956628,0.608707197873376,10.3522954991063,0.74396287464116,20,50.5405258936382,1.93954269312761,13.7077718219256,2.05896144726332
105.930131646472,0.74260201672598,4.37532124452113,0.418241493686003,21,34.865910507183,1.31499177995142,5.92470662631985,2.29277449555173
18.3136808830462,0.348537871358193,2.54110944059213,0.344253632537319,19,42.3923796386851,1.32539888758921,5.61733753342693,1.03734292480661
49.3309291857785,2.58070834991834,10.4861540475253,2.19138750885173,10,55.7373151963887,1.16805571288957,13.0425929014248,2.43330005605434
50.0307458334813,0.856285025714583,13.6174301565373,0.969197839279064,27,124.091448494847,1.50564360878814,14.9312262165044,1.119298452681
67.3429400870435,1.01486080287593,11.4907188227785,2.16228650296984,29,111.77340908693,2.2655753925041,14.2608880423231,1.12744780425518
26.8505476108724,1.0748822445283,8.85260801054891,1.56148609004267,10,63.2478497399133,1.14449152951349,6.36501200829952,2.42395453765974
16.7783190887642,0.594089645880961,4.87168883300348,0.75044738158852,23,172.656243655498,1.4826410442104,11.3645120362188,1.66110627319242
47.0678738995249,0.781372172786481,2.91839747403672,0.449713269396708,18,28.0834068970679,0.315405073237811,4.36410202813815,0.426838618735599
72.6504716896712,1.56908138525105,7.37298105361453,2.52545653116142,2,24.9867852079427,2.4289013385048,6.33531651815722,1.84841428894055
94.7805838558018,2.73654530026513,12.2989158801031,2.93940305480758,23,15.7406844992994,0.629098416689481,4.97475617450347,0.630927302719077
56.1829243459797,2.84224896383108,6.56788398316217,2.67007834081649,2,21.4128941215385,0.80076820363145,2.50549474433634,0.49057503621859
21.6250681925596,2.14013600805328,7.14611875872574,2.02908459869726,11,59.0231600653436,1.41623799082327,14.6473821632412,1.44897153810574
12.0880605430421,0.31243849946101,4.81802831629113,0.675841465631086,23,27.699191980582,0.588500734838357,2.95857423313815,0.39860680693962
207.523370195353,0.87836363958729,8.7901929411007,0.656541667062298,5,44.2040153734048,1.77868370687037,13.3258185904922,2.2813211508359
58.5126990671148,1.56620624587432,10.8788675565812,2.36524885970964,28,6.75866062925459,0.400840514329453,4.57973576995537,0.832699986847765
44.4018936378102,0.837165485417131,4.44556185835109,0.498742189959442,25,32.1776268202352,0.528805190445041,6.69204115193618,0.478910907061635
51.0307648910706,1.41474580328605,6.35327472951762,2.07517070526082,25,90.2664831063684,0.819863818002836,2.52549495769785,0.411811533105559
18.859812960174,0.536285632818824,4.28537968672316,0.572872601878019,4,22.5850060562916,0.608229199456994,2.7716168873109,0.39770150729742
88.3758836470364,1.79771095390681,15.2047291174591,2.61790401579192,18,50.6190366835056,0.987742633934715,10.6922069979646,0.681726026947056
119.757094324522,1.28761057954654,13.8711376750204,1.49991863176274,4,39.1699919522845,0.560512359605995,11.5650233947659,0.998008234691279
43.0932707733739,0.795071772001049,11.6438942850158,0.955805404204942,27,57.707727004669,1.76929431497379,10.5915822931511,1.06234590811321
224.005991767411,2.13462532309107,16.0684706889573,2.72239368889233,7,31.8171180287625,0.614712137388632,13.1936558397035,0.896367909241413
51.1052974073072,0.78898771891089,7.66038585402462,0.6209361965802,26,53.7293118493783,0.859598321793911,8.99953680480272,0.623344411170152
14.9700073034947,0.749852998421979,0.82787609174187,0.323377712632207,1,117.825012354741,0.735203695859336,4.31808597816434,0.429472814866228
5.80968059949232,0.335748131650617,7.12791768367966,0.577220582076851,1,39.6576538330521,2.31449291182967,7.97686572208145,1.21869078739409
29.6591191217611,0.770580807221465,5.88865801968596,0.595664026263747,1,46.7315262104006,1.01418019976207,15.2992646899487,2.61605917419922
46.023392339956,0.753208419317532,1.86647486404396,0.36269023475371,27,76.7595603814258,0.503634058097463,3.1474514386761,0.414314987256143
90.5175109179696,1.05137320991059,7.8198442710855,2.48839524239916,8,15.2334837534414,0.482301820952427,0.82626124426507,0.331673452166182
141.987137871505,1.34799307897154,8.12349261370224,1.87927416108934,4,91.4556513399856,1.20316308872567,15.2377660741561,2.78265637771086
199.548577737922,0.823603803279761,11.244802884104,0.909818911962622,12,9.98778337578969,0.338979823793719,5.30466953948557,0.848428513962772
74.674404388778,2.92946381579451,16.1342995667239,2.29520140001523,27,38.5911044579529,2.02519116839203,6.27536155954872,2.89241231282692
20.3065050157381,0.555852253186729,0.635786785373985,0.30954188693171,29,63.4508705457116,1.62869742862915,9.35561393377338,1.34617216965926
36.4215451786617,0.844674291783983,2.21879222351374,0.340303083317581,20,83.9476517808833,1.14421440007092,7.4888075713891,2.44047484895659
19.0834282491966,0.44988704392493,7.58040847630353,0.509619843031179,24,47.3660883310347,0.725443835535965,6.81498985165582,0.780238394783926
81.0046024555357,0.777111246650434,3.59280911701211,0.489479703689473,23,26.1719686149015,1.79413207107796,8.20759931135929,2.60216625191622
58.1882229773073,1.60966403880918,16.4845562019328,1.81820841093703,18,118.407462672082,0.643815712042433,10.7878392487802,0.662527476936124
67.9205224626748,0.898716243486146,4.70419287046721,0.801168965959406,28,54.9067626736046,0.510982154566619,12.8334078425658,0.991763293422234
98.9236843994361,0.914787840908261,4.31119723819323,0.55057149980397,4,113.971735993808,1.64549986225757,14.2324634478572,1.48260094352972
26.9256293161262,0.722497907265719,5.41114268480798,0.525374624799005,13,34.7501636663276,0.515102118492573,2.96936628787663,0.49238194082031
38.476470701272,1.86698326448756,11.0668989146025,2.89884417366961,24,31.7804629485838,1.77584185773492,7.96507527424031,1.26443940367731
134.260512390655,1.02153398887694,15.0456193236323,2.80096626039047,24,120.144704337184,0.768818607787553,11.9316269430705,0.914508329078777
21.4645866409784,0.924304132347397,5.45344488324592,0.65990321389255,1,53.8511037909574,1.3714759129716,14.8178577596888,2.68573276619847
24.4486840825465,0.875237006108691,4.39965289983467,0.544296153556034,26,76.3373359506991,0.741952634168739,6.24700831192831,0.85923353685346
51.5198932626229,2.49334159798477,8.53368589037883,2.27799528451087,4,40.9203914055328,0.709448144343473,7.01368278779366,0.93240049394831
9.27198499405237,0.351571821129158,13.5549254146775,0.960895781243819,28,176.064085295561,2.57153953091639,13.0039586299246,1.55205340131138
30.9475871720597,0.894552472461697,2.32576486483427,0.452295275245489,14,25.1293624450477,0.395182760457857,3.7429627972052,0.445879613150189
30.4328878695587,0.554647919902746,4.61230322933962,0.549359418574841,27,24.9313987971354,0.645121464057786,1.4057503239436,0.316712201641023
5.3732313043898,0.331910173856808,5.38770082523893,0.696123978634994,17,60.7089073209262,0.535355275034914,8.01975106777028,0.58700393158033
28.3352168731325,0.805832151541286,3.97756654923428,0.624406833292634,24,59.7551911045157,0.887383323533191,8.68563946580698,0.79810312375853
82.5004699460167,0.731544041962916,3.36383784891159,0.500294631726332,13,167.976979962779,2.81411580813311,15.8816949925505,2.30130157035025
57.5639939426604,1.80942590802926,14.332629351189,1.26575721188647,11,27.2738158066839,1.03312907319587,9.88890531901884,2.40514253720918
31.7513403097103,0.73894152350138,2.01626585740506,0.388869964687716,17,81.513843886258,2.32926585366518,12.4209550735878,1.40702081674899
70.5817675568957,2.61149891644507,12.5086802070484,2.52104720048183,4,32.3579203479629,2.44921389605363,6.80991281942137,1.06972645777725
58.474545155407,0.861379046335787,4.95316249527275,0.666737505655861,16,58.6678787886285,2.96997256950946,9.13986792870202,1.61718424918523
153.70175193986,1.5096540841522,14.9427715550556,1.04655733581683,21,72.1428499883689,2.90701946403062,7.75116063708929,2.94474213198598
28.676684792155,0.461613251860105,9.65572131716323,0.792218884386149,3,206.359353827009,1.50773605102057,15.2749111388342,1.93040483108007
23.8275616050348,1.64308901886965,5.95569095328293,1.37260280100713,24,157.402242022607,1.46297866224477,15.0601452459235,1.89212864607712
49.9993779141796,0.926497112526941,9.46376295383842,0.648533097844561,25,26.0898912009747,1.92203964964399,6.67261315503973,1.67024666514245
59.6975803078277,1.12111440824484,7.07054143806868,2.85725151262002,1,142.471517450118,0.881123881835623,7.50529365919804,0.691626980363592
38.9267742983314,0.920838570680447,1.5669032106264,0.335598801295671,30,40.8018665556308,0.850054083036047,9.9147774351786,0.846375336806308
65.5092320011607,2.62578934497819,11.7888944812036,1.99727115615176,6,107.154146026073,0.776280445241236,5.64407439522167,0.528264364894247
65.9755610115095,2.89704143944283,14.0154199805419,2.75866584197772,19,37.2012781546817,1.95890990878646,10.7029228387406,2.38992713619796
15.939026710729,0.777525150867776,1.97288003361319,0.422918151920109,9,291.388012917124,2.41765346183424,15.3141447203655,1.10190556907969
127.72313263356,2.3301796330674,15.6570930411179,1.45414212277569,5,12.078288000008,0.440880073628653,7.84159172735387,0.961180064486856
186.382665503933,2.30470207373921,16.8754114488043,2.35248401489542,6,30.471274429206,0.671616012705914,9.103831348729,0.885237516931212
34.8696418167182,1.20057289655858,10.8744598306046,1.07791775237674,12,110.390499218968,0.589691750174974,13.0136479244081,0.941069711252582
75.108434760151,0.645934187850332,11.1840368449459,0.7290253601322,2,20.3713735346039,0.444692032229975,4.24522984591818,0.557201159748621
71.6487671090039,2.01968309602689,16.1845963766663,1.4288117223781,28,31.1231639823664,0.811016124635878,9.37294991620963,0.91137063296868
145.030860159266,0.981322852819182,13.7114319351047,0.876936660498834,18,25.0046101264588,0.755537073303136,5.33633736081348,0.707160987336157
163.931936442701,0.787814049296284,12.1739685300292,0.958907318003022,9,3.82577996975453,0.344810894614965,5.33778388658856,0.718542405684177
37.4838744503071,1.39078287713718,5.97987334133885,2.18273486546475,29,64.8810850185916,1.22142892917031,10.826250314673,1.09701362520005
104.580668158438,0.551501571816157,2.03331921488767,0.330981214412152,2,109.656133776732,0.545201055718496,9.88207698052803,0.776330533195054
48.3443831262033,0.731594466092738,8.94022249322168,0.975296280447488,28,45.7204271104658,2.06013424070227,5.77627824862914,1.238238854746
115.8440877774,1.20920185765042,16.1368769205589,1.97485432483937,4,104.213819772801,2.51958794467188,9.31369397034563,2.30056751961405
36.1435584714806,0.704439040991594,4.39668408007679,0.446005595929273,16,54.8765398477011,0.839717981380884,5.92031573945903,0.484648857449352
20.8961092832206,0.694550517213575,5.13912683573511,0.778076113697874,6,131.90767696464,1.42793063794391,14.1547572460889,1.31979103930796
48.7011822800199,0.64366657657843,5.36104674722904,0.611401744565737,9,27.8430457695546,0.432221328286886,3.50319896632657,0.485248634566505
201.237485273424,0.695427525023243,2.69350028213777,0.348765472972252,24,78.9356575236324,0.597870925848155,7.23208850740882,0.746391277561334
66.9181745071347,2.00096490218246,11.3569861205055,1.11031173057094,21,24.6586994472378,1.31345064521981,6.92784951498318,2.10880161281773
14.212136758804,0.716936242489692,5.30825897673173,0.893969889531439,29,182.783014796706,0.864821084301338,10.9328000701531,0.704460702241278
37.0037651422628,1.88844616571166,9.21629189861679,2.99404994500901,3,20.0964485385917,0.558986119500133,6.76526844802908,0.880271871832866
44.3356007180619,0.848956832205745,4.58358521990098,0.420662578740965,29,59.0203456209215,0.818713456910794,3.94121417419956,0.44612340819221
52.2310707189468,0.875980734887713,3.5077931121614,0.459296076731817,30,25.4259830441115,0.594246019228118,5.04723114557664,0.586977217022529
64.7435677999435,2.72987217669221,6.54312510005909,1.8493409321098,12,27.6260719089969,2.22887219729305,5.82898089145398,1.29166197064219
47.6786879942375,0.912814258133381,5.57648934661056,0.526669684159761,29,176.774551540038,1.51300470874861,10.9482505931412,1.42897101039491
20.961750916199,1.01712616904653,6.29869405965647,1.33507908478921,15,87.6312907812236,0.78346580606851,5.82406525416367,0.454679701054225
91.4829996982537,0.990506633937487,7.07550851550217,0.48550749330331,21,21.1540747142491,0.609938840049419,8.6622718589323,0.852740535217832
52.0318339844704,1.31603445690691,7.38940128622024,2.70904589832837,12,31.8313328934416,0.935479732276819,6.73670327078231,0.774607301760745
57.4026097245233,0.403777568999161,9.0675005104134,0.727397877503173,17,14.8547693635957,0.398781641291568,5.42283463081221,0.500109868363823
58.245967527185,0.907723757253159,5.26694528613501,0.924322050893694,22,12.3623670272426,0.388255696116331,1.65175651689855,0.333505446052644
24.9901478482765,0.853249216666889,6.00494114394642,0.701885471678376,25,174.169348930254,2.27220779636589,14.8416955510406,1.44125418467263
93.6697636181173,1.41370422769888,12.6386381933555,1.32087448200851,19,83.6127642085305,0.641744074613874,9.4658123750173,0.927858323274837
45.8603649098392,2.58309845050764,7.95540821783652,2.58100623132489,11,30.8081748555394,1.70134337400418,10.0114564282352,2.03758454173345
81.9447449310779,0.820187268274235,10.1521823872924,0.872058746905769,3,12.7464715782509,0.310358186216981,1.22737406116372,0.306890626301086
53.5446452798917,1.61796252779557,15.9448393179457,2.06129657753023,7,65.2349213235427,1.53083384690391,13.838385636167,2.51849935521348
28.1512271402906,1.79763511245391,6.46770990504906,1.41756878424756,2,76.3231364571695,1.03420563793707,11.7485624177226,2.40395372747328
122.472514610256,2.9919767060027,14.6085825351272,2.41164362657752,8,44.0025605847107,0.67029109093632,6.15894421326865,0.467896263461372
64.8422899405152,2.62562803006494,12.5496575948384,2.53285728783735,7,63.7456231955036,1.77957646142392,8.0880914612981,2.38205579044046
80.9841870164072,0.485272852458941,6.77610662818198,0.530509109348791,29,160.649357255859,1.31018603125015,10.366956710925,1.34683304764452
42.3384060276594,1.72550718356051,6.50013020850614,1.59254842110537,6,43.4633192749854,1.74930943353512,9.77711937211658,2.84238361365684
60.1023477153085,2.08469013482537,13.8037597482587,1.02181381382406,3,11.522011532715,0.377869496053429,13.1924901609173,0.825244939213862
31.7901126499569,0.558192137489729,8.89830429271034,0.579082397464679,15,117.892836721431,1.13070536442999,8.29626332910678,2.38868940401253
28.7369914193634,0.780283473173108,5.30200828533738,0.544271713042025,14,29.5167935831564,0.654967568836391,1.40248353974574,0.328080396357506
61.6741928558951,2.29562598230997,7.22456600171149,1.577855442199,5,85.0415384362025,0.515747018632259,1.4752696675694,0.306892373469677
24.0324433821731,1.28094538960046,6.20937444371431,2.75188133789837,19,24.9938165581544,0.809919973813095,5.04450163945563,0.659331823687778
21.0537588708482,0.376749580587158,2.63407533778665,0.345436459393826,17,75.9440173955793,0.719652934217931,5.67786295844663,0.594288764758792
49.4782421155051,0.789369300401387,4.31800742651317,0.530674034607592,5,37.7824762763847,0.517767641151445,2.69389583469219,0.476815000760168
53.2986908082577,2.22554308713069,12.4444881653127,1.31079893047543,29,38.9464429915473,2.99586372921355,8.4604790835462,1.3865032711737
71.4768191365539,0.712482500487636,6.85913104348315,0.595272065596221,14,71.1046776136577,1.17406049399029,16.2734435625367,1.60311447336872
75.3732410746923,2.2162879596768,11.0497832291755,1.80386639137039,9,204.81293932829,2.87618846800778,15.6865922738428,2.53065693133942
25.2331440292979,0.46065654454441,2.2326687234934,0.328922521497553,30,58.1793771611334,1.30226109013606,12.9741606810793,1.81520519907025
29.7218411500746,0.970527126121226,1.92091134352587,0.439640751332107,20,38.9351009224274,0.94880926494573,8.78936891490816,0.735256415216226
21.3954593543438,0.469490099927064,9.39630831218732,0.663953586350123,13,42.5827113025817,0.867543080647089,10.1414648546688,0.644369799399323
21.9457423407839,0.831793273201479,1.66897185485163,0.35408239069454,7,47.6259792184321,0.862472176748838,13.5346386230021,0.952036806832925
18.5830310623809,0.37817950201227,8.22866955127068,0.677069997187538,2,29.3040148160183,0.552850727787103,5.25462474122467,0.835903473412595
75.3969222802559,2.19523646783311,12.7207827338004,2.88332764049021,4,44.1246981096075,2.92021184923056,10.3860321507587,2.00439246289893
36.7268703818971,0.76509929012909,1.4709713929212,0.346358712529595,27,58.8157779996623,0.955651438857615,12.295926504335,0.934250739091586
67.8625052676077,0.826103936088505,2.67273652314691,0.494177651148124,20,25.1182403440077,0.940927188400329,2.67992896753172,0.43774093026708
13.4117079130419,0.49303046831918,0.947695203172315,0.323978648372486,25,28.5647418947298,2.70296014124563,6.85065622557486,1.55185770847801
63.8090517055588,0.726714581446577,8.77760293188705,0.666403931589646,16,24.2016941389287,0.837489978227673,5.54752070711859,0.686871444185922
54.479255122391,2.9615170278863,11.1565006726601,1.16010167184942,24,47.2553501276555,1.56241386280281,6.76487826392422,1.62522255727102
133.105120511051,1.41714534302328,10.6211188072341,1.05455290297508,13,181.655186687295,2.48730519380919,10.7769869285229,2.16151259896284
38.5803691840532,0.484919794669267,8.61350606805907,0.613321374828333,14,72.5328455499156,0.748347548324938,6.58365835195018,0.63399855802525
29.1537424428844,1.49878465023872,9.51739131481682,1.36404444059377,22,100.532205422958,1.88691623843743,12.8708517005972,1.35306450764171
52.8226059617575,2.84510110777375,14.6092466927462,1.6356056204297,7,50.9395060903401,2.7720985451114,10.0765556689025,1.71672770828213
30.7193536279414,1.73449928516392,8.92529467029856,2.00883113072825,4,33.8757060757995,0.71028435417589,2.97172752543315,0.536802365409209
123.736034459576,0.84706368209384,5.26489935394616,0.473167356206453,11,42.742269697533,0.62370217312088,7.26977157901649,0.647721413052422
80.932800258296,2.00619904184878,14.1410498276707,2.93632471709596,28,61.0029292562541,1.30457224428479,15.0468795210478,2.0117304406384
72.3408417829809,1.98365064900443,9.03957491272525,2.04076006558009,19,54.6951453327252,0.370198394544705,2.61711510493795,0.358029817854081
48.9189319116189,0.512535291954321,5.7664932670208,0.491605361984139,16,42.9436133239865,0.628244244795062,9.46005610611219,0.914361817920781
19.8770959238438,0.755543056262884,2.25550762566461,0.454920560792541,24,156.354605272294,0.829278065768461,11.7740076827342,0.812112795651156
24.2204597779779,0.555776408144926,9.35855765263619,0.834155455083396,10,56.261393350843,1.9474045017427,8.47104426711069,2.69888938505229
108.128580692809,0.91032164129917,3.07551714183293,0.354393472716107,25,47.5841261938627,2.33400729892676,7.53880382415116,2.71051456166577
26.7546466020369,1.61524823584865,7.39611175912479,1.81494248204508,25,23.6130881443468,0.71118225195429,2.81967568736001,0.395701128357442
19.2629497976569,0.920510396417281,3.1355820782702,0.54132252062814,24,59.7254308607821,1.43789748505482,13.606323281619,1.60135664379146
18.2923435443693,0.53774099603221,1.45453479862347,0.362709329826637,10,281.68702493689,1.69133235298884,16.1204818240574,2.99695275726347
65.9133677361717,1.61253383842285,6.72834320215661,1.23267089683646,20,50.2568243260929,0.656857296001407,6.06956202847585,0.563074300804154
62.6823921163816,0.831494926317244,2.04404171458211,0.321399320283889,6,52.1054212493242,0.835215554501743,5.01073871683556,0.466155266543004
46.0936660689642,1.35561613983677,14.2445758823345,1.43361384464917,24,59.9770811533479,1.43188245891624,14.3986304424321,1.57339467343479
9.33779558163717,0.329226546140857,11.3288794687436,0.986940122732295,24,38.676956099172,0.621167845693996,1.37449736168106,0.309113188131724
30.1029742109636,0.395974248035899,1.646733210418,0.32259706717422,15,55.5888856492734,1.91181382210236,13.2347481127291,1.86478740590281
54.3552341693022,0.678452237781699,3.70581327418027,0.421098822724954,3,93.6051796693678,1.07178308563397,13.5976313298113,1.52612333233596
139.300234814644,1.06328168304183,15.9655123767288,2.49709627428072,30,136.385473253353,1.99942785375184,16.2678940029312,1.75965743459614
65.41010753061,0.598982137441059,10.2192205429904,0.652179709897835,15,105.955454981622,2.64733749298737,5.9966819513796,1.8165986342589
11.1837841187076,0.385714895784032,6.75366081955982,0.627892569325745,6,32.8995475886787,1.96915213321107,7.319335823679,1.99963883720786
178.531172823948,1.62125155508403,15.033084217052,1.9328966203802,7,144.621252042184,2.50542682663898,12.2934547483877,1.73258038566453
49.8624330209924,2.65067930407402,13.5127888081082,2.01319134653943,19,24.3302672439691,0.72622794008625,6.43421612456358,0.775946126967285
123.74891527259,1.7826510994559,6.75923372645298,1.91254923829136,22,39.4698863133347,0.49473638351093,9.16173949471989,0.652270504494483
219.939907702319,2.69615637829685,16.1775171783321,2.66011354730951,13,71.6718386260001,2.63078359287303,14.8478179496398,1.70606370259831
7.73972111494398,0.346822005135554,3.72525317700384,0.485063527815834,5,31.0942308958635,0.359802460096152,11.672995873545,0.934752861845634
49.5571046480264,0.549236814145866,11.9212441957801,0.894570802961573,21,62.359530157002,2.3716799536664,10.9289236506137,2.90847228056419
149.510314548132,1.64025180496493,14.6998702145975,2.49812918557032,15,59.4639378802124,2.53448739344318,15.6305839628646,1.40264228184316
60.9228180810571,2.86140745356767,7.61508213011722,2.00907254187167,25,121.054101597057,1.81084660936181,9.96768479320765,1.97034543391472
22.3573520351846,0.785363667865891,2.51065011108103,0.451837414349481,6,119.246824068343,1.55280306501489,16.0439368393922,1.87681007833222
97.2105496043603,1.89949224438374,10.5876618095794,1.44113525103203,7,36.9273204060297,0.994447924893867,5.98947621918991,0.663616569923879
123.703634372136,1.71236497362235,14.9585186768658,2.70013998367861,15,52.8647646501191,2.86164088059246,15.3128215480395,2.9529745551563
14.8355583982798,0.416692830714979,5.3515587660216,0.767451508426356,20,38.4465761459113,1.6112721949976,11.3170294651827,2.17834803379023
46.1740782879168,2.01184754424373,12.6619891445653,2.68808068149868,20,174.699091009935,1.39608062054381,13.2856749899766,2.06584480787546
49.1956924644552,0.964489392178129,3.96182419272953,0.565014205838327,17,43.8644001969439,1.04909083129402,12.2978560814467,1.5241079041256
28.1859310326556,0.526309380537046,8.26895621141056,0.721764682628593,3,40.4877939668102,1.85494956259285,12.4191024150739,1.82297727178233
18.3614049223464,0.552463156767837,5.10825988228102,0.921313767978953,27,94.0965796873435,2.79249784179152,8.66835670058569,2.01729405218178
31.989458282297,0.768036688599224,7.23658441509422,0.618877421098309,2,59.8511242259318,0.468264822260069,7.47352771531477,0.979864370714926
11.5326601834806,0.440800291583571,7.14412279735199,0.71032912343599,11,33.96049335649,1.84512280114793,10.6048230549273,2.99715330059812
31.4220076800473,0.596273069022406,2.52202437409729,0.362477556873227,24,41.0583021218785,0.620392681713535,1.51665688946792,0.30536880781347
230.325146202628,2.71763181791167,15.6087018068978,2.10910916389708,22,26.4714413509612,2.16642002423085,8.7194448902232,1.88552333767634
48.7556883709241,0.656584305557923,3.09456265262333,0.436955120031149,5,19.6157311947566,0.40823934022728,10.3707796094025,0.941170604884282
25.519382885199,2.75577424093142,6.1453643712531,1.85393297300808,4,26.4443301989882,0.642125206885889,11.643619258821,0.91833975698254
77.7429295905495,1.52745709165401,7.9034073731817,1.17861786309584,22,26.6455691720249,1.43071536774877,7.83312787197065,1.03933169656625
6.05175835837442,0.352678806433539,6.2132418738405,0.710425310443593,29,31.665035450655,0.481292730381074,9.26406777779293,0.767935729135043
76.3164907882036,1.8755801864799,9.04405167920504,1.52051707846516,9,31.6151897018056,2.27641221115083,6.459261368746,2.51247127688008
42.4071249047268,0.917824421647493,10.7444046717478,0.765509579023856,20,24.7117575794088,0.476411590007377,3.56988465846388,0.405509741104861
22.2353664695422,1.93337930573392,6.10256356542201,1.0165030361385,9,169.515322935292,0.9306122605351,10.8244477993234,0.701214864441635
147.31132592284,0.732352896640072,13.6268630830106,0.849097592701603,6,97.6971522284238,0.79431483962563,12.9082705874284,0.96016554685834
132.93413307597,1.62714971841718,8.79989934934043,2.23452349129918,1,66.7447363266038,1.52045323557323,8.16404453304286,1.2120661186165
150.165990712785,1.36831190253036,15.0274699274978,1.61750877858059,3,116.464557088275,0.543462859945904,8.95156108618179,0.673447971809235
19.9732522165194,0.46307975043641,7.39513106980476,0.530961719283569,24,52.3886558961435,1.58433255189099,12.0169360571847,2.9414197773908
26.1996607937231,0.656806162596294,6.40658555923217,0.574523872525638,4,53.5647638182327,1.42762070179226,11.9198873301635,1.99733690263523
194.868084896051,2.35967575121096,12.9917827152898,2.81357483325398,5,106.134220910554,2.05392918627509,10.953364710778,2.80635421185302
83.1102237894795,0.768737218734687,9.16955318987947,0.906339953906754,22,77.7426776373992,2.51278661533209,8.48263560311142,2.604251678971
50.8873773471544,2.13958259706793,8.93471569493845,1.17586986922224,20,72.2246121556501,0.596672445772435,1.18650247706694,0.307735086987659
49.4352149908014,2.42929794259624,15.8566177077994,1.54430206161432,14,95.6627687092203,1.96079514536832,5.49077385855808,1.08671126554546
37.7897439123535,0.929523971106249,7.97084457611349,0.739607922368592,5,82.1242377148885,2.88377935188856,15.8122018904091,2.27089566237008
106.747575498042,0.669885245952488,10.1050664337903,0.653313485300375,7,33.1338971284024,1.51360707785131,10.0308496394502,2.85598393807957
41.7262548666061,2.77927188136113,11.6278295312715,1.07900485105202,18,44.4698454487141,0.986100971480977,14.2500496366596,0.910265045154117
33.6683855819099,1.4078728037018,9.5541064256633,1.02801196821676,27,50.3012164518397,0.839856891586895,3.42866517026133,0.408245877033433
62.612279271741,0.617351667058972,5.54250627770733,0.578839041932255,30,5.87053661179051,0.316066303614616,7.62570455139981,0.805508861031069
16.108515668485,0.318138497293156,3.55413429223539,0.466640121872731,17,91.9150373946459,1.92175090327093,9.45672977088406,2.8164062393084
35.5250730990045,1.90650787464092,11.2882612995958,2.70146671753702,8,38.0289989656113,0.993494340073044,4.36433838782258,0.73285526741011
123.423081862675,0.529053166978321,11.5693974263328,0.873119732145755,23,34.8848057635587,0.636171693579456,0.910202011684243,0.308068728763407
45.2964025031729,2.87856014945148,13.6704335604628,1.82850301330077,7,19.8122843136218,0.761246576569893,3.7298483303253,0.645569882278452
91.525555474879,0.813204221548341,5.16476713315315,0.590537613815085,29,41.1790807852189,2.82523034740173,8.73007096734518,2.837004283099
125.102007181751,2.63936379140261,13.1687961760165,1.37391980804905,19,85.4663693122893,2.52804480649969,15.297245832661,1.95193023252735
40.4825036230004,2.28248355652448,10.5840896857447,2.51481793628139,24,46.6301689348412,0.997923691913347,0.858815897300855,0.307976150094998
43.6309389243884,0.75740984207581,12.9696470737043,0.937540434225322,7,16.8982326218149,0.37570224347863,7.23551203533264,0.492580184190007
110.022324415877,1.97791893144896,16.2899230179715,2.46644295925996,7,22.0933774361623,0.781262255394407,3.56757657235866,0.561550847440853
62.8108572129328,1.31591947009282,15.368441290072,2.42638646747532,23,27.2401251799842,2.74149000737838,5.59951844502759,1.01115402017425
29.837165171084,1.43076021638627,6.99690563754297,2.21389018326425,26,94.4474024827021,1.13462864801754,13.3796260629568,1.73386524778965
34.482735302405,2.52969361307948,7.88102856446771,1.15357050361639,8,73.4821617361302,1.52904327445959,9.70322698102187,1.5192199683408
87.1334715083686,2.8845554986659,11.4799691382831,1.64165069769593,24,14.4999010224952,0.49501769026854,5.7249593658909,0.930860343893028
106.263841037785,0.598518777084395,10.332129017724,0.830564835036263,18,86.5614321626715,1.99133606956682,8.52481264081184,2.61099940993998
37.2051608062685,0.429033593842068,5.50720729338943,0.472459977751992,26,38.66225797581,1.15996214124931,12.9539159379615,1.18502766687482
59.9336647279981,1.67944634859537,16.4090706279922,1.41625352743569,30,74.2465054275653,0.772001207311327,9.16356056009598,0.9024169673618
153.37637865163,2.7164218686084,12.63036398459,1.6825679399562,23,43.5584794081141,1.9563866407325,6.27123184072286,1.07420466047753
42.9776974413297,2.93087854578491,13.8290128773548,1.402856611862,27,79.3389792175013,0.823637559976065,6.16124959294658,0.646282277961669
43.8390849768328,0.471204913039877,8.9280609179337,0.975441709590581,29,67.2248398422398,1.44210318902423,14.3000279177232,2.42640746434585
124.545910487646,1.40516966609088,11.5952277832192,1.76444285986127,23,52.0691204680714,0.666053100270737,12.6480026284542,0.904431647164511
43.337919030372,2.57003168617777,13.4097831643381,1.19234217619615,19,39.0375505612934,2.32529841635424,8.55389960765481,2.84098575390657
18.3410609007117,0.305334611565995,7.78612411978398,0.818764346388425,3,67.1533763325195,0.837858139014375,11.9011773242783,0.890786532238902
56.6838885413397,2.24700456058652,10.0177082795829,2.8892474359741,5,161.040019520057,2.656640128297,8.50881774478567,1.33111615931628
23.5104999522344,2.54133023069974,6.18635138993598,1.24553102617013,10,92.3249375253407,2.66663943555617,16.2242996025543,1.4556990525912
17.4048438385558,0.400866129964847,4.90615643019775,0.543771905729583,1,11.5546001945069,0.330401227219655,2.09866063666024,0.384743437953406
27.5834849676367,0.652536038433832,10.7376716325814,0.939916343071428,12,27.3881379746303,2.37900535694108,6.16778545138282,2.93798053720999
32.4360524643681,0.47310150653989,2.71110707454687,0.355430652491175,29,173.054099386814,2.47015776698409,14.1667159021682,1.81492867675066
14.2058025972279,0.395032180007539,4.72978324047248,0.87991001582573,7,24.1584505252485,0.544964158763439,4.80943731015134,0.510641923188032
39.2265500948824,0.553571570336854,8.31225033350643,0.631515246757674,14,34.404768326303,0.9523849894458,11.2368041046261,0.994870407391035
41.7149403599112,1.56674331168939,7.27651418990053,1.4762818808445,26,75.9455991594768,0.552499542399253,8.66900932573442,0.840726260543655
61.237077416685,0.851367166945311,4.81109563268808,0.441641597965215,18,34.8638407740569,0.623110806769407,5.17567613787622,0.478299011027494
39.1144822973449,2.92843704322772,9.63656152830753,2.21833630182301,21,35.9087803225737,0.777688958958692,7.76079130970323,0.746049663476723
29.4246550913671,0.526256192046399,9.44851473298333,0.803968262513814,1,81.3937747495788,0.843761757683614,5.55881828958186,0.597602024777857
4.39195726439019,0.374048490708914,4.6936595316777,0.835555190393577,4,20.0082911928602,0.575082029570026,9.56101719053079,0.975948734866475
63.3084526109895,1.55555969896323,7.32388428141423,2.25599682540438,15,83.1636860314939,1.65144052769488,10.3079450068388,1.32630828855954
161.425190789628,1.6715047377108,10.6388937397267,2.86336518113197,13,62.6477826773355,2.70935878875104,6.1849682062737,2.79242667339327
28.8894641340621,0.633972282777082,4.72466718983881,0.489321402672033,19,83.821969961683,0.729173150666902,9.34563235083749,0.812763852746004
4.29609515650842,0.307236558786683,2.55184003517018,0.390716927111709,28,31.2101167800638,0.86809218204042,10.4024743096025,0.914127786260972
71.4386922275135,0.907786287336384,6.13135529245834,0.638760242368079,15,39.6703351834023,1.238562985463,7.71171054896548,2.92522549026984
38.0536421821573,2.39542956675429,12.1715419409641,2.5353494467112,12,49.6161964726929,2.53717331799039,10.579635965848,1.80555385101435
29.1974050530245,0.74662163162163,4.19901005343467,0.564520907260681,9,99.9841089163604,2.37090047278178,16.216951152172,2.98730483373977
22.2193695346367,0.646344132728614,3.03909291105162,0.488792750718208,3,126.762156247601,0.730101392580977,1.36641685522207,0.309602214334977
69.2085949555385,0.750934858050639,10.8937099010924,0.71404513896207,16,25.9435378763401,0.569134065104834,9.64952235690059,0.835482920865874
27.6767139714501,2.72784907503076,6.57643154912553,1.63294329929349,18,62.3317214656326,2.92393551093338,14.9180300129465,2.63435630013623
63.2196275816594,0.753983808028121,11.216819661039,0.823314755873312,26,44.8747626270686,2.10446610726324,6.38970687832516,1.51463232543288
14.3946335782926,0.575785584625471,5.13148538368404,0.692831931578211,4,16.6003055761435,0.763667721715755,1.15070691463277,0.357765711479025
25.8092161390582,1.9529879112653,8.24007148674536,2.27347394776159,16,63.4905052827827,1.65447198627615,14.6332137254738,1.44263160718218
95.8414195601792,0.952354749943219,3.60281698222178,0.487107916659111,26,30.1468739829236,0.498894669293628,11.8729102090913,0.989060823829411
67.2304487755518,0.426791573168862,14.1302479829884,0.995097983042965,8,51.1879286756906,0.708741957488282,9.71496676554945,0.744932281032829
37.399482619612,0.790940489852248,11.2130874116902,0.826600739402576,9,8.57923914350117,0.460819061859201,5.56300614559306,0.899509617909593
110.67406848462,1.03116808492734,14.4545767617911,1.33764447119435,24,46.1349136329331,0.903844988084863,6.963662562688,0.63132650938704
41.0301802855822,0.480015259871259,5.65927238384157,0.592677981337398,10,74.2979836823471,0.537694320997457,12.7936074825683,0.843217595255944
68.2161822915095,0.644887842626745,7.64182836397659,0.943021826871804,26,79.0687569542226,2.20744300871459,7.16421323026112,1.17181417680656
55.8123275950555,1.72501253873293,7.70000553576118,2.44101454490508,19,39.8290546509356,0.392817720311305,10.435047320669,0.917992372602374
149.268071297069,2.71050637901984,9.50884800362631,2.21339635005591,28,49.8514715131837,2.02923095359369,11.1654979183205,1.50697200155421
30.584247147942,0.632617373379866,11.69460376612,0.914084979327816,22,140.187721794935,1.8671216370079,7.67273151839858,1.23392667028293
55.6261798599876,2.58551913509413,9.23022121189057,1.32854467015313,12,23.767651804799,0.536697636094631,6.81627991307246,0.526763794856004
105.78093370492,0.902190544532209,3.05265734374983,0.477136031558108,13,47.737132031821,1.56458203855126,11.7646228489702,1.87678804552158
22.5728449464355,0.722979473924521,8.03689517932773,0.970712350060586,11,135.399326409718,0.960085522630668,1.96484036165632,0.326391966700423
39.5878073765106,0.726917204386786,7.33290525980348,0.69175341803511,23,41.5782217983702,1.41794014155753,13.9250483091307,2.82346180647775
25.1832016695611,0.772129821118553,6.9183901681045,0.634729961359236,8,63.5852048641641,0.620392890595333,6.10387890312569,0.473637177539638
52.0120457853666,0.870244629793098,13.2029891890839,0.816021448362611,11,28.0572631697336,0.665252528715624,5.96067448997821,0.5811179924134
15.4451413224966,0.331598163546373,4.71300336328071,0.737461414851991,11,25.6025049807308,2.75428947608854,6.4202522538684,2.83490277150686
39.1946479146008,0.67827018946938,9.24580908125207,0.64530512552439,17,52.8021539169938,1.97889760448977,6.400928010553,2.52790095953543
58.0346301110729,1.62160338291052,11.5947010191986,1.03384490403236,15,94.5382211036356,0.727240084028465,2.23866255745775,0.364424452303681
116.663569372874,1.53721844086952,13.4885332015902,2.86703399873585,5,8.73595534665989,0.347299549440636,5.74830394600418,0.517901723633416
25.4504060677587,0.416068712704338,12.6112167736868,0.789667874957367,7,11.7668246850628,0.417235906989652,3.56008650301225,0.405728077547057
62.2697851216059,0.828052659417643,8.86776732699087,0.572544320725632,20,69.7660001144592,2.52032781490126,10.6986341076984,1.70757026594856
193.638684235542,2.57981654914037,12.6932756761042,1.50370597730825,9,75.6462676859765,1.7644316203168,7.99910007400313,1.67448761884321
72.2651641542237,1.73377673325088,14.8798654339026,2.62206173843328,24,14.6387777963452,0.367368028951798,5.17768424743076,0.803059673370604
23.8924668811627,2.79325884117631,7.37332595381282,2.04426730978166,22,79.18287302655,1.56965463790156,8.93943371456482,1.38010966742332
29.0277544887659,2.56785972149528,6.56311429799793,2.15628352865553,7,50.813203385028,0.992845001410418,4.50749851116069,0.722587716414482
24.7055310406417,2.47488480790501,6.25440730868517,1.43298462279021,16,105.860811566511,2.13562062280187,12.3849775908345,2.79314900866671
42.1645426652916,1.62434027204266,8.31130291539996,2.30040416403912,5,106.540718349395,0.587817074211255,14.2493038875756,0.923208271191769
124.027561732906,1.60251966162248,16.2766534748553,2.43750697624632,20,248.655005411922,2.41126714716513,15.4756955104898,1.99804681820373
76.295624230449,2.77692203618787,6.24693894552091,2.90343520321648,9,225.523949879305,2.87273764288228,15.9543391354977,2.20338208725749
29.0389042833185,1.23832972609383,5.74283078676878,2.90214905243073,11,44.0360486751555,1.22266329555647,7.02529256155238,1.56615757863503
86.7022154076376,1.57745372217598,12.1690025720791,1.29016302564755,1,43.9160099785305,1.06799732648545,13.4500728399048,2.95205567109222
140.179156799716,0.781218794407852,9.50135286268356,0.589300781504736,29,57.2813535561883,0.524167246565362,3.042574494556,0.496765496975018
32.9081231350114,0.55898496189763,11.3052841167254,0.939175606278454,24,77.487221232408,0.990828459446556,10.0459392359139,0.889059880657889
9.41166276323331,0.326489977940432,9.8970422227387,0.725531533444142,4,17.8270362400329,0.480824792353427,8.51447730125357,0.686139628171316
22.335558669797,0.460849846857702,2.22932044617444,0.336355231618705,23,31.3360759559163,0.685912289721544,10.9740973777892,0.830887678279312
63.805714722694,1.77139134363248,11.6778400964103,1.30477540279072,28,31.6539595284722,0.45069191676098,8.30451881020636,0.823211877812193
63.3016292093848,1.77309659631819,14.4941041728524,2.88830696978845,20,19.5996478264254,0.555491663633974,1.6513295854706,0.340686768847011
33.0164174610241,2.75046115040237,5.65305262308509,1.71978049553654,11,9.11664056902333,0.379166980412497,6.6807864959285,0.637419607089822
53.5498093702752,2.74371174367253,15.5065773357172,2.86306969253994,12,55.0488773855267,0.973786594105589,4.55653717971899,0.429240195253033
106.158902658314,0.81885354595661,13.5304342901448,0.861983153571324,9,39.5900009028908,0.977635725574133,8.37075310786208,0.803962575557708
159.624629182698,2.97893360220225,8.70311371470564,2.99206523640654,6,24.1334918074528,0.336286623337748,6.40346506128308,0.716892354796268
114.856925418649,2.10058472388175,7.53874230023852,1.40010689258232,10,29.4967515029808,2.2288081145806,5.99065949783104,1.26195328160854
39.2014865943381,0.798666117484707,5.86033237374293,0.500663290557081,10,87.2846654916766,1.96891028704363,13.6937369160914,2.65355934513462
26.9063072627678,2.5408258355093,6.51270224309886,2.28967084224929,16,52.6231987965852,2.91745616220663,15.6568187995859,1.47008964200431
90.358136769809,1.72013544060651,8.03127165494376,2.15998652340686,24,21.8617720604024,0.626666895246683,3.99032291409012,0.619238633209611
67.9824730535773,2.93373345828128,16.3110395684568,2.58866253566959,23,61.9737915571205,0.884686979100278,4.95469932437487,0.85581305393044
70.4352148487916,2.36704587389218,14.1715711354199,2.03239779124813,8,18.1965395738009,0.476979085240617,3.45239318978855,0.533741573980382
56.1571370248548,2.71679609031441,7.86460475174125,1.77604530771339,5,65.1144775084678,2.75164698356814,6.25066141528206,1.85127387653108
76.4140307129722,0.927050264758971,5.53192606809215,0.441041782221532,24,38.8671362324462,2.04635001305917,10.3677697645303,2.44065531383586
13.5764338218453,0.510061341640621,3.94483678991748,0.638806592424968,9,46.9231634991514,1.08971383373012,11.2404950582844,1.28776966275415
111.740348776408,1.92350327578041,12.9781765268552,2.09575120872345,30,49.9662009387657,2.70438815608862,11.8550791472071,1.25309075919411
47.3666842053166,2.34715828055674,14.1044612417204,1.70773938034561,2,99.8125937339448,1.62038739198973,10.0407645348866,1.05748729219777
77.9483622341773,0.841499193652287,1.86922891564451,0.354675551293532,3,3.41458998345235,0.319856882042037,5.18793096271248,0.692952630106452
79.6911784946641,2.88402837950325,8.04876706311759,2.25269001688448,30,62.6276070109993,0.54471122621147,4.58850298929422,0.403190613677515
41.7781425713639,0.941774290784921,6.64822511868562,0.890182489311808,9,71.3019607177998,1.9280416203097,11.6512895607846,2.75908271949196
86.7287063097923,2.83998146252142,7.47494565836079,1.21353234106884,19,74.6961456041137,2.77474133414447,16.5303183866214,1.65610789395554
249.717984226357,2.66794788188727,14.8440520890051,2.24031156468002,28,29.6628815182051,2.87281137410962,6.84653681016711,2.36171629254706
137.547317143463,2.00939532352949,9.48406753977237,2.54947099844392,3,40.4670193400626,2.23547537405359,12.5689447255592,2.42128591077264
51.9069161447593,0.726349565364827,11.8915642626586,0.744548148158226,17,61.2667413010934,2.76717643912261,14.9813021639181,2.84028621301649
5.64370666878998,0.348698050839222,7.51967842725075,0.869974645023492,28,54.3767431452966,2.28568842682519,15.1291387526193,1.23762000813814
50.189622859033,1.43945529660293,12.2710972445787,1.52740977917896,27,5.75810788917511,0.340246297482043,6.61852057618234,0.63609345140605
27.9602972137481,1.41181501823147,9.46339654696354,2.72608303704046,3,86.1793209901248,2.13965691143015,8.48863777946762,2.14955871734335
155.035293841372,2.93009199565801,9.92102462955696,2.78531613945932,11,121.124735620297,1.2491888797382,15.8908826708297,2.01183976297494
36.2504151983669,2.15434806507957,6.26904992085577,2.59547542007163,4,59.4688032333305,1.16518882101031,16.1817214849114,1.70984254388473
48.7630316998823,2.23634645737632,15.0299184286068,2.31251656430031,13,75.9879087127708,2.94023942220497,13.4935162098649,2.33236765489058
93.9352938231142,1.56604779234862,9.24704861412624,1.35432991029875,17,42.0209280175977,0.546923866047622,6.54763120299143,0.767825917237905
115.416653252582,2.5315830833845,16.1752260619742,2.95165850978955,18,119.105892845805,1.41207334645385,16.5716169060073,2.61579841455068
108.499879488416,0.766396012881483,10.9405345592986,0.756394953826228,9,128.371623691121,1.98611357759071,14.8016846508019,2.61305706537435
33.0902675387628,1.75936287735154,9.77613099694628,2.19567474245537,15,199.698831263151,1.41218049662399,13.7109833050377,1.27594973961405
64.2946254460847,0.620964160731933,2.69449642508714,0.3422218904059,8,53.2760069103122,0.463589055098342,12.695699188158,0.798910988723025
117.351623516502,2.46022668670932,13.9171239151528,2.76449394113508,22,15.033723079041,0.544538986538948,4.01590934896607,0.529633892536933
8.36697772710381,0.329257195354454,8.25238980294018,0.711741327063722,28,242.421502037667,2.81362013198104,16.8346027710093,2.73561584205677
62.4406200126628,0.871279920955066,7.08764132957818,0.543972529386834,15,114.003749119749,1.67570952411985,13.5743418391867,1.81995997138528
36.6292364141135,0.838416094429413,9.31487351417026,0.707359450185718,23,153.485464900039,1.37698646392464,9.95020264391918,1.4340237493724
86.9418915053761,2.38783986257149,6.82830878034531,2.4680163109992,4,57.5501213776891,2.80064930525118,11.5381672031685,1.94558862418206
50.0059026553533,1.63151456097203,5.87551456796165,1.41220646468922,4,19.8237780081333,0.34549771429933,7.19438603121199,0.890472183070247
30.5910070104696,2.74644415923003,5.7917999714397,1.41545526868477,25,145.107137435287,1.78683271629611,16.5037278231589,1.74189450057642
143.48414970828,0.77753135112679,7.96072711606102,0.623573837375661,30,29.8882497923601,0.660879307043278,6.03911859209002,0.562867121239031
36.8347314704692,2.73325402827484,9.78219001278786,1.9797852619644,10,80.6472221530283,0.772443948698077,10.8239628191475,0.660129690199196
9.00195815430481,0.399434682958626,0.827280328822407,0.313138111547941,11,63.7811612573377,1.50292626811435,14.7936566790024,1.95154613910015
95.6176761392302,0.968292240625333,3.67708841131639,0.538131880684066,8,225.001720198621,2.06966763348104,16.8104446242758,1.98143131323559
239.029193167232,2.84653383994188,15.0244813362386,2.61095831278271,30,95.7772661141539,2.97941289979426,15.6131160011559,1.62058148640628
11.326347036338,0.389424270176679,5.58928052260348,0.657878033842217,26,77.2878954920831,2.67080673169967,11.5591097697476,2.61350538413214
215.196711652946,2.36980337352785,15.7174519891377,2.18993698652554,21,19.9913564494471,0.788097095787875,4.47369312604486,0.68479516225954
56.1642223688793,1.72959646360577,7.95945819174104,2.19153420871325,2,121.662047444032,2.78739002507362,16.4141570036433,1.39966008213475
126.723230345477,2.3185299433412,14.1443672027681,1.1249697027774,17,49.4858660810946,2.47635407232755,10.822337298446,2.15377242499822
23.9066853568292,0.403334423725745,9.55545794100749,0.659130716601618,26,35.3405163896179,2.04323868941622,7.12698609917032,1.69753931142406
75.7392647240275,0.545761866724413,3.34127887474181,0.368695417304888,28,43.9653083939806,0.931818914968337,2.90992297268526,0.386284796901177
230.277323603909,1.14445109313368,15.2147240034511,1.32309883010112,10,30.6437465655962,0.864580835956693,9.79452145779029,0.86159797673192
159.040658292258,2.82593720582374,8.2697564234432,1.30904712000398,1,66.1666722217987,2.78337908607688,11.3978661828906,2.30053836432481
87.4254303312283,1.23692750843362,13.8133884321058,2.12876954876544,24,9.95395502370328,0.319883496069288,4.90872868601023,0.496392047616479
205.14142873544,2.32767376162623,13.6172904822804,1.30398680429514,2,185.921030688807,1.62300499880352,15.3764199808241,2.49705869686224
44.8347561423925,1.32762484920326,8.41382199906061,1.73500031007401,4,141.521876313422,1.33596493112773,13.8848543924217,2.62369963919652
29.6432605246066,0.901361815175588,3.86500388003271,0.466666554373184,10,42.2666344173506,0.728877607731872,7.88099371451748,0.62004856470743
77.109157533985,1.80211512792846,16.1660811134841,2.98139530852425,11,28.9807312790439,2.19788977852182,6.8836434930266,2.76362734124603
51.1808616362094,1.53114668348818,8.36386171764336,1.77975072662133,24,71.8920790769733,1.00584799564935,14.064589992593,1.32776318557755
65.0757809405674,2.15484634379677,7.93451181896646,2.4475613384811,10,37.1411871165772,1.91020945358227,6.93645573455859,1.79712860577865
36.4287512711449,2.80148641914121,6.43597246224679,1.35408019623239,1,54.3572386368407,2.27707776157107,7.1563847205283,1.98942344057507
27.1383274983447,1.55135026924056,8.93430915438817,2.13629520581614,16,50.2072055600922,2.53156656517277,7.23083561522882,2.03509175755776
45.1698425970677,2.17053899456799,9.22245215858826,1.81357745769652,6,28.3822667390526,0.695777997270765,7.45827447520449,0.787688205838136
116.80493796748,2.91025827885931,12.6856698811961,1.53427234085176,15,20.5120299559058,0.934463541849764,5.06874194435843,0.798288441006753
56.5753093376313,1.47428004270909,8.15815864012762,2.81700177887022,22,17.6922519905959,0.521248240547572,2.2006477209905,0.355854141491507
39.7960121692496,1.19516529040388,14.0611289055866,2.13274315033754,2,42.2456834246825,1.00500267733367,15.1550779730677,1.93971430781986
46.9612453462092,1.02834059165469,5.63475409263032,1.30914712388773,14,84.7146909314611,2.1336533456654,9.66849330301602,2.22310979005143
28.969087183279,0.652715438581011,5.61751665439844,0.860459460410596,19,17.8871200644729,0.374397436581542,7.99741000595288,0.670454401199595
48.4685538564668,2.47378973817987,6.75983728982049,2.03994950452047,17,86.2856625194279,2.87511764608341,9.4843425063148,1.67790308984444
20.5576820192319,2.15524054812958,6.48547464897645,2.21643554289875,1,167.4562056403,2.48548114339158,10.4374357024216,1.2549879383033
9.38626198301738,0.450501662155942,3.65809625859722,0.499422494091258,4,27.6336319226692,0.381961749963914,4.93762650096618,0.654126569744665
123.933953203901,2.44639320132478,11.6525349355585,1.1315799172445,25,30.2292899653152,1.59202064889832,8.71210576713911,1.84929236142779
96.8803998710704,0.898019866266723,4.62328987463148,0.524376286521319,28,54.9470438067137,0.916577281489944,4.66185785038195,0.444316184586999
192.866745627568,2.4486129115039,10.0656816675494,1.56763458209217,29,313.789090186264,2.30198806505152,16.6185981227518,2.02792471905096
20.8421173412261,1.2116539121931,5.75813448657936,1.09610105970792,4,36.7128606541555,1.52939183954043,11.6427625090308,2.32706778019861
48.376038095447,2.49764576329485,10.1447851528978,2.15893528301959,20,93.1824240803138,2.65102594086566,14.7162984781762,1.77734923614616
55.7909511187731,0.9013633925809,1.74227289919161,0.352692573125422,8,38.7628555643568,0.393833454849317,6.62310258526574,0.711360483573182
53.9607866938639,2.28972663473696,10.3610103785448,1.40264937823904,21,36.4879402029809,0.722229033422142,12.7711699701761,0.973972129497589
78.4560143006423,1.99756594615061,13.8304457580256,1.90680496045744,28,160.933852614999,1.34595843110553,11.2846141955039,1.67880935301866
22.0200584330369,0.356204101679775,11.6095255666174,0.943720332340427,23,40.7808345293317,0.80048024583369,4.13106504000261,0.471714972753692
33.35318814138,0.699225293272079,7.93882910208722,0.67180739105529,18,23.2523290447781,2.77091451326383,6.00097295496712,2.24740630965249
222.322777510194,0.949108937750383,11.8757838126631,0.736565416242367,28,59.4681822919319,2.5981101308398,13.7519970301359,1.36566788773964
76.2904376045405,2.0842439881538,15.4156751878559,2.55246232786551,3,18.1520276164641,0.300876181135943,12.5258837729852,0.975047962123491
5.65208793810854,0.313205965974313,5.65443378648682,0.557386383920418,5,30.2045218356055,2.79998286982327,9.45563722390178,1.96076233148346
53.9073536897042,2.27684767943829,12.2417062962161,2.45118701788584,15,76.8283938072437,0.574232519319818,7.41147044024458,0.751139730168068
89.9058592089496,2.15245691709831,15.0790828565247,1.57960745268055,6,38.8402108395167,0.574838648758016,3.28316543207372,0.470601941582541
207.088279023412,1.62249055860631,12.6084272479667,1.35993535601071,18,30.6761777934228,0.336846512536971,9.64904821809048,0.639960845906212
129.60383640977,1.47386305214342,10.6636660930297,1.14248313194667,24,3.91997605103045,0.365058242605196,4.21277233270906,0.692954325449352
19.1243271334837,0.584594308689552,3.81619166524759,0.543272526400027,1,43.5556442312994,1.08369736055003,11.2896856614328,2.15120315836648
29.1305669037978,0.429081578480035,1.16874399702744,0.325720467502426,19,42.0869321672388,1.08189596611581,9.09493559037477,2.30408771310849
129.000046128482,2.56367770891186,7.78293164952553,1.39085536949973,27,125.111682728557,2.68728281271102,10.2171401496252,2.77810116000953
118.815311216676,2.43179802049304,13.6879403028161,2.43610056093823,27,107.474736769853,0.965188186567592,5.09001327747574,0.646436730993787
42.0710433090034,1.29350554641437,13.7389033776271,1.81281884110104,4,42.4466128167921,2.28257761316123,12.3630254305085,1.17449246663963
20.6619631661433,1.03578446100187,7.35118704439914,1.69976365318502,10,70.6365286061116,2.34783303397163,12.9729783743046,1.69859818728462
24.5017604931597,0.464342492224931,7.5866127501684,0.924173525392933,5,17.5291340332497,0.313104428376896,3.2395251545872,0.419561279981987
151.313591818308,2.40713814076847,7.90517655890886,1.52600171553281,30,153.054953629625,0.872634956742265,11.0965114170654,0.887384441216438
58.632293597572,0.501925897513425,4.22301390064515,0.441643867370226,1,26.1612386751054,0.869133377184656,2.79296655178534,0.40685774195562
30.3722410920443,1.10182893597941,9.91733364294235,2.04603989526447,3,58.250886493159,0.861301676012703,4.88992958073119,0.58013282019566
32.1050834554661,2.41719368276536,9.43467032701825,2.77189396929121,8,126.020117377821,1.62677671903855,14.1031774696594,1.59636580903702
56.5554068775778,0.935209095005898,11.4923885369304,0.71674240257214,27,28.7139720935337,2.03557409670307,7.0468618303719,1.36277083486196
55.1738863891796,0.665820971580707,6.87242745636859,0.569708891359919,23,99.9690019027868,2.43697962635886,11.3479278976378,1.50058823746969
178.760309348395,2.36338176039146,13.424660544396,2.03056724311792,14,9.34109700263208,0.442836349456999,6.89806175965489,0.783158524229164
19.1492288870085,0.431785615394767,8.07047899970241,0.97461314793697,30,39.0331649192662,1.12887988546103,11.7381614389791,1.5157862533497
36.4537326483223,1.51590246871418,12.1356836317468,2.97518002711299,2,80.6395641483408,2.03524926923962,9.87791794231694,1.04561557774375
75.2299054847745,1.94357580068818,12.8221738619021,1.22800883817649,6,41.9045624299527,2.95914018335493,11.0577654243497,2.06419588181149
51.8905764431125,0.47132745896273,10.7721144419022,0.787162021684993,14,22.3433352928418,0.95028413367745,4.38558370525595,0.575081154763917
194.552385110627,0.703174825652288,7.53702031318137,0.546687260657697,6,47.5714670680691,1.47790393161572,9.7854080386185,1.57472083414217
89.6851286464722,2.10977439247218,15.5555068222843,1.1565641989786,30,37.4594839821862,1.15175209114783,7.19561824247414,2.48482970037682
50.271231260918,1.13955107625885,6.15611435615766,2.53989620436819,10,33.1111728425912,0.616570662771486,7.58369527531783,0.984420990267727
32.3015550175084,0.89810582754086,1.37028197089732,0.308142096280831,13,32.3850082342418,2.92567133979619,10.0384779218647,1.95149895834655
62.5581261441665,2.23171450962852,15.818019662137,1.49991528818147,19,29.0196833590438,0.548160873038057,11.0086439665263,0.957246172463758
31.5947324741871,1.4549269344799,8.08027579113966,2.54519631436251,28,95.8872007795593,0.470739114695541,13.7576905244529,0.886881617265323
147.277209754893,0.947647487571985,5.59078857718636,0.434863322457571,29,53.3235654597878,1.53294388191331,12.6216521403273,1.8865301992081
63.0626901313872,1.54451369357007,13.0094023717502,2.09116798927513,10,177.402276656874,0.805433400779649,12.6350846832993,0.804377377140682
81.4576226370135,0.814243049139933,9.0727742973263,0.705136861835568,4,30.7874774114307,1.25842226139492,6.5137173256921,1.45924374221307
47.2427770413924,0.802674040369626,13.9175977902331,0.938965926462347,8,32.7620496625065,0.408541720926349,5.97188322676025,0.4906284198363
40.4477055525466,2.55506938285505,9.59236818385589,2.08826809011879,6,17.2072683144947,0.580218142268842,6.73878392519645,0.862263137010459
153.830387527528,1.49586596807086,11.2754081202366,1.23129402883872,14,54.6838588198004,0.664339773341748,7.35531626770927,0.665658517434111
36.0482030162611,1.76065679312252,8.37957682863003,1.07513557243744,30,82.5998652508112,1.63532598595788,10.0193277170936,2.61420390477602
18.1253223697804,0.452577159140783,9.3564984700576,0.661262956434657,4,42.1254821570757,1.23814506653076,13.7864999305071,1.49240922667895
47.6186520519516,0.791355023025686,6.40243006003784,0.56678587961766,23,112.26756836659,0.77851126796077,13.8526845772268,0.884937454120271
38.2909446707671,0.630738959173521,6.19884529633346,0.45776248793142,17,179.179826709696,0.856761629367205,13.1897633894864,0.83428924659128
44.5269770505422,1.03712133995602,13.9013007250056,1.48288116957119,20,45.0342988617191,1.30682738608521,13.4559740443857,2.41954362763038
39.6645664687661,0.482911662164899,3.43308971543072,0.47897049024228,17,157.942780222339,0.994247178709295,3.6421663630945,0.437082215152673
55.694540690407,0.784340344034814,9.26685812911387,0.693418366351341,11,120.077161704604,1.37149507666755,12.7919057532284,1.92228633647054
79.188015014964,0.639397619099642,12.5471813062197,0.748410915578152,17,52.946036982105,2.73031450247421,15.1776719198594,2.04697520617834
55.1131886010422,2.04203911838318,11.9432509724246,1.61810670511743,17,38.4897174923301,0.631094449100965,8.24626505459323,0.646354502954855
61.117733103391,2.01823336512022,12.4437999661078,2.77916970401691,23,45.9142940675443,1.63800011036222,13.7942177434146,1.04881655733954
41.6660888532054,0.472208637584056,6.47690624647292,0.596399509054973,18,48.2503299441797,2.24085632407683,15.0730325025926,1.57437804916694
75.5963666825632,0.828063273142389,2.19979062078213,0.328760746733776,21,30.909249476916,2.85600364973962,6.52965519163197,1.34458111489531
30.9504375144817,1.46487307257926,6.66217900052502,1.87044202540697,8,65.6735767118524,2.2968566659214,9.89347321590842,1.79442234972308
40.6168911628978,2.62486385167191,7.77736591587226,1.50037847710888,18,105.256686380647,0.945907878286889,8.80176446952905,0.902520057726829
60.4766201616854,0.875475029347127,2.601541529171,0.411005929508466,27,22.186840805644,2.14698210722699,6.58489584411943,2.76612659344052
126.789407013674,0.671625968571705,6.87961830903101,0.609003187857238,18,23.55792789951,0.678000603718754,6.22464236283954,0.898757251210815
12.2741992954351,0.317579681242296,1.30775668830463,0.311136721411052,17,31.9661608176675,2.61627350789815,7.09047087216971,1.1789191888622
32.44154739032,0.595799832454906,1.79357343130624,0.317243429401235,11,43.2511758088101,1.70178488342091,7.38318294777437,1.42566328399755
190.356036124216,0.994549533391613,9.46182048609017,0.667996005647742,17,31.4123858133245,0.624418546456644,1.7373510738055,0.323908176729814
186.14979981286,2.13053731622232,15.1061362720318,1.45919101289841,20,21.6515664318003,0.536787028624094,10.7522897540291,0.97007826073213
67.3296456237041,1.30600991336728,16.3177742359901,1.91520314814142,15,173.245455456586,2.3606895100419,14.0189013383539,1.2133074927411
65.8497889367292,0.90997807903961,5.10227002956008,0.495567660379055,23,52.4656055180701,0.873556427325268,6.90122437720659,0.725632836567674
36.6598576353538,2.04633117166341,11.9010483529378,2.86944071732389,1,96.8557337332024,0.615936007822194,6.27028798104596,0.503068294636486
161.94314708019,1.91018493462933,12.5301193261064,1.08140360959209,28,57.431086941148,0.56996406400036,7.65040733827399,0.937652079499998
103.358848949936,2.88671993456968,10.1268723112885,1.08757027764686,25,75.9191852749896,1.00353459287752,15.6096424951963,2.19439709007295
57.3292861557617,1.63627853099578,6.260389275313,1.36228816294474,8,38.9612071730798,1.82535789605514,6.05556437822904,1.56677688844414
84.8255179410362,1.19450552302426,12.28422215881,2.87601314818039,28,69.6463602150186,2.0108085463865,15.7568724491494,1.88245736483102
77.988187695166,1.21247272941064,14.3961862968503,2.2813579988486,12,38.0518569824631,0.757754602587022,10.1613322235693,0.652335519352817
146.802650709241,2.93949462823096,15.2631757542198,2.88512515060159,7,33.0516149817598,0.68493350420699,7.79848968264288,0.691024218780886
59.6687508713864,2.09353403187138,5.8999065638998,2.27258093454729,23,40.1150184052254,0.658859278527381,7.355528650386,0.914531446094145
34.5853972019571,0.634310801572314,5.44669785018828,0.594119760254327,13,69.6512640385855,1.62659684551188,11.4791724669417,2.4215242284195
99.5786558681536,1.72405266074044,15.1724953234798,2.96359136112257,29,46.1598558834263,0.447609684614216,5.06841311012935,0.466535955432143
17.3532262334916,0.369300348224802,2.69501970711883,0.382544294750882,22,85.1183183148169,0.939791155054453,5.99803189518153,0.569706035348002
135.074156338086,1.45875210385654,11.9787006705948,2.67744574751914,29,70.2227729099415,1.16027890282268,13.613759025578,1.04438853106029
33.348750848451,1.87858060304872,7.88116267041929,1.21581633835846,26,78.1707345578149,1.95426611917047,7.86373167052489,2.3428148141385
11.0931070233461,0.366747895027697,10.2634820092177,0.921249784537915,2,73.6259383100111,0.794568357847762,12.7461274911351,0.859250233106075
62.1093942586692,0.889640139202081,7.69040404858751,0.920534439722578,9,49.1547264784962,1.80383204769942,14.6399914501783,1.62359057036792
192.984086365565,1.80703725740076,14.2768472708971,2.25762843234506,28,26.700444830961,0.795360634838439,6.49864625163967,0.796740612881376
114.301185165672,0.677221598142758,4.95780593199206,0.448792359270749,28,61.0610690347332,2.65962525288657,13.0837942415088,1.74086177917165
55.9313453494432,0.897076171456922,1.51278886562263,0.33930367811687,22,34.0130935034083,0.957965999576022,6.96096040075135,0.741953985585383
19.5827057592918,0.523338050942501,4.60244203191071,0.579502845258626,18,33.6805302951728,1.26294227345595,9.17702171795225,2.77828036290381
200.361640903689,2.6373140675868,15.7110435857167,1.57904699590817,3,40.2150823163456,1.83153565163818,13.2888769123598,2.99560623820698
150.453456617256,1.16952300624241,12.9326781406793,1.22331781610915,15,13.3247797644043,0.378902773744911,12.7623675275707,0.915801078991129
6.33171730228604,0.384877442613681,4.93275179183892,0.813338169974355,15,142.397653529804,1.62416157329363,10.2471152675537,2.96915453758203
15.9581149795241,0.85189637353762,3.76088882958734,0.62633824911479,21,34.8922774545929,0.777444076524087,3.98100542184085,0.471193945925329
4.56767972916862,0.313267698123473,6.29064457789422,0.933029194035128,25,90.0199763986037,2.3443703995168,8.62588001631531,2.01632190848095
52.2593546135646,1.41220174352467,11.8374405834181,1.00719047256786,3,35.7334073214469,1.95062224721612,11.6477800743859,1.66312327483615
63.6796240248569,2.18522260210281,7.08481305763911,2.22025760788625,5,32.0972223088755,0.611365165340273,3.35834351652469,0.394053986618885
21.3305968519212,0.503651203571342,5.53476999028034,0.541587128210587,4,18.3781418255558,0.460484177160704,3.92983598112497,0.535824602184684
35.3984030015059,1.42178653238796,9.66953756055929,1.12561310008959,14,130.856665383303,0.934726957231754,6.73120769044207,0.736072707195098
48.2287654607262,0.852615457780943,13.2648819959717,0.957214024058472,30,41.8100047782301,1.55468117014841,12.9968591092238,2.6672844172053
45.42447908224,1.59849096788905,11.1003079712908,1.05512396460626,13,139.112206685382,1.72337459917705,14.0415826171222,1.37465794191632
23.5133959043796,1.07272269756761,6.33540781415345,2.28034438795214,19,38.8643264354242,1.94987450850671,8.4807703003429,1.41199486895013
26.4750193938921,2.71683745211983,8.12222804065057,1.83104178561557,3,29.3952203856831,0.553498233941129,6.58717147805086,0.636936363001531
46.619648320462,2.82544955539534,10.8310184442384,2.63993403906759,30,169.06682264935,1.50737494227814,10.0569825804089,1.67017463934542
80.9167998971158,2.01965434842459,10.2746709412593,1.00381458070896,19,111.723866036924,2.67896846271028,11.5355870547459,1.33332233150792
26.0362843918258,0.718333895691576,3.17229705859335,0.461398235748138,23,44.5380490903209,0.78973977066918,10.0887373139871,0.728616211595617
75.9830831237365,2.92127742888859,12.9615877202141,1.39211811433136,12,42.8928254420654,0.927066939917475,4.51267053679701,0.517598733873605
86.6695971636769,0.829625198079106,1.82694841804348,0.409077753932027,23,58.9053064227729,0.890812818314108,4.16606541329156,0.506566532917638
51.2532025554911,0.669329564528125,1.79339145205322,0.341894465840872,23,68.7778087085316,1.7699501626621,9.37863411243383,1.80042312369679
44.884438702486,0.501142476940018,10.603716089815,0.840136919404331,22,37.3579202405539,2.95930763383418,8.07901530254359,2.14246758445724
158.007524841748,0.874593385939897,14.3196015116351,0.957090816996356,5,23.0289686927619,0.468867829333031,12.4536721577675,0.807075556240446
76.6579912375863,0.739718699308511,5.13074912061871,0.491830587321306,23,24.0606952097919,0.789225327874357,6.51111871792786,0.800503640177733
76.8917498021569,0.449375503295298,5.0828360330172,0.446241648789987,7,71.1132077028794,2.89839910868333,15.1090844768625,1.80793180524742
179.007596311068,2.17277790770694,10.9690380459716,1.1955652488037,29,63.1614812856281,2.57049144676365,10.712332812499,2.46915617106381
119.89614220852,0.57415207309172,1.91601749176853,0.336102132747563,29,25.2460066133572,0.454188696138724,9.18132945176611,0.843574659550388
25.2979040648941,0.470970788457264,2.65690211354459,0.413671803589917,30,64.9709563338552,0.685448522934136,4.27875275541474,0.471824219571414
20.8315097051123,0.787151575933038,6.95194006644133,0.942682779205659,21,63.8989361020433,1.89928349823999,8.24949435112194,1.35698208898764
161.889142366568,1.52397925993678,9.04305881419194,2.46690943625798,12,31.531991537646,2.90094565525508,7.53792025878775,2.17958279544727
15.6537915240637,0.377785171254884,11.3811132528519,0.682835589748472,21,189.804641454212,1.1453635093691,11.985611415297,1.3970757879958
54.8312671231178,0.686025978029897,6.06955686023939,0.970636066683352,11,102.241552201942,2.38257588706886,11.0305209804212,1.34584839239781
190.68836248761,2.23972505951311,15.287290054153,1.94273269576971,30,47.1731313296634,2.44333544375618,13.1362399216987,1.59483223837687
47.3852761468317,0.941681174196947,9.26421087322319,0.9869784614368,29,37.5262671332454,0.592425484270151,10.469312080016,0.73834170665044
66.5989046872444,0.422048232522694,6.17743839236045,0.498583674950462,28,20.5834516128639,1.42783584067599,5.82312806194057,2.30309772977979
110.757523098927,1.25581306976292,13.0677579111137,2.9094727505701,3,36.0428863152037,0.930661875965286,6.57784699685001,0.680917865291337
52.7177001754628,1.381612749319,14.6616455112943,2.53328611774323,5,62.7079474010493,2.0714080989886,9.52853550611104,1.62121014980693
91.7349902317453,0.895112626470268,1.39686573206471,0.314516379490127,13,134.161760019871,1.10708023753637,10.7694938755636,2.95538579339624
10.1554214276006,0.366718182913773,8.07765872724514,0.65798499636429,18,12.553130396048,0.374615765124438,4.90142868927843,0.484597992828533
5.47521453170704,0.331807987450983,5.74246460295501,0.96615190838933,15,29.3444234394616,2.43555027804371,9.02100596092372,2.66456927367812
191.062990400177,1.35146595054621,13.5350906594783,1.76723362248067,22,149.196169883073,2.09710288048126,11.2334473204898,2.68939748647989
142.016671489631,2.66393060790836,14.3759376366503,1.65058932286985,30,98.760119253665,1.23183584087685,14.4733909930026,1.70825448933157
21.161128580229,1.04576300277426,5.60502644402237,1.59262328382808,15,28.9393521957559,1.83618793105878,6.95967686383839,2.00932371295972
81.5392751899704,0.706835283199384,11.5327792239511,0.941687734866863,28,17.6461972593387,0.465246672333551,6.9227116553768,0.970497110543802
41.0972649330175,1.47769649217627,6.65704873449032,2.6830826534263,4,29.2956401113711,2.066431021598,8.47410669723441,1.93300048212235
52.1797809154675,1.77828340493453,11.9913726220066,2.23684840577341,29,55.8671661465062,1.24939685332271,8.40447583278971,1.97265072240462
31.5466459881927,0.566085326750028,4.22100580723268,0.571019416266497,6,63.384097824321,1.59529719093285,8.81092072127767,1.86092850581576
76.1956737717503,1.63186947411779,9.74094983143908,2.32134124931219,18,52.3909934823243,0.646706891329004,1.3935793192293,0.305206444395732
101.247944630984,0.601822864175913,11.1020914422529,0.881803933651166,25,25.435055406915,0.379859889198441,8.49365794226581,0.917584997653625
148.036915713376,2.12457107424373,10.2318306182467,1.75332451162308,9,48.5829447256866,0.840059046262823,2.03190048236545,0.402688591185908
70.3739073153288,2.173639866313,6.10643430653514,1.08632423209297,3,71.266103171076,2.68111231637349,11.5559230114382,1.51805173938959
28.3414098822974,1.51144522695509,8.68787193192767,1.77302049963406,24,60.3493249845725,1.79674802963193,13.1165709905357,2.85334251398918
48.0217774710912,1.97455961288055,10.8592680149143,1.43945024973563,10,34.0457219992771,2.82322707803557,5.68836165108183,2.76732365971051
68.7376061636093,0.938362935302941,9.0829882138294,0.937628942012205,17,51.1158535311166,0.560129285022456,14.0792899979184,0.965338512378358
46.4803154055782,2.09950194846826,7.27227171495121,2.00440148705092,15,37.0136280194105,2.16957755732473,8.68921940107778,1.32922059183245
145.762528808076,1.68660405618575,15.6147046378086,2.19614356183512,7,98.0677823499554,0.659039493983232,13.0323315713426,0.887562252180104
50.5863955032405,1.25255021112717,16.4794503720104,2.97492467264443,25,28.7932504213218,0.496864693525501,6.64800467502827,0.512038836764182
24.2545125124958,0.473363338557304,6.04080095666747,0.939114882620499,7,10.8059112620088,0.362788504633126,10.01834061035,0.915037045081223
37.4945742211997,1.74601088192957,10.5272532369039,1.05335317957307,19,61.6943132387626,2.9846688379849,11.1340833780836,1.35559286872072
151.665867035669,1.41943710170197,15.1500967366181,2.93271583347518,19,282.879279696505,2.95724666180545,16.7571676284882,2.99295763938689
99.5663823928973,1.9922436255159,12.1777999636787,2.17314430706552,13,49.2465576286944,0.927807996119906,2.65724547716583,0.40138975684183
25.2067484951424,2.37750991066288,5.75579371480431,2.12779961624613,10,11.844635949781,0.35842773456293,5.36254671886925,0.428817426671268
16.0689151800846,0.699733128668615,3.93342344403842,0.670319373522914,6,72.8764237801589,1.57323591021166,14.744953824048,2.96897364372053
70.4361653719094,1.28219970674583,11.5878428234813,1.29634589573278,4,95.6889363310492,2.77069630269462,13.9411392844434,2.42042956531057
31.4795976797687,1.04775025903435,10.7846553958064,2.90000679382754,25,30.2154214904262,0.929978182667763,8.05459807017179,0.960675178016258
35.7234446906716,1.50497754880837,11.4273831370462,2.71439532887995,23,42.225371402697,1.83149458654122,7.43265795703636,1.273530986979
23.4324285276946,0.927149152843621,2.76228792705567,0.439858283716068,12,39.9157622746313,0.935403320075623,10.2179969838293,0.928957180824371
61.9865969344913,0.907417583426097,3.79876100710829,0.483607454372766,19,45.6890771500176,0.659317992524885,4.26946243368058,0.488847833669338
5.83689636464107,0.334081017459828,8.97698880881977,0.927420295141494,23,51.231406682713,0.739431478303665,4.03514960759283,0.407276123192503
98.0337694820486,2.83455598957996,11.2183246973287,2.95891366861103,7,48.1545010779079,2.71974551372013,9.44086091636375,2.76313509134705
57.3200983007374,0.6639398174158,1.36705417339367,0.340556603150107,11,107.413294811497,2.72044469602951,9.82734089939215,1.80213352864571
106.490561409278,2.86315609609364,9.78187494367151,1.53528731657562,3,98.1605201787473,1.57854980575759,14.8641666449603,2.6645759813696
12.5087728628807,0.356548249115332,10.6510542601665,0.715922136539072,22,66.354010150284,1.89848924354929,15.0894069126215,2.02709282706194
150.525167198309,1.92001719097334,10.0786755661831,1.10288823152001,7,12.9213658361177,0.45160936206353,6.552899923921,0.890494512592964
60.7948509458942,1.57124104885485,9.63291506832086,1.31137098043624,15,25.6646605842018,0.420087976708591,6.57525256410846,0.807381819712504
69.8525795120001,0.674250730373029,3.33402045723866,0.495649145880457,7,49.5512175381994,0.63137076209816,9.61752442997457,0.945397228193405
144.393921943376,2.22694374054227,10.3327360952733,2.53390214338542,5,84.7095604915259,0.775588295904508,12.0655495791938,0.809735973927826
7.67696569305668,0.304490323222249,0.872688905014275,0.300298680029684,14,71.8161573613654,2.61831002689365,7.151855055067,2.77566582687681
39.7933378640381,0.745463051768959,6.57676862986908,0.49977953333042,16,5.77821121038323,0.383825073850134,3.19909110150323,0.473436166691799
97.9986820227276,2.45748006584196,10.6720417208988,1.96107554682863,8,46.8380630904308,2.65253784106616,5.77269856268045,1.60147121609684
94.8633168665942,1.4772910173721,14.4118285960687,1.23939816916174,25,168.661259284737,1.56005880778814,12.7122393894697,1.07746472581125
21.0397070788685,0.309724365935618,3.53517976121436,0.410097648058057,2,108.687357579942,0.878123658185574,3.64981948466277,0.529930042806141
70.7612639526404,2.98853100374131,8.81458633694907,2.21348832631747,21,72.0819805874066,0.714247686726337,9.87660666647725,0.731838170552841
28.4365015991563,0.879019708108349,2.29120165303416,0.449472588977595,14,59.538029728773,2.15776180777772,5.98873550183922,1.00747103919257
159.605262204439,1.84193727578122,16.7640601405292,2.08105321629954,2,42.6035614984286,2.10781406289681,14.0949412724046,2.15648505738114
47.3142499293972,1.50528831178341,9.26054885094387,2.85110676860374,14,18.7638124085735,0.4264469419297,5.64637906262619,0.460198832067402
30.0376468294596,0.510121704602495,7.30830118094943,0.603673232203959,30,7.2375650645145,0.429137097186816,4.96595133675399,0.685705742146653
19.7356873485027,0.585148244837922,6.88470704438308,0.872340668746969,22,35.9641838022331,0.59323450327121,10.914477286968,0.886672040391288
25.7090112769015,0.327945598369857,12.5782487653975,0.850258201790268,3,131.805831003537,2.60797579368623,12.8087404523872,1.06186821436131
34.2327907089248,1.7839166648869,10.2741789675661,1.87464663338232,18,151.271476119004,2.11506548835371,15.3002254487989,1.36666166832164
8.29198317244984,0.308932116172845,12.6556818220341,0.971914769327368,17,34.3051584415066,1.45162689665148,8.42393423241211,1.51208148354831
92.0870336772692,1.70921943269617,14.0385308227811,2.68213822696148,11,20.7452508849785,1.01185838320091,6.32712522770017,2.71900791362644
54.0307249187528,1.92315641083722,10.7629227449235,1.01238428264078,17,27.9046075147891,0.375038556986117,10.9203410904856,0.707227261160012
52.3349592385507,1.65624384605279,10.397504344259,1.92833927872711,20,38.0002119304302,1.96168093608385,7.40416247452171,1.41388295737947
40.5612040970474,0.649630356382995,1.58405429066578,0.344153808355142,8,10.7972478532207,0.38455657563682,1.10594517747932,0.351293005316449
3.96311645954168,0.312323034674544,5.08207072769016,0.877513907835498,2,12.5793508626821,0.359806724017462,3.41940899430844,0.585368039876836
41.5793815592166,0.619510169971257,6.72758869658658,0.873325297815556,17,45.7556637116142,0.760249177684135,12.3010638573001,0.744298274300421
58.680745387609,2.46799123055004,11.9498497614335,1.34711536174874,30,23.5410248684287,0.616026742206571,8.01705332791305,0.992743731731462
18.7229016561394,0.453684707834678,11.1833254606683,0.943563461083763,27,16.0593276073852,0.384926328942843,7.15874604696817,0.595335812002664
23.422189804008,0.487613191019926,7.57849240660998,0.562250048269404,20,36.628323512182,0.902376602752031,3.07237021862791,0.452329625371139
34.8966699244355,1.11972815442833,8.29086469169383,2.58775766268307,12,153.41553366592,0.646404927317741,12.2866956852063,0.891744509453615
56.6327762190136,2.79494002960168,8.26967432088371,1.68096183229247,3,44.3303341098594,1.12781748593974,11.1301761828734,2.41987764429282
19.2688545810732,0.660272590691379,5.75666079462554,0.755230592827553,5,53.3161744307097,1.53094968581341,11.4145118900641,2.8290051394479
103.262439796535,1.84344376215784,6.40368254263698,2.2311528981593,18,6.67975555587799,0.328266842137599,12.8900275487628,0.956640247412417
20.0007293567725,0.457564439802551,8.27755400164173,0.640815585290218,8,151.564227040222,1.10463405803126,11.3200649059726,2.48818666620679
127.634406122076,2.305041963334,9.52341401446412,2.62464557452763,10,13.4375440961424,0.334194678859295,3.98350261306317,0.457718014525474
53.2962818423618,1.37728314399116,11.8702313926363,2.41075380147056,15,37.9220206461264,1.56946639750945,7.67793019154484,2.04641753354584
26.7191323159246,0.37225566326542,11.4771212478709,0.779531739283053,9,41.341674789745,0.827012130792606,5.39781842257529,0.651822790647443
163.616185671058,2.19435513830646,10.3291937566416,1.17707834985318,5,30.7019142974599,0.887686595762345,7.01462199948731,0.670910369609822
45.024381410742,0.951511032770924,8.84469997020755,0.577848203922009,20,6.10935448058032,0.407547259422363,1.16572018923809,0.365746333153072
103.181774455479,2.38843977409725,11.916240236409,1.68730453448484,4,42.4405263850703,0.974788194678058,9.98939529516367,0.971563162133132
122.831440704436,0.964992348376565,8.05933420174381,0.913660321188578,27,25.0429130825312,1.27611982449505,6.71577683346729,2.30046796476867
18.4933373478168,0.401654762136836,11.3255749558618,0.89393695433919,22,67.7506411604932,1.75339026191504,11.9714349225524,1.1877085633029
44.5946822189026,0.593728893857242,1.33996181256828,0.329985566322482,21,49.8390407503533,2.00002671949354,10.8965924278264,1.81771735236032
60.1273613003629,2.94650854405802,13.9367892472428,1.10425992675901,27,14.5303440723486,0.396917558632749,5.63162849505546,0.505780670083008
58.9605595169405,2.07660742601974,12.4816450907177,1.57274934002725,16,70.551772017838,1.74781182853903,12.8284525041926,2.36450215481623
14.9033396167368,0.352587741954544,0.79995167000763,0.313077564021076,9,4.78668280755018,0.32221180530004,1.30558593517352,0.336396781505842
42.5992980510555,0.937117525109168,1.37952085132539,0.317384582509634,23,46.5145275868034,0.528061922293199,10.0438931248336,0.640210696589799
73.7914616606334,0.687884465684188,11.1304160315093,0.732256844536536,15,80.3236663827598,2.0238612969335,13.012513718794,1.315006867436
113.736076210543,0.816786817163747,3.30045581414525,0.412528038699596,26,104.060629748805,0.644201078773172,1.59377707130574,0.325118678925689
67.937084860339,1.6060448762488,16.0465225357689,2.76267046479699,29,36.8938211788167,0.875556232092384,11.3869113396989,0.975076493055067
72.3859958093384,2.0202324183007,13.496018193902,1.56440915132418,8,41.4978169429792,1.54388292303966,11.5839682439343,2.15716425561202
193.204360020081,1.38679251392997,10.8227345488404,2.37129590768553,28,30.4453997579234,0.67595986369917,6.16595497810888,0.509386367819228
34.0954200307033,2.02747640893515,5.659625018713,2.75972839361458,7,62.0639165717356,1.38411519237083,13.1894305475467,2.70709087814157
152.33655790053,1.85259600103786,15.9029455927035,2.58499546976618,20,46.5678748986153,0.91633834950764,5.76584774280045,0.56790873479535
32.1225507328594,0.702994595128302,9.97924833323655,0.96033541620914,4,68.0720245530018,2.31205317423515,13.1729103769979,1.65861028905855
114.278158636157,0.840884891050248,6.14005818848451,0.466564330915729,27,103.646676672704,1.22598600725164,13.7912934686366,1.51904423261937
28.5601370883258,2.39106158477488,6.74741157351406,1.78813567621822,30,37.0558593282256,1.53026850343181,12.1286456718615,2.8475716091544
24.8321434059106,0.45433361214868,7.81840421603795,0.954158804556378,18,44.7267860654079,0.968155995284735,2.47348231072853,0.343152733786302
35.4145654181441,0.826487460745305,9.05388406301017,0.992723494205015,2,63.3435426061272,2.01758433858291,11.4182327474461,2.15771768303267
179.184910234382,2.52955458523328,14.9444489114799,2.43332793104706,24,45.4241560081587,0.90835052666433,6.47075744999915,0.610407386245874
35.863091097244,1.25557039431282,11.1071942439101,1.56013832484546,28,79.8913018731343,0.576105917596571,7.62558168927711,0.534012850233204
88.9162371348312,0.9081232039498,9.57353144009929,0.657333357871307,8,16.2082750353433,0.446504473556118,5.54441328899082,0.809768063377258
23.8632523911358,1.14405959531323,6.65491532287916,2.7180720360807,26,158.952389809091,2.76108651406319,9.45661355529965,1.4427555768483
26.9414368070764,2.56158781168614,8.43906935698383,1.98363197599865,28,68.3017259958452,0.63519811331426,7.36523548238567,0.91410703664769
116.194210450355,0.846063231439161,9.00549487716471,0.994008165553479,22,110.677498941043,2.84764325467154,16.132118077322,1.93979022886315
31.4174726410634,2.17346395825905,7.65055858615391,2.37592651759818,13,32.6544520428403,1.98291316586809,6.29614631378999,2.01242326388801
21.8745530934344,0.464511360368643,4.31398864467977,0.401609270057845,23,102.315466676344,1.47023265134382,15.4154651359974,1.85121227087374
46.6344525136944,1.09081837942512,14.3908488918244,1.5317745421255,13,179.291946267535,0.858411221595833,8.85568621496893,0.617739790684295
40.2095879395029,0.469290691371011,4.42766768759519,0.415445544818919,13,82.2532830690004,2.32992677707675,11.7176109944985,2.1170609713155
51.6963992055756,1.50169657726669,15.9826322716328,1.25061257010473,6,149.317497882712,1.61475721022713,13.5433633628233,1.1598266715143
52.9310163394628,2.41528706274262,14.4763165296793,2.83151331265919,22,76.7490931190734,2.15242111898803,16.2538745106199,2.85880671641951
53.0827307675208,0.613696692624386,6.96228935828089,0.607264515196892,25,41.066871148699,1.92172447895109,7.13685522669728,2.96376641467005
69.9336545096734,1.55732260941204,5.70828445456491,2.7604421420265,7,68.1553274624632,0.654421826318747,2.14727860750191,0.415059887852344
20.8250899007767,0.646839243127219,4.64020919860762,0.75060719857768,22,27.6137567472637,2.31816120778835,6.68553605534992,2.03069776226216
173.263815200493,2.96688241647521,11.8649940488705,2.9064883292898,20,190.533661196473,1.01250627388585,13.4679195724721,1.66825441716958
54.2684138090269,2.50159720349795,13.5235601945771,1.32803297673132,9,37.619877359605,0.966318530757651,11.3093578062576,0.903893907397865
78.8500510523635,0.924362610017363,5.54302363863038,0.730805755263565,3,57.4106433470847,1.02841448868989,13.8095772173302,2.18850682391931
51.9700816537114,0.613108427705247,10.3613292932396,0.70405774386726,20,72.1298962333269,1.43149504908591,11.0335752901035,1.76339883873029
35.4791568042333,1.7950321186153,9.94580989505327,1.38853569202825,29,81.8674787848697,2.83751100177815,16.4256326402387,1.65391817533946
33.4039134878906,0.865944236982694,6.74342915778657,0.540921781849453,5,57.483807418009,0.991741799399974,1.2980761233508,0.310504474298823
21.1660903043964,0.805541199950974,5.37546927485654,0.929250365452312,17,30.9398452662628,0.940202789986804,4.3724397884417,0.481948970774122
28.8868451575565,2.15286485821938,5.93556052573088,1.55488327519454,1,14.8102001945764,0.484340330058002,7.3777465052123,0.709132597384191
65.01393058619,0.69495981843944,6.26138431306509,0.66002418800657,11,75.7682221062981,2.01595443212555,12.8989190503466,2.43188564878307
81.0211215845843,0.564550522088259,11.4807435721336,0.899228249681938,20,43.7459172338218,0.909767225427174,3.12837308145288,0.466035933323016
114.979995940773,0.626957706789532,3.67918975651028,0.400967047899371,18,21.9310297141707,0.956037871525631,4.25375943995585,0.630391840354451
32.7322604580137,1.85669809916094,8.98819014490445,2.10451024877782,29,51.1886140260376,2.95774536246595,12.1724487739813,2.70285607731204
16.6553964557053,0.582430674274783,4.21712086153276,0.51672893770117,30,70.803460083007,2.11723893510409,9.55187582209667,1.68440219893022
29.4701920674866,0.665717936120039,10.3140849825119,0.848974888087648,27,66.362439642082,2.77979172478553,14.7341419778752,2.46542335845382
61.2930287768016,1.21157222548901,8.34095426261023,2.57512468609205,1,14.5787630719546,0.409608674907127,6.84283828452915,0.877227399828648
146.661026016679,1.48324566835478,14.0520694534463,2.64086429139871,30,25.3490770679314,2.50373597921063,8.16105152109632,2.62870715288202
188.354315123261,1.37818370397928,14.3402826491481,2.12392316312094,9,15.3042024462778,0.647914805969236,1.47347473022045,0.38726637050431
265.283081536899,2.63471452743982,13.4812398227545,1.02272170640268,1,25.227868288369,2.05214607930375,7.71235344873849,1.14604537860638
92.9610067220408,2.11705617938619,6.99663725322825,2.25701956838367,14,44.9259141817477,0.597517014436766,4.33539369559567,0.399717501409532
16.6502515521285,0.395016375186488,5.64967670363184,0.485897367211994,16,12.2813104052637,0.415709152116622,2.40872784563296,0.363941877367515
35.9068887305619,0.444210236294758,6.27130821048688,0.981262420710433,16,179.180113445844,1.34624332383719,12.4915362039394,2.18166451205598
28.0042183919937,0.46919450622959,5.57719319114816,0.639742790349035,5,79.4316253728482,0.414135547143007,3.69111938865049,0.378621912923811
181.212480663277,2.64281057836615,9.80483615152314,1.79807523800358,19,64.5417793609293,2.41794087951486,13.3519327605752,2.67938548680299
53.6902957513062,2.88188324692101,7.76604161462889,2.828917426697,29,33.540289242918,0.80200095182234,1.09834409211836,0.354201741546823
74.8411397716839,1.86433044576279,15.2657844132745,2.4556813890926,14,16.3850052603758,0.791759740366513,2.6059559717976,0.474509401567802
25.8292507550501,0.600275776944098,5.54399992378202,0.850612031095672,26,66.3066748991968,0.507476145888643,4.90447331045195,0.488582755083016
53.4870817210717,1.40634677247704,12.2597433281233,1.55171068270601,18,110.061517489232,2.15644811465786,15.9914477133594,1.57502254374922
29.6548785997064,1.51647550229829,9.24851362417282,2.67481751103271,13,101.506113439434,0.769655979866776,9.86375713131356,0.603104347561708
19.1666198570811,0.43420439463603,3.07761152615576,0.36354315505078,20,56.5868774911094,0.646450738675767,4.74573221835394,0.471468063502793
59.9169702469814,2.58070358060954,15.4168721003064,2.30617158338726,3,44.752314373925,0.734297944924515,9.72184511643756,0.698406871642369
15.5393447340575,0.439646611352057,5.97716074833186,0.595667868365889,16,17.8899928200807,0.539407520575024,1.07943702198222,0.354856533421525
41.6262452857251,2.84997611259806,13.790990112511,2.94449911364115,9,71.8784933602607,0.701994600215565,1.40572056473905,0.318735383783545
65.3099921262259,1.11618151558937,15.0894532904541,1.34681114109294,8,54.205590594481,2.62066856587765,11.3414720786628,1.0265078033722
107.585493397403,2.75189652032198,16.8783312097654,2.01394556619935,19,30.8897156762898,0.605552511778906,5.79475597396601,0.483635265654727
36.1221764632579,0.56863897702822,5.51925937396692,0.539312447931086,17,104.567188233398,1.71132692666242,6.85573914105832,2.13830786961161
119.601183292111,0.585084670258045,12.1677367547531,0.892446382679053,13,89.1193586070614,0.99487624370656,9.71136210924724,0.882531880687498
72.9166698753965,1.99319427253014,7.75248952568923,2.09013479864895,24,26.793362669372,2.92459666473709,5.77963282749353,1.96304773791393
22.9858090691647,0.689667988432861,4.18978411310882,0.519988087817481,7,35.748293413236,1.34450586863592,9.57536011966789,2.54259047162084
254.944643009925,1.60662260193278,15.0835951379027,2.24788579093276,8,19.5102811001477,0.546638772471221,1.0028517598345,0.310966526175322
25.5281284434897,0.320212229904383,2.78079133292391,0.396322595454409,25,98.6162059350896,1.75603224689798,13.7962211133282,1.95711287370742
68.8453894604163,0.792422009659234,10.1673107929177,0.681892909747858,23,118.915898490964,1.86490094063206,16.0119871540635,2.12215022619022
20.7084999305345,0.72678449616655,7.92474868586905,0.926160684378583,27,178.422127255154,1.27621629528644,14.8315237055946,1.43448186468531
75.1695971667385,1.80537157117688,9.10187144198793,1.6751616025694,29,98.552961961769,1.88558607470996,5.6793493903689,2.1521917523194
119.922494568639,1.52165644402794,11.6445605730019,2.23615466387782,8,158.050250384007,1.72564783964816,15.2935455294588,1.18549601002363
55.3071006385449,2.07362944699276,7.23674956196636,1.80061857355561,6,85.3397961123617,2.39273163201734,11.4483065002763,2.62725917492412
42.0464879077202,0.510670870482887,5.52275533657719,0.852070161335014,20,252.422035421517,1.81883600161265,13.822293176909,2.56439302031442
38.153356410966,0.962324797745138,4.44526523926653,0.511179129506433,11,35.5144161950006,0.883520936465096,3.83717758746427,0.476104847502623
65.540536659559,2.6986459969038,8.06530730324188,2.85377924828005,15,59.2266651690919,0.843702282103289,6.07949775666368,0.908350363112924
57.8621904119338,2.29148356197504,11.4521722791193,1.30977297422251,25,61.6827540826091,0.916805653859645,5.69784143548301,0.498034151087986
19.8282542055632,0.463442146725116,13.6309247347727,0.96233335691193,19,46.0893034203577,0.421002983450215,6.03132446653283,0.695228608387919
39.399915638053,0.595061535731648,11.5862077914365,0.70823851646009,14,55.6624216655854,2.20877821356381,11.4177667672496,1.30742896383115
159.026055474769,1.60799934899628,14.8079612940234,1.60144739767648,11,66.6891116462568,1.26867536831574,15.5904342369748,2.43900459754699
47.7282215102365,2.903258868895,9.66802015380919,2.13895795900165,16,36.8035876083247,2.57920938010627,7.6478919182092,1.15787794500831
137.122006831652,2.47562342097383,10.8432483376985,1.83516967995749,18,85.0590795753625,2.11113586438101,12.8083278385916,2.78629430556021
25.8626324589396,1.69827402681225,8.07260524285124,2.42461256467282,10,116.795423862348,2.94757985517824,7.54202758754171,1.80734286775204
72.3945444861425,1.79547238021287,12.4695000560699,1.15399875795623,22,98.872488139395,1.16596093853823,7.39634945196768,2.58126865825706
27.1882252037023,0.549021154705851,6.29109889543656,0.60193440705961,15,103.762006775959,1.91637372663901,8.13001171442798,2.44089179139221
55.9880952322871,1.91209807248345,8.98541574450926,1.3062402727294,26,40.8928548050171,0.443242541554956,5.83262056252169,0.491277428839826
50.0455088763115,0.445773936906444,4.49628480465987,0.572094571656595,25,76.9727891173641,0.791193609857102,1.37545308230296,0.34934831917977
69.2404686187382,2.62005315565789,10.977273163851,2.59876579239376,18,28.486815721589,2.60171963501727,8.56147720821509,2.64719758639086
73.3691468793621,2.42801183406228,16.6296128858427,1.57435142970063,25,198.957430252644,2.74217555940676,10.8075965529918,1.39323141117425
50.5132292453848,1.28666097220868,11.4850354456562,2.81074600849417,1,29.0375950640484,0.412920090908957,13.6736878139998,0.976737755903648
31.1656957647893,1.25332494792549,6.42654690534819,1.52667697475821,30,77.3875063647106,1.00234047053832,15.4929820570863,1.91926550933426
31.2315849233627,0.591105682721217,11.292774434698,0.709932639663536,15,51.6825809019471,1.88034245282855,9.45866862390946,1.05621875682064
70.6760685481052,2.48911464246847,12.7225400486542,2.48409450777597,22,74.6643501118377,2.90038096592825,7.74150074287091,2.56563759007634
59.8714931052014,2.05642182176358,5.83485862367887,2.40489771894253,3,60.2007690442421,1.98889996666269,12.3230351685919,1.63201469333153
51.7085383926128,0.649531718733415,3.64286957039253,0.480408474540036,21,94.2184215940231,2.47642552308534,15.6116819579031,2.88479518406147
115.811019453308,1.63817147267267,15.3949122448985,1.56696620723853,24,43.9390476399712,1.9599244836117,6.96225565571425,2.7827754421328
50.7779120930089,2.14204834542242,13.0114203261641,2.09935488318601,23,89.3188171635019,0.618927686506764,11.0122035005461,0.659823726806432
21.6000450338143,0.516700515242905,11.388288912227,0.752519156410068,28,59.6619965748052,0.930299685047811,3.31826578650249,0.366336717797307
52.7908878652504,1.410679480311,9.35657028619057,1.56749213483667,8,38.1912829382393,0.677344960358073,3.77442651818748,0.418221336708047
69.0158795124881,2.46535339887588,9.92520335076145,1.8510130713595,20,254.045157219042,0.93225984811927,14.3409221145853,0.994294477567374
68.9578255750484,1.01020812403796,15.1618029830521,2.92243362662532,10,14.9545186260163,0.570535461392161,5.75145056845486,0.953659558233016
5.56394030739772,0.31781294956316,9.76288213488434,0.984389947184338,14,49.9856104765501,2.75128403815168,12.8577577856238,2.63953567682286
68.708191232813,2.04442525142095,10.1345444968354,1.11028955669664,13,36.6802559426191,2.20360848622033,10.0089112512867,2.40611458198334
27.0899976247537,1.16186547366927,9.43614302269216,2.50650757155765,25,32.5806951882611,0.573118573751988,3.76152825843428,0.436718541325543
96.0352318172345,2.10330758888081,15.2352395343994,2.04818632858135,24,29.5626086040978,2.95682527294411,8.52838771406238,1.30760421615342
43.9234103576555,0.991244233803633,6.86500614959759,0.660359275443698,26,242.192630147454,2.67995182991806,15.4048377920629,2.17187226730561
39.7310389216088,1.26897137052492,10.3197662723074,1.53410221246573,25,31.0233950749036,2.76821140146749,6.8939726961251,2.90295847794582
28.5733812117222,0.497750819863587,11.2901408449402,0.973215626348948,23,85.2921383734664,1.73437976735485,14.2184735427024,2.71992406855206
115.671279140787,2.7725387865789,10.8320377274471,1.28245552138189,30,29.7686917297133,0.652071972651714,11.1540537066469,0.803389668093537
24.9603303607878,0.626063633376547,4.05978454815694,0.512500633304223,10,28.2690701900723,0.679914904063928,7.55983413114847,0.879407984528758
30.106628146518,2.85419561280887,6.3290971687743,2.85547357048311,4,94.9154834866034,0.688601345246823,8.6974101155191,0.732042116029076
27.726446794669,0.317211765577154,13.8960683154539,0.941729675700943,1,39.8800695967044,0.830431987203846,6.38452595819137,0.686349952048138
74.1863124257737,1.30456816635841,12.3705347940945,1.77167408609611,22,51.6294203103742,1.74746582309365,5.75003487591764,1.74504432297997
37.7520234948951,2.80834037137612,9.25461789272529,2.42597276008058,27,47.266987342109,1.80805463182264,8.14202043199075,1.32284389074038
51.3061099394141,2.56577926054347,9.05250252888449,1.05736258988712,22,32.1898731176727,0.523007176409098,13.7185600776003,0.882953638437975
37.609437245215,0.779278320359304,1.57880681363557,0.394980223508447,14,136.429123110931,1.73039303155859,15.589763049039,1.90848122816703
113.496669827158,1.94877328169282,14.5383229718103,1.32171147996565,29,19.1800988425511,0.461957086254518,6.58775736361872,0.939560622274278
127.790201064623,1.62239503840884,16.8284576195946,2.55451074883569,5,36.499806963692,1.99567973702552,9.15960501326549,2.20705711741754
54.2186020240997,1.53135790661151,13.7473928627051,1.63467471205868,27,42.4367834334289,1.92449762591547,9.21033855545892,1.95420159005592
74.7078359789091,0.622402353669349,6.52165628488133,0.477548761309569,25,94.3456175211575,0.627814174036414,7.32593749101257,0.71226225001605
64.4344406240691,1.04311500857923,15.6724546832115,1.99090793421556,17,25.69248020743,0.898843262217556,5.4692339522854,0.69433474730122
79.9298253628253,2.06335868799751,5.75045494662164,1.54821325361391,20,59.568008047195,0.435897154186694,8.23314106920231,0.946318126782679
60.6397690059479,2.72005214192306,14.0906763968453,2.00734864175427,30,34.876923545555,0.646980467328574,6.37307812366854,0.785593249560123
70.4474320735126,1.24204706877003,8.27894938647184,1.92904580604087,6,227.693092032105,1.66917182842367,13.7319104400563,1.91932882893214
70.9933993702739,2.90647886609238,11.7515841658674,1.28590134060931,17,74.7535494690957,1.65024910067008,15.5163291278415,2.6098318350721
36.7193678138054,0.805611579324885,4.64795223660471,0.669852008368911,13,21.7321007953187,1.81373492859183,6.17305747793578,1.82400891290354
165.080353776515,2.43675214931617,15.4231168497638,2.04776843652339,13,49.640646564066,2.34234600839609,16.354551896455,1.80102378152958
47.315905263909,1.05449754404816,16.2254953104949,1.39966863159438,8,58.8054781102103,1.20595855197617,13.8029728153058,2.60845488510287
80.2200555081045,0.921239404661614,4.87545936973958,0.813472527262523,10,125.646570685502,2.22703140581353,15.8183589825176,1.46976926453572
59.2715840331195,2.38491399322026,10.4888173568531,2.92969530563293,8,20.3928318419249,0.77167096755719,1.96898869968917,0.408349865729073
110.391631474042,1.71870191852653,12.6962080097879,1.59058731925215,16,17.5420675709814,0.865338403305319,4.25409440086247,0.72549591349237
101.274863566404,2.32300229813403,5.67750387219211,2.95769997084167,19,121.050976667741,1.84563687115578,8.82872075741423,2.20817705877791
41.4308147212207,2.7571520154292,5.97182915995089,2.92698125650907,26,120.814397965323,0.762403074371372,11.8136666616708,0.965194134159284
93.3201455424901,0.747411743414179,5.3502005595306,0.628946934946788,28,21.6645228777624,1.24347062469557,7.30928808427768,1.49770349948896
23.0408225458355,0.44922456986069,7.89895424528034,0.627253854489565,29,79.7261514041662,0.830754140420539,3.60415801097118,0.612191332409959
50.9208803787744,0.523202066405525,0.99756625666456,0.303743785703782,5,160.007298015873,2.71523888344166,13.8697839594028,1.57579280145516
53.2487096782367,0.875577206628081,9.23404362291868,0.730633044844623,13,45.5263073393038,0.789775171234154,9.4358623489518,0.586803771372034
36.7979246088356,0.665563943702453,2.66798272203754,0.495839498818794,14,174.174414803341,1.65653593046646,10.7006897906118,2.71236686030726
114.545393871572,0.708212522538846,6.80062625554909,0.625574323565648,17,27.347754736246,0.68357474723299,2.2919864859648,0.354395478072417
51.9141973189917,2.44311373254899,6.91821943523378,1.99568565576851,24,60.4837288613279,0.860139538974732,7.23574871782354,0.564867426159381
25.3161246246162,0.353029937064035,7.70846429941982,0.934546467297053,26,44.3740000754173,0.543445978179264,8.94481361935278,0.937931024847455
9.14776051354298,0.410706135216621,4.09635285094802,0.548458915541367,16,33.1069076998949,2.93969420803323,9.62920512950101,1.30510145661142
132.822365543265,2.68411894591554,14.6170673027499,1.77333738714091,18,39.9325648654237,0.617141778400898,8.65025588415067,0.929238321987019
44.7198006422205,0.933398769292674,8.1956285514161,0.548099189072728,21,95.3968965347286,2.35311980102294,10.1666433548381,1.07488266329238
26.1758993510066,2.03832633844576,8.06801174538201,2.68738145984182,13,102.158206514519,2.52364385922231,9.96713113501315,1.21655588321619
59.2114148629168,0.74243134228352,13.0984799390936,0.844102420839135,19,31.4237714958047,1.7695774832872,8.27333671727077,1.04967892063611
108.628716526853,2.97523650050007,12.8820377636559,1.0522237729233,10,42.9129382948952,1.73926537231529,14.306729839612,2.05233339060499
35.9943619304771,2.29363427578424,11.1904307887926,2.08187109189291,27,106.615053343005,0.897361605496043,7.29135299357185,0.769671456598582
182.134662912086,2.30241507177746,13.0546475566013,2.94117648920653,27,73.0606675690827,0.793378522156726,1.42431561468249,0.332991784673803
19.5927260825773,0.84730463992997,5.92934742240694,0.799328935626933,11,25.8076236409214,0.502589645617956,7.50758363447864,0.64835738014979
38.4115385628314,0.397566200157111,10.9771983154602,0.926256464377691,2,7.08654636511866,0.358458728551048,5.80859222229555,0.859134454402523
28.6072248999896,2.21999530133088,9.46818422911929,1.92412505863305,26,176.823660418232,2.6875500494358,14.7067009679469,1.85459168111811
24.7229446527333,1.25425906807219,7.51497125296775,1.3067518713457,23,7.38534374380034,0.311427403190104,9.59519262481879,0.597149548278129
181.219069653214,1.87887097221088,16.3356544555924,2.64615708437553,6,15.8527725188198,0.602142204388384,6.23440592453695,0.860817768366694
47.025966429075,0.419420384579155,9.30796507459227,0.682790611433646,10,88.2317680867239,0.588841566477199,7.63321744327422,0.540473452898864
125.341484792371,1.70293653282435,16.3350374679353,1.88839139732277,13,21.9350842532033,1.27043599718628,7.62397146970666,2.51257477055413
11.4816601220695,0.436144752334567,6.36572458269492,0.882017217233335,15,91.9489191534991,2.98944078868487,6.67772364754952,1.11500717737356
62.2123860263891,0.991539663232472,11.4088913422095,0.699943566639253,28,45.2417088676886,0.547558803159977,4.79933646134406,0.553013587660123
52.2414259162552,1.66171859418695,11.1235118499965,1.85162257996147,19,31.5437432910656,0.705880920525681,7.66735465094897,0.600009990274608
20.4873066192367,2.22794089679981,6.316290497404,2.54850183859735,18,55.0643427203593,2.62208872745842,14.0290550080486,1.01978752790704
74.8889390183988,1.48655552511691,7.33289170502993,1.23087456142822,3,19.6826319694176,0.620665070425754,2.33257181647088,0.405391533899295
40.9878868541834,2.17510534247212,5.27526632416472,1.03107210606252,18,64.915393987847,1.5627819240895,13.7631421287716,1.41229587126316
69.0503475122258,2.18471541831849,10.360721498343,1.54967670111036,4,17.3641735182037,1.19274970002451,6.02478939017183,2.75806529895701
12.1867836175389,0.500957541378223,4.23417615008902,0.74254999718446,25,4.9301015867278,0.300870451692401,6.25011234836604,0.624130165019639
28.1025262421901,2.72237998750556,7.03790031471244,2.25309420581243,3,19.8140362738076,0.664753143638139,1.21339150729491,0.353799008989542
154.95958141421,2.77674744805787,15.1788197719589,2.69669253388802,23,65.4646148217153,2.83697398717647,9.90613365486042,1.54351009885088
15.040215884689,0.506009604539165,6.81049633858249,0.651943971352051,20,4.05983405769395,0.333438167566438,2.9872147144025,0.548840988900626
4.03080665428988,0.326569863597531,4.6141448930049,0.639766691536082,2,10.9744269891944,0.406986335826259,6.01017778158626,0.943618165392579
69.9884348325501,1.72621068347119,15.3507205417521,1.506468749474,27,110.432197865321,2.99643095814566,12.4479318594226,2.37308096527076
43.5227092454237,1.16702964013776,15.3314052000074,2.84722446574881,10,92.3614183834916,2.65291189114788,6.989672002608,2.79192465952243
24.0302789800076,0.89124146124942,3.75950812501633,0.503513164972154,20,101.244217963775,2.10365216996739,14.2188170479535,2.39291434494576
63.3232643228948,1.74838693166039,15.939059637735,1.98276319372819,6,97.9776080752429,2.6777293694661,11.8852017975722,2.31920913136114
54.488705440564,2.23686835001777,8.98878635102286,2.80628512964799,12,121.419996111321,0.838867286206616,4.83849797460674,0.473068798449595
103.783885976301,2.53683276317244,11.7884707216246,2.8029181690336,1,56.3565223086634,0.700630107975618,7.7255581154703,0.913580922614028
19.4702619884249,2.41452780307307,6.24021176788431,2.26878280314681,20,41.0321566501688,0.762867382956359,1.46754839417611,0.30314878265344
4.65086149523763,0.328961963334916,6.10452158397809,0.784113940052041,12,54.3165315216654,0.948800508563556,3.22803956649224,0.375675303678025
46.8864477462047,2.2369079320892,13.9459183323463,1.08448801448697,16,35.5763698234311,0.566369193824612,8.0069014413295,0.612738312819031
27.950615963699,2.73836925188972,7.16466290186609,1.44450755944487,3,27.7064299908588,0.385757141786784,6.68506136964711,0.645973500916966
24.7376070543689,0.888155016483418,1.57577148402216,0.385005083063602,3,24.123573500049,0.607605629106767,10.415132886338,0.923557391766026
189.229670869592,1.76274429006722,16.1484896656937,2.27182351948972,10,32.0667079974263,0.733826055924877,3.52397270974142,0.425068355015117
214.741953921564,1.48734411899246,16.8774749169448,2.48191789159498,28,69.1225505012888,1.7624611720226,15.9350922296796,1.65199027245667
34.5878631477237,0.982803777464693,5.65496918198729,0.498976266002103,24,69.68186828485,0.838940472317074,11.0972487395936,0.905867074894075
88.9993212557526,2.72487343099355,9.50311548991001,2.90901450932953,1,17.8687620289445,0.353955398390767,12.4152193744504,0.890076971191531
94.601213474492,1.64722671815362,10.7458686395003,2.78366940179177,6,20.6031122686035,0.491716847576475,5.10025476932784,0.584386924369232
72.6861937950426,1.49689673452503,13.0762459731501,1.93441936830879,10,67.0444987070615,2.38506916487687,7.70007342887084,1.03521507281395
82.1703622130727,0.87555049149154,8.6178282541303,0.790149681506383,12,35.8171645351025,0.943903906517837,5.01911778360749,0.479532004815203
78.958066587582,2.33138222643383,15.5470177521371,2.29297883233595,27,57.0017560192932,0.897092145164918,10.1166104523702,0.878025415173969
52.3305051311534,1.99782566052357,14.9370141396301,1.84293312033752,13,63.4723740160324,1.5948400141992,14.8469429655024,2.44554782663841
2.82151457346449,0.309817068674708,4.91023071351805,0.958837133065854,23,14.7334136398551,0.551192412981772,6.59886569750368,0.728688854473957
52.6379149508359,1.72284072993603,13.4184692790196,2.93573531896288,4,184.053653225571,0.655320582329602,10.9636913298166,0.654048239798399
46.6449654019684,0.440641815129084,2.96853625354235,0.404184098214066,20,204.106690146179,1.94540887196689,12.9409197984498,2.61860893491324
15.1193105934196,0.300355872858164,7.89892094340419,0.738809909719689,23,104.702556266631,0.824076341980463,12.6724596774244,0.82765418617688
93.1184367749025,0.80680933954201,9.59849959835424,0.589144764534568,4,95.8146851317524,0.905331703098072,8.98442914225291,0.853370596620804
33.7110878722842,0.893745522556254,0.9293619832297,0.321341487522824,2,107.053363727341,0.84036174766978,7.59381551085328,0.648805987402546
15.4541789418244,0.868246432111859,4.90864946733263,0.943124418052721,2,129.79392108265,1.48630099876301,10.86101439059,1.62521958174722
35.4450160952224,0.642857800321845,9.87094635004277,0.653975648622284,10,142.55502468749,0.779277361692308,5.50496518784277,0.529856787634183
31.2804674271412,0.53640801935023,3.68986721515643,0.433000724769317,1,48.8972133774644,0.587717644482129,9.22411882959059,0.603952602708423
30.5058110985421,0.501083341317795,11.8541746675165,0.892874741156041,16,21.0062794840249,1.3354754431125,6.437914834517,1.08647920947046
36.4582324511226,0.963522224627465,0.996721796551437,0.304859428286116,22,21.9427386892695,0.690363033493633,5.86097748074215,0.685933175115417
65.100466260364,0.565620754813864,8.45565627364805,0.66640178191924,4,49.3206198071229,0.730419746040263,7.01635282578034,0.501232509716705
28.0899059580264,0.730315435989127,1.59093301158624,0.381893276963061,22,40.8872423530847,2.22397370060485,10.7534671156812,2.36067359711774
21.2387345920873,0.518488211322125,8.47300944061272,0.613015735786345,12,264.281953493775,2.58506040279343,16.1531644050307,2.98457188088013
32.7415401133489,2.56892863256178,10.912822093349,2.1918609937777,8,26.0106065919288,1.29364500613138,5.97408555064998,1.26019539392141
80.324634723751,2.60113892065394,11.3372658892719,2.80687004229823,30,58.4708214594819,2.63245232716141,10.0173381677349,1.19949955882389
179.863172129247,2.33039048412933,10.9799893298375,2.47575581364728,16,72.6046004199515,2.2188469264672,7.79781902668773,2.0930117865176
103.435229659239,2.76731900268009,14.4343285197822,1.10949849651701,3,36.9144122843355,0.48430958127396,2.8542717877258,0.381887988362061
125.072839777334,0.676633845149495,12.7569451176892,0.906110210009776,16,28.286173280263,0.545393731702172,1.79409842389247,0.374456600123589
78.7806485654233,0.666689232591069,10.3007992618086,0.864688260780102,17,55.9134883223322,0.871980643851898,8.43252221463148,0.930100668185662
31.3941237523208,0.35333931704587,8.54790118631476,0.655338490959128,5,139.327443024624,0.687900769366844,6.54000186462024,0.558912915789293
55.6858133215961,2.34584951403845,10.8428288228371,1.86817436985242,14,69.9343902623902,2.17400731346613,15.1763554750844,2.22371032624391
32.5816815064914,0.918123479957249,2.30192400523345,0.370347658005636,3,33.2078308489614,0.969481214657821,7.3192007228932,0.926701725356176
46.8657712773237,0.924514426103205,12.3597036246025,0.739032305183363,13,25.3880099562584,0.496998162986264,5.81773763264491,0.451045914773032
65.3065217330209,1.41581110564141,10.7422420921487,1.16848891551709,17,24.1595220846643,0.535609754609957,11.1932505844244,0.924874997518461
37.2596842229297,0.61575817659293,4.83185893235975,0.449158370141514,19,34.3835069849023,0.969464458657907,2.79136981407929,0.437763880243817
21.2490681517554,1.20336696160338,5.7960394944784,2.27611279834303,20,130.713546051682,0.84595976035362,9.36346222974676,0.770007896974779
40.6965371452037,1.21255302842914,8.38920929762641,1.20198386758024,18,38.1641418511319,2.83848650107711,12.3955707990037,1.84244992159798
103.505892776416,2.11298235567619,11.3175478487834,1.85008617309504,1,51.2494028418461,0.415082042401629,7.58838787438138,0.695496945058817
70.9844613369567,1.75457798904122,8.38363364520484,1.6005513876852,22,59.1702988848752,2.28861256964815,16.096202632955,1.86735493178088
100.398478463755,0.697132077486871,7.97704368180382,0.612833142646683,16,16.3995863311005,0.398421659854992,6.09654370245994,0.58520685839497
145.303719991787,2.05412072670555,12.5452634239653,2.99275028348003,16,38.4653096343386,0.843669300540694,1.30472395845917,0.343169008061736
37.8107289404522,2.26210913460746,7.68076819154963,2.91210060078098,16,60.2849691640369,2.60228801157441,14.8793828195955,1.00091303701947
62.8086618864558,0.553225616882372,1.49910758453618,0.301718502040621,20,79.9917066685915,2.47390052596519,8.07159559238133,1.96338374336834
114.300835578559,0.587549060488868,8.56736066967412,0.672780738431643,30,129.833228065953,2.7847070248697,10.6676440858119,1.18466996718807
7.78875434769601,0.329425956528846,9.80900634933045,0.871301309886873,22,191.890740756348,2.84245135016202,10.8595099766185,2.99926697532867
67.5636589263241,0.844103003888292,13.1585024893793,0.836587734764659,11,120.066774753729,2.99014443417304,14.070919076629,1.81353009681561
16.8317841536866,0.580326656719883,2.34696926323736,0.469756504836664,11,32.7870515410388,2.02133355460608,6.94627143321907,2.1374729486228
21.4494373333062,0.962982189643659,3.94941882423461,0.691326341671451,10,52.2249335791401,1.9365765790413,11.5872030510161,2.35566357332904
68.5787212542937,2.09376918673264,10.2466678899678,1.90608258953039,28,30.5902850097536,0.662961560362569,7.79080477103469,0.866053277909536
31.9483065909137,0.835923063549455,5.60848466299667,0.592823226014007,25,55.3069668037695,2.28713798314085,15.2989843855118,2.22413661103807
59.4446340422055,0.952075532993891,9.78231986291163,0.623593008300487,16,79.5091559960123,0.993487459603187,12.1043469740785,0.837151869118358
4.63674157476213,0.327354677795821,2.32129656379605,0.459578890099426,23,47.4360327765129,1.39605503068504,13.1543950800835,1.39887460635027
15.7964833161788,0.391272204514533,5.11233911415064,0.665972876975147,4,93.4673749979184,1.03039141605371,12.2911735740486,2.14915212747316
21.9379436937182,2.35640706446118,6.75169299268159,2.33149792413107,5,74.0791337352208,1.37025422656992,12.104943302804,1.43842098713845
25.0197241502257,0.505052365203916,11.0323166403691,0.797754181182495,6,7.82089505929447,0.405291999959837,4.76058663513107,0.54295873384063
116.313450711239,2.7040660445128,8.37898140165872,1.51412083290223,26,39.8894002979122,0.823584194346095,4.84049281245159,0.859489961674471
112.245799064116,0.865476938175626,6.25147350367935,0.782261838463947,14,34.1582962990984,1.99982674867873,6.61116164535706,2.67556191529651
60.9471798397378,1.66633979930915,12.3555289713807,1.92827851831927,10,169.787917969995,2.74290309599531,14.346302119039,2.74472211354075
29.3515054165928,1.16226021177498,9.65040887793556,1.59026580325569,13,171.573571275131,1.80228482970224,14.3618248836755,2.16351266543968
111.310678028536,1.14306228704459,11.709942783939,1.39869872025324,7,101.723851476163,0.842648679114382,10.1419725029922,0.615658582580144
21.3746833195632,0.44841905690407,13.6107830146174,0.855330344389528,16,16.9915618057837,0.679496164940757,3.6329213452896,0.509009199374892
154.964950549038,2.19069198614441,14.1917931307738,2.47750255863343,2,8.60913508061029,0.420954810781387,5.55529628577292,0.769193060202526
63.8305872143454,0.823424401769954,4.05907174102063,0.395914248250123,12,26.5937729683933,0.482285833198903,8.57971370566345,0.878769703420831
60.1586293338712,0.806325625154181,2.26802246858621,0.330428090671957,7,7.51558834544904,0.324901811615997,6.6302545603738,0.736567452073882
33.8769509275477,2.09892527933904,10.8736120241681,2.20818050575274,19,99.1097315746318,1.32934066449732,9.74630803884389,2.65548609395155
93.2735297096698,0.925157806977004,8.45614801337325,0.971459541960955,30,107.588769699758,0.799277208137697,2.5177185081035,0.421425181067596
27.5276965888099,2.44413062111658,8.90127277626997,2.03975634545566,18,67.6572388570136,2.23308507461326,10.3528992893665,1.48659135689597
49.3194066897427,1.42405402716467,15.7143660700738,2.30956397277976,8,60.2110228560958,0.815211991568429,4.72467976212683,0.478775630493002
105.398880614314,0.60128518157583,12.4252524274314,0.907715365098127,3,24.7078595389751,0.665138861969094,1.41592062387091,0.320157716455234
13.623842656047,0.343632659175468,4.84412476274666,0.411545299211945,8,69.9936154082832,0.919844684300302,0.653052843237839,0.306828399543017
11.5713803872168,0.35359279369131,1.96013784174345,0.317747616412365,19,68.6896891300704,0.792412944705074,11.5121356097092,0.71809278209511
72.3465785102051,0.684871370798845,10.4091011766602,0.848436375088178,30,28.9621219500108,0.734839654352497,9.42013032861681,0.810649891156838
29.4805683725322,0.565675489279575,3.26872169062427,0.396454788919823,1,40.2463754308924,0.454025450554828,8.22395550332777,0.594991498853241
75.7375675744722,0.754693348057511,9.34020354932897,0.616496542150311,17,195.114276320775,1.13029551694905,11.6534626285443,2.05216383595365
24.5341267199465,0.70476296428646,6.63764301960397,0.813474598311941,4,58.2637673031338,0.530556396036979,7.23417937940769,0.600649126878281
93.8402430007184,1.03854628576316,7.91385188753631,1.91068822651317,3,58.2416980884303,1.36868475819776,14.3704477329098,1.09995087921134
192.625035643857,0.918272340093287,1.63215568373291,0.315677316497615,23,72.2469941840677,1.87584739596449,8.68648739507035,1.29354768614805
30.6050975380578,0.508340151938437,11.8561572868455,0.986299206496606,4,23.8164020002593,0.620485357605514,8.8403021830006,0.821414824062775
67.5130026999806,2.64406343492032,9.58814594069513,1.38669859148404,6,57.037083387863,2.94441288574835,9.20483059993794,2.14939896696614
14.6621420223031,0.504779827066586,2.99336392224754,0.487342913585593,2,58.5814202519831,0.890325082975138,6.84393580884635,0.519890869591312
24.2149363331086,0.919397170940697,5.08829721255804,0.613859220634516,3,150.589564790844,0.852606507964622,2.96873285037787,0.412661450067764
100.999727514903,0.919111248120263,11.1153857741,0.859930355442665,21,70.777530706515,0.76501884739771,9.25982294712025,0.614395429479863
72.0545068796811,1.44042909684238,11.6276065935057,1.40222670334962,1,22.0072755270867,0.454952648678721,11.9827923492966,0.803002462999376
135.364949680953,0.648330304700242,3.28207221738818,0.38313052667239,14,32.495284798319,0.440837997336967,3.37164813710307,0.368837197956545
34.8726053994965,1.75207626399586,9.73048813862664,1.77991447622465,18,57.9987511071821,1.87808883691848,12.4598677685565,2.69070604656231
56.4411926820077,0.882559692415971,5.37310274615203,0.479134031615579,14,93.6342277629761,0.741295849959803,13.7075939581098,0.881739049174113
33.9354995630567,0.848209244933382,3.73292580411533,0.56264760969432,9,163.863114435787,0.944420983877963,12.4302679772736,0.818754548407123
71.9399417779645,0.452313697630204,8.76220766889234,0.641040872155475,4,52.2077387287381,0.775026382653665,5.28717741006371,0.771934686909292
51.1561953452485,1.00217211757679,10.5524461415931,2.49523951283676,22,55.2661229053239,2.36479752180854,5.88465401558752,2.91108866729369
10.6445502703102,0.45594259109061,7.65564441440654,0.871948930921036,1,22.7803340541113,0.710090599663453,1.18614989009041,0.328631726069894
40.7321891517021,0.867491010695488,9.03777602350516,0.967171879853368,19,25.6904831910267,0.375508953287529,0.735039417145736,0.304028186373377
216.407319450618,1.46300195137624,14.0873726373252,2.31674709817821,10,76.6939569097201,2.49084211892423,12.0104519137175,1.64768821159639
69.4378915355628,0.985700428688454,6.11270872538212,0.463246198871198,4,145.777872021839,1.93057712076512,11.475478286964,2.88599335005148
98.0668661495938,0.80507226302689,8.75722837139899,0.576610144577738,30,79.2104861359172,2.75241919240956,14.5478425432599,2.13177337689755
174.160713676378,1.92073799764569,14.2806029619244,1.02114873884644,15,86.2310138389878,1.30225619320367,13.5685308044059,1.60412699639042
91.3184383494,2.22507558622907,14.5338206218387,2.77879289795313,6,157.455532329677,1.69547516101378,13.1308455129172,1.2966561382422
105.208679957294,0.744523870391164,11.9445003792162,0.741436774326747,10,152.940932856629,0.667369827262244,7.00578116002697,0.560662582986655
66.8142852900871,2.60633087433605,10.0382147314212,1.80152197207969,12,55.8795204812617,2.77521567421796,10.2484602488435,1.31338540303227
107.14851221755,1.30594219371842,6.56999174079375,1.27779787404059,4,159.547374241562,2.09884712740384,15.4954959342469,1.74923629700282
20.6850736976363,0.381880895006257,5.67830019839688,0.673081783913194,28,85.0991982481684,2.77205736771492,12.1293491743476,2.28899582484943
14.1238525342342,0.390741875471651,6.19274630229718,0.776069706767521,25,58.4188878667286,1.23923671680074,15.4090712673441,2.60141233917912
155.787510226451,2.58727102942409,11.3589710181928,1.09006488603041,12,15.1727343566989,0.854540769125196,2.82230359267064,0.509591048964478
9.11607942427892,0.334144363714877,3.21635297859726,0.469917862479426,5,50.619581590247,1.4221085235625,14.0230987119229,2.61551567146678
45.4727723813861,1.97960751061998,7.65934129856992,1.48466804530055,15,53.097189253532,2.4514888426657,5.66338570361081,1.42382920489499
39.5082567075996,2.92311418305325,6.88688955755796,1.98762250290449,15,94.0558615160175,0.798300791220619,9.01985364808974,0.854068909968209
21.6252203633277,0.600710802244342,3.20215898361864,0.427058505677804,15,44.3849433340333,1.16229611771567,14.7438246993845,2.44257480466399
29.7862202318798,0.389917858373058,11.7930359249054,0.848125931418893,15,25.5191990489348,0.711745387640407,6.52817139627338,0.577798351813035
41.8845635743112,0.744231978206612,11.9378239107078,0.723241691373024,4,42.2170641570958,0.903217761806918,4.1260482003614,0.656515109232851
98.9568171245249,1.29542252978926,11.6883597584972,1.68398649996783,4,154.059522043323,1.83160954224067,10.3948194715315,2.25931460687938
251.207222684695,1.8489967952742,16.1449771996384,1.5851244947212,6,40.1754640103859,0.600850291328805,0.863047540384539,0.323573189609878
130.527067183155,2.24946360885247,11.8530418155929,2.1294198737746,25,38.6945957573119,0.722291081146777,4.31201835981837,0.752300540026402
20.4440181179264,2.74286605517141,5.95834530814102,2.93318733686508,4,88.1393272823388,1.43860074482721,14.9191819097942,2.93247845665203
32.0331191023119,0.683845646369622,4.49600708278348,0.512753956939564,6,177.552480659688,2.16490840071689,12.3613076727971,1.16091965404274
14.8491791593959,0.379916072828427,8.69159684964274,0.703723856367302,29,178.120445161974,2.0632813839242,16.3908130867237,1.43215729829402
73.1044279745469,1.07167384065904,11.2063275399512,1.65261530627828,19,23.3559178873536,1.31694125228478,6.67910794618228,1.33269775089148
43.7975529084988,0.5091252842817,5.99823345559909,0.569646871094919,6,17.3488993679631,0.423918672646834,8.26757081431346,0.726405479609046
27.0064042527337,1.73149923325549,8.00383035175693,2.98246391628637,6,21.5327117749384,0.470401626766266,6.81918274767032,0.72291699571145
194.063165702133,2.95934802781171,16.4662409289236,2.50213379479006,22,261.086234558133,1.84770968506756,15.8979387036036,2.62951144809229
48.2418652675595,0.872531347586369,1.10421133501591,0.309793288116498,24,49.2701428702876,2.03695959052613,14.3681724590065,2.1061372078959
11.7724969711615,0.331359919081092,9.53645128240584,0.926378315007488,19,4.1413764593508,0.300466321418895,2.95790640321709,0.381281929942451
42.6991162190109,0.652419908342821,5.80296833535633,0.820074563480311,3,22.7194854631244,0.468474970261902,12.1111776778243,0.830335607043531
71.8612842167495,0.566025890836751,9.81285902607637,0.611068681980563,7,45.7642311434092,2.6338099871469,11.2126735887994,1.10141514276665
38.7232242795285,2.62246108242647,9.04325093479088,2.67374273063887,2,29.699236905951,0.393880397155077,3.93316531514949,0.38204333721996
38.7292636835237,0.734373443828657,10.945572318215,0.655052750928884,10,105.950190373911,1.92087761889494,16.6723762278217,1.60907679175815
40.7549009381797,1.71704490096416,11.8456436153126,2.93748321132779,17,36.2947166706826,1.34079537381033,6.36135405581826,1.46852197835087
120.382356277846,1.69387336046573,14.1014755458682,1.7134075447293,21,93.5125158391053,0.580819123558223,5.03882472362782,0.472468789087855
46.3859122788605,1.25509931852705,7.55809438924767,1.04173125408236,2,83.210845089192,0.525554071121722,7.92875184867263,0.534097628229137
23.1160890625471,0.446117082608422,5.24645063836793,0.471310234715951,21,40.895022688569,0.696152805588275,8.62984286009986,0.736478331603626
40.4224197545893,0.717851044800457,8.33094953396668,0.884585760368328,28,95.288674347977,0.853936878004471,5.59729495137472,0.468634608578241
70.5064164857947,2.09095706043581,10.066463235059,1.54259113488077,27,49.0305852478117,1.75990014872075,14.0452151131934,2.70407719748442
51.4850009688484,2.30762655601146,10.7741956378419,2.82537514708195,24,15.6607917269045,0.410592336775692,6.03969853293828,0.486946929514681
4.99735314073251,0.300343124513062,0.931536800276578,0.332194605538064,9,39.9676658644701,0.612828632683494,9.23227659413295,0.730569005180781
25.7119012403392,0.519320089915469,11.2721014062774,0.755850858147793,20,5.36514917833671,0.317944850891387,1.71792379677404,0.38408507797148
97.6603892265098,0.523654826615565,14.0382611431671,0.881428739965183,6,9.81031768309439,0.328507013743408,7.06352554998364,0.839521471377317
74.382186159846,1.31238164339792,16.3750896200121,2.23771666342881,16,41.8723380803423,1.93362833722247,11.4335197052572,2.03956387851342
10.1882113821208,0.314762727431837,8.28391086877091,0.61374492078304,16,97.0809451355586,1.55632027307514,8.86870066194646,2.52110413149645
59.0535405289094,0.490217085055807,11.0040261111126,0.915389994411004,14,44.8988344972254,2.93192024086944,11.3626751950568,2.58181752596613
79.9177669231721,1.12875576196445,9.95155134665838,1.9779874582655,26,28.5838828172105,0.578678098204342,5.81608368681261,0.958815819829907
113.784178833152,1.66558556840509,16.3399954410314,2.93864060258193,5,145.599571849463,0.660815489868587,7.88752773399065,0.59500296666262
26.0007886171037,0.599383280465862,6.89765259585273,0.544636704104336,27,83.4721457013457,1.93332678648863,9.85331555490335,2.04893940867347
96.8001404259465,1.99932327056169,12.2312199177118,1.16776579134979,7,32.5762708862508,0.637183143098212,8.27946842306734,0.637581526152182
96.6911783977654,2.7148607943099,15.6358337972006,1.6150297963645,12,107.766589601318,2.40760876646518,9.89559361683248,2.13915301459429
106.429353050444,1.78210662094147,12.0580203685331,2.58949200447674,16,37.9917471404069,1.9626839967131,11.3441626128664,1.3877162848248
32.8499417987717,0.804937694148091,4.05163019888027,0.491626608940808,22,60.8628021378466,0.738381292405784,12.4984169821926,0.964734089653589
19.1002853187035,0.631465071423219,7.08696749944148,0.784184774706123,21,9.54057315364876,0.399801734495681,3.6189152503448,0.446778337092323
55.9333716607385,1.42663529370817,13.2103735471792,1.36625600484644,5,27.2577556211745,0.628204999094796,7.90471386220305,0.82545838829246
41.5597056149482,0.629997714154325,4.90757443994763,0.54183249937215,3,102.07947699794,1.12514618207922,15.8805581700738,2.16814013927071
96.9666061960841,2.75405660436717,10.5749067042695,2.82299273528346,19,23.8510585306358,0.535729141214673,4.52463826306661,0.418944162709502
62.92345815582,0.682893106358192,3.12772374505212,0.437923819372511,30,76.6205270615692,1.44211399061043,6.35876424952534,2.57219316421191
41.1449744652113,2.04125071479609,5.79206413247278,2.8320732982086,7,121.476909790613,2.2466305423305,15.1485230353686,2.91771102350798
36.3226011197421,1.53265784697845,12.0483241813572,2.87997954582274,27,83.8095505432942,0.94608494045479,6.77957470831923,0.638172615100914
69.0067586710309,1.46683053383716,14.1617784142208,2.71183950973217,13,10.7435541329662,0.397302554669872,0.919219490297605,0.334749988096088
51.6919038830719,1.64024401719632,11.2308495991237,1.66704689832017,29,128.769445083839,0.671629613147118,6.0088350094711,0.450786959301785
85.6181841655796,1.72419844603763,8.46507321740265,1.87442028898464,25,83.5120088514894,2.17830324584101,9.56035937410191,2.8311183093121
41.5156763646095,2.94082866527015,12.9401126073475,1.76537048320524,9,52.5084947332592,2.11997890783165,14.6611163678674,1.44318440774616
41.8724010957067,1.99745689491696,12.0581163950956,1.10011805401454,13,132.665270376863,1.50119158392642,12.5176558901769,1.70658232281955
96.515448311333,2.19304577585237,15.9469050307487,2.50599026459448,3,63.8076136961163,1.09653850642857,16.6771841470552,1.70599309282199
25.7558580872472,0.61274737903778,7.90426813556811,0.958710530687081,10,19.6849655339465,0.492188535871275,5.10221896343553,0.438406572760872
111.923861254122,1.32399314010056,8.96828974588508,2.32406332722753,28,20.3537674605519,0.592203870018531,8.55073686154783,0.944086846594422
21.1569203645927,0.734452384715859,1.38256027366598,0.348706869590575,25,211.971480050926,2.83128438111194,14.8434510188419,1.39870711335871
44.0109739279892,0.970589217215269,10.2366729839601,0.629909209171522,5,18.8834392061259,0.505991843488332,7.14857242677411,0.871992650793744
53.2986830174515,2.81980013870153,10.1293675831991,1.75667057983771,29,20.8390529381474,0.981128461979431,2.37466789942487,0.436608990863708
23.5711066819152,0.72011132400893,1.36929134105031,0.350238613497992,15,28.8958347926981,0.945441765497325,6.10363442016051,0.724316643725649
43.8981061697401,0.499129657038619,4.16939631431298,0.577085954152625,11,200.992174096417,2.77832531397527,14.7924881101826,1.4488441200237
46.6674037904422,2.25023225286876,15.0325789189097,1.93668778171576,2,139.046509296411,2.09106073816347,14.5105076632962,2.62438406898684
17.8292299693308,0.879342498273314,1.75887751496169,0.396139067296777,5,105.643914566931,0.819326878745951,11.004695367562,0.83156876181141
204.272922234767,1.96505836709085,13.9664107847598,2.15470478897736,8,26.9818928158215,2.67738309955472,7.82118653660485,2.86075458429109
41.0225381656789,2.11965251779377,8.43151326761157,1.22960027174745,20,38.7110406797196,0.753765799376609,7.75491222441867,0.835448110734455
269.727764533729,2.7575848540057,16.821380456349,1.88689966355896,15,61.3813709099009,2.15915281542262,14.1233538406865,1.42009659873383
149.501988983587,1.10012391687105,14.0069384805165,1.51093714303581,2,88.6864672842904,0.802472690188096,4.02436793149723,0.618113182745679
73.8249040557778,1.96380882168646,13.7491731476855,2.75681052968868,6,46.7632917216598,0.650895905292996,7.20060872145301,0.812541471732841
37.041696173914,0.782325028728001,7.19032549911182,0.515773308308464,19,8.51065119853079,0.419737340626974,7.31304525622991,0.86429717851936
6.68253064027063,0.462864135524934,4.78391812471026,0.903632210418645,5,192.172354104419,2.80159481350667,10.9371371258349,1.02949954544076
65.8039321139756,0.911615909815647,6.80751686663946,0.883042548249303,25,25.1316234065774,2.83217170669089,6.81631562152928,1.88091299632424
44.4939087399805,2.66979615124548,12.0580817101117,1.18008517208874,22,45.9005161811529,0.741589920615254,10.821893179529,0.688889606827462
26.0084308531267,1.45213088459838,5.83918134211881,1.11263822830299,1,84.6293797297443,0.557232307973246,4.58601190499345,0.535622117882474
34.8403144489427,0.51032571343762,4.6532610444364,0.716186422612269,20,144.262811288275,0.690572938221971,8.37820580517142,0.617309742388549
69.8910588398886,2.97668620542657,10.6696673724354,2.8145599739392,7,198.313782913785,1.52860785344064,10.9443207777449,1.97453246843303
59.8205906829417,1.02117437961673,5.67423526479259,2.88792742040803,16,16.077153975625,0.316302299004224,5.18675055315328,0.45923198289405
14.3115711000337,0.455841321849156,5.54797153016443,0.702040540924321,6,117.136817880907,1.34734199548649,8.11802389987927,1.84545738610263
28.8731616389794,0.884558086396507,7.09970012017922,0.774735446673582,26,12.8257805128829,0.361363934333956,10.1194054381122,0.926982413593309
9.75181478538594,0.334244814459478,12.0609555231332,0.768008792662199,2,93.4633685948008,2.74203905794744,14.7981261167336,1.38129832342824
32.9437632636092,0.825645436549666,6.61210563464094,0.695351079327793,23,112.420002032004,2.79374063824059,15.8044937802034,1.24852612481762
34.8325553059997,0.958083824926695,8.05362458503246,0.658051485483413,30,47.201111034061,2.32849773817328,6.93402706176539,1.44894340657909
64.2243399519448,0.886472386866526,9.34916535262301,0.951856692729665,8,59.3809993606818,1.40658658086818,12.854273843797,2.40811773125853
143.091750735592,2.82532320080615,16.2556388856215,1.37941110413308,13,95.9504154637922,2.19657277039788,16.6529451564631,2.22935821881263
138.965571189622,1.43835468621905,13.0074576260896,1.7634154947664,14,141.189231938918,1.38873035477921,14.038111683411,2.145034003487
6.65693880955523,0.3473019560686,5.25133247619591,0.545166586008051,16,75.2254197834076,2.64284696624937,15.0845838706026,1.11604008443478
27.90135035261,0.614941663091856,8.58353401147744,0.883953699353436,1,44.1431064758172,1.26160987552607,13.1103140266838,2.15656850825315
15.750251196854,0.448519364470839,5.26248373877517,0.881956966902665,19,13.9999217492008,0.52558461751145,1.44073870531781,0.355454614543037
63.4974830324415,2.11226104326049,13.7372864361294,1.12434892139923,19,124.365627727955,1.59493695509086,10.5049288814231,1.4232635661719
22.5588618349073,0.50365369278998,9.82910068442975,0.724694288988384,17,51.1409570222068,0.9126478970976,9.0071897599331,0.570357910246506
81.3614008767984,0.601348314117478,8.15236146255707,0.73663102431476,21,98.4602450980826,0.750364677109061,5.88345571453227,0.486085989392022
75.9616383146337,1.18076544604976,16.0780706877142,2.28039621861423,20,28.6934215768764,0.855273524661023,1.32387354518829,0.381883718652092
5.48050079434524,0.378924864798294,1.72346729165368,0.382859865199472,26,29.3936194710418,0.831371023065712,0.820777216914948,0.304050933567555
63.8860848010457,0.722709996486719,9.28822082029746,0.631568201730318,23,34.2808447094488,0.890867597623472,0.867428159733046,0.327920723316342
44.3754995715894,1.33974332782662,13.8063570215591,1.6201007303593,21,77.1351465314163,1.20456551505016,10.8503986367751,2.66189882979821
101.013374159633,1.08953348391054,10.2989181532668,1.37055958212988,14,67.9214994961811,1.3366279388116,16.1179028863126,2.01498808887254
11.1546421291366,0.522313410139912,5.50878961278244,0.716601400726483,7,16.4243139103088,0.407488786059944,9.87661108922559,0.739377374104893
23.0336412699862,0.425900945284732,11.514081343924,0.841321405258052,23,42.1060767082948,0.999679009550749,4.55908089720029,0.465501381161455
54.5566548504893,0.594840255621095,11.2332162117225,0.754040866718588,14,41.0355449606763,0.460576444511976,13.1962251537003,0.987338004256458
139.016497692968,2.25439146212175,13.1772330817619,1.96759745747522,30,57.9373249615651,0.493250458029108,8.56152857439556,0.784186360586254
104.559760386555,1.75837525735976,15.5639854400666,2.0301510025918,18,55.3997242861163,1.30468040388677,12.2203645027061,2.56679659000531
31.7920410278784,0.685303786790097,2.02676551657419,0.328017231690052,10,40.9828575229982,2.98168587301211,13.4768367250672,2.87444842836309
59.0663800282322,2.6713504858395,9.20950400735182,1.60595353204021,25,53.7131781930686,0.980794402951666,9.5539785839601,0.951046767199302
78.9095351745715,0.778908865194102,11.7140895614639,0.77885754069151,13,151.493419006875,1.44286252170021,12.7023448315021,2.06424304618883
37.6259754815409,0.867865475978596,8.59125653659109,0.812493427741603,4,47.8329297564735,0.900841389951811,10.2511412778946,0.749247014043323
3.32770968158693,0.322255180601899,1.36766637019435,0.354692633886794,11,131.282235744457,1.36470277099415,9.5983613922211,2.09575120571211
22.8001134884215,0.45029510938116,7.27989760589064,0.647528934667598,25,140.183248172272,2.7642446550612,8.73755225202779,1.04591331467714
17.8649125757684,0.66476212978089,4.58289436742663,0.549867031236615,19,151.183727992768,2.02869115387326,11.496683875733,2.24222818959727
22.1023280804008,0.851026086135453,3.04474081964395,0.451477170975607,6,15.2658245530506,0.427599293694701,12.0991443774604,0.837498929603704
93.4084784702208,2.88170510061619,7.87332498580738,1.33142972277279,13,48.7974719751474,0.619912425343656,0.932533563136532,0.306330445512488
23.7536424074807,0.437730328500841,4.58058950685004,0.470070376474044,23,89.6862915413064,2.87000375136705,13.211523073388,1.63523471510374
41.3082217852726,0.435713178859905,7.48033849010165,0.97833589164874,20,117.682466495548,2.49492084814264,6.7682073449874,1.6417224211541
92.3893833611492,1.68473885952416,12.170683576489,1.97235461253459,17,110.505820780944,0.818151490965457,3.70511519793195,0.42215038723929
85.1495812591882,2.42931538159529,11.6871090224586,2.95794860838492,2,10.104629481683,0.542777693871106,2.20128956160457,0.442264888902897
82.8492080568084,1.26814931115406,9.65082701088882,2.41250035343328,28,28.2141504419378,1.09024249210633,8.2415213234695,2.98772744626501
40.7769121385567,0.387563454811716,12.5022170007711,0.916578995364225,7,89.99340120033,2.69491940469244,14.7711302830488,2.39440398344779
187.387648307535,1.30407874380271,12.0383409175205,2.69999497793169,11,185.893045943009,2.52302472743934,12.2658577789645,1.93578782344501
66.8144043502204,0.494332122914467,10.059424418417,0.64516687583857,14,38.8982896730409,0.408890584757767,3.50221701326166,0.39121398420504
66.158736608125,0.63308943887432,5.30352300559157,0.622142514650124,19,57.7558415471247,2.6520057554876,9.41484317130747,1.77482842212176
164.516801549612,0.761390804800136,8.30453503049826,0.53513027804538,5,150.714849922965,0.946796677905289,12.5186984177714,0.833554045508182
139.196699839162,0.915051733203405,6.31256943582313,0.625844104250119,9,24.0908689635176,0.349562640043201,10.6990792479626,0.726386037605096
177.002941006402,0.903547048662076,12.4670761977528,0.761224677571196,20,154.223457274146,1.2257137863669,16.0928920290516,2.30713791700474
103.869705834348,0.76606981959576,2.47778835343807,0.437240312352878,30,61.9155256205562,1.98979090434098,10.7062432225127,1.94211406424662
49.3681846431918,1.72800745890888,7.81723175854316,1.96871380093425,21,58.7158330341021,2.82684923055931,13.8027211283789,2.50608336082558
63.7656738252286,0.514293225059727,9.65002269885059,0.80029740701019,1,29.047413159954,0.650336904094975,6.47411967131553,0.621438188506026
19.1997639335167,1.24877841008747,6.70851094069495,2.06338934416176,12,28.9882869901175,0.779956668518516,4.63686154983946,0.749404434553272
37.5488615549196,2.43466774367121,9.07139620292317,2.01838078159587,24,133.39890112023,1.26065784997299,14.9174454611853,1.24985177995624
61.4485613371435,2.99673440802505,14.942341024962,2.98571111722133,11,86.0817411548186,1.39093163039884,11.8804575721521,2.96344976957261
68.8748610207266,2.10419978109943,13.285570657502,1.06762582658852,23,87.5800097190009,0.83269397741301,12.9445357245195,0.835976928780338
12.2567253518927,0.427047191919619,8.4179021153246,0.672696639427773,20,39.0863407331883,2.51029241850852,7.13398200269959,1.11570073868887
57.353334255917,2.68565745248288,14.5248688875048,2.8287192335062,1,168.813544675911,2.49238510621404,16.7217142655501,2.56138634741707
60.3879113342078,1.41707373033233,16.2919291432497,2.91781271905784,6,88.1645713637241,1.29363369857348,15.4927100822013,1.9275560262299
45.9750268706904,1.6954491214981,6.44968205156225,2.58424212820133,30,69.055080617274,2.28292965547272,12.2009505588878,2.38753379690362
212.326058064887,0.913433384669694,2.19830608187857,0.332546013782445,12,66.4111164497849,1.06899265912752,10.2103893654342,2.77027073712655
54.3244558723692,2.50459910296834,16.7823455245482,1.74421780867125,3,69.0859747798335,0.865182732077385,2.53827812786944,0.351722347461023
37.6990979712474,0.527625804449844,4.54211268015014,0.502655973137966,15,46.7359710615301,2.86490715535076,11.8070852268557,1.84131060348222
75.639099814941,2.22747259054285,11.5032923771058,2.39155863181391,22,69.5857540094044,0.558994358889821,10.8754314975739,0.880608058171204
30.2842222159183,0.999841869137943,3.90146944165295,0.613661683715517,13,51.4533145499252,1.05524277057453,9.58659680682249,1.01198080574938
37.7654545208539,0.778362375208107,4.44221451674233,0.463366681382058,13,26.8091564799685,0.569185743493672,5.08095332624481,0.511141968677607
18.8324197957409,0.661248716927999,7.02113457013311,0.837321507770428,28,27.2456941229779,2.17248168601064,6.13573319690212,2.56094505902105
34.9960686071855,0.863916408405157,1.80154639227349,0.376796583709995,4,49.370972561609,0.912295626513345,7.81925119080979,0.712358731759592
35.9825256719897,2.58226699273365,11.2125261767221,2.9712362384102,29,53.941111287342,0.468040401771708,6.42720892675492,0.982414638047737
9.59779426401704,0.331578380902391,7.15260298879874,0.556478714349113,11,76.6646166433556,1.96516432359414,14.8090872669756,2.79058440066806
116.78952768848,1.88131370137421,9.32914301688071,1.69982332359776,1,48.8190724706248,2.68757089720402,9.78688421457395,2.54670654853013
143.131881683176,0.809096749244727,13.3589828554565,0.928679731059691,29,59.5194133590553,2.59993967265764,9.61272049508155,2.77018104874582
94.2526020964413,1.90781432227053,13.44697846275,1.36289270350516,15,15.5274396928595,0.655007503313853,4.4556706841649,0.807843513198354
50.355832755042,1.58901881247241,14.5854201467419,1.19948576811512,18,22.8729936464787,0.486983763948552,4.02402364752938,0.518388147398285
49.4063322394687,0.772754325497967,7.13018606650577,0.620760583451597,11,17.2379773882059,0.380884717334142,7.70832779313856,0.771708971516415
121.130151370839,0.632016158691418,4.06324191698411,0.401903651847371,17,76.6974915436289,0.557683749229015,11.1199397176101,0.799503598307705
141.68962899158,0.86299051171227,8.10013262227868,0.770302121979698,13,12.8824452344474,0.37198012518726,8.49507132839285,0.769949901199933
129.11926341612,2.25100286307254,10.7847928281116,1.04553492114025,7,24.5890397949424,0.722700346283855,8.53874103063789,0.852606426559134
174.527369665063,1.1054756269478,11.0312754932624,1.19554552691573,8,27.6182366487461,0.911218452996283,8.65396746009016,0.927731837559475
80.2140316523396,2.5054406525647,13.1090754856666,1.91249597759801,24,76.2635526506953,2.00395707205542,13.0067212275408,1.61254562453354
41.1810667441315,1.13271600086829,10.259575462346,1.18597039060605,23,51.0041146170254,0.95511578808325,11.705655164273,0.897982577799429
26.8162729645008,1.40209567291745,8.28934649568674,2.12242686115001,22,32.2426609076935,2.81189508772531,8.83622780940178,1.63858937253877
102.794662382433,1.62090690668144,15.6830034263078,2.67522831050307,12,7.04653986352359,0.385913340065183,7.52373433733542,0.986542884420375
40.1290381071957,0.796069569379097,11.8104666974779,0.785469753575786,20,69.3565983126317,0.699742096303627,5.18022979923731,0.549504445653946
60.5755934892416,0.906080813989193,1.00097464424678,0.304292294393643,1,86.9093512265996,2.74508032836441,6.46220141719438,2.39871530791233
31.9913419302187,0.548618652531145,7.50979285638049,0.821866227081614,23,40.5713008944852,0.843807102635959,7.97086886342865,0.73932385828375
22.3954322678191,0.532184039016008,3.79223544053837,0.622211305749784,4,45.9674765921046,1.54161261091185,13.1909091007513,2.60457714322188
44.391937124634,1.98904222974767,13.0059494956339,2.32171655062914,12,46.8376771176474,2.00415999154303,11.7135412221513,2.45400217462033
52.7885472173097,2.70578762138814,14.9512588982846,2.97755092695162,13,198.153815665343,0.978302895005233,1.79973443409302,0.311739654729254
38.1142884324087,2.27251240936551,5.75469420231298,2.22214322017235,7,35.9221328319829,2.22742746757148,10.7608812894032,2.65372664509841
121.490307342803,2.51549670422431,14.0113434699389,1.94558370748615,26,104.016588867468,1.76818004165305,16.7931949857255,2.5817143658717
31.837543421499,1.42141972881984,9.3164854219866,1.82365745697084,20,138.298658828241,0.597618166687035,13.0502356735501,0.786259747320698
63.9490458175874,1.36770649181369,6.72338026851156,2.99182125946655,24,184.232370597452,2.03658610594811,10.0902807323836,1.81812812006119
191.222527027116,1.3470658295441,10.2816966565309,1.06500615922278,24,147.762656293997,2.0788568246313,9.81988281378703,1.04963776246739
53.4491657581102,2.01677449256237,12.7962847593979,1.42853931188031,7,42.1922983148311,0.490650940060187,5.91392812433708,0.549957771596623
56.2387116860105,0.891038952970424,5.57798555899651,0.490929235052478,24,114.501768435942,0.772154083851597,7.81059655601045,0.847749131581426
47.9248234388625,0.816007509809881,7.44217580122119,0.499974804811891,19,63.9549094345845,2.03694622708723,9.93431802559786,2.58481462373028
80.3408651664348,0.795402346447911,2.31736183286198,0.340936307115598,2,38.0124370182068,0.822368228578187,7.65480987076859,0.866119012709405
30.4559893779072,2.65778315519189,7.36614039028885,2.88519008271423,5,70.4908610471042,0.647463624932011,13.8858084039927,0.882931806531693
27.4073938998366,1.21469920757736,6.45693843913403,1.70683657385133,8,30.6808065205297,0.823269250512614,7.36200829387114,0.666257147971416
68.1641162725429,1.14968269248977,14.6296062922965,2.44212707509787,24,39.6492154879569,0.536690866170803,3.69567793555256,0.605374623512131
68.5194365854119,1.41338038510401,13.5457185246579,1.39626921499013,3,189.306051707416,1.61849443764235,14.5668445062912,2.16020998083242
24.4951261753299,0.849944179077842,6.67007891983267,0.721602123888292,23,17.6217651228232,0.410682301404984,9.73982498192149,0.85130286130767
193.12122322701,1.6221209571591,15.1847530615121,2.42511618712233,15,119.583561823949,1.41244568928199,14.4465691653288,2.94679093295897
14.5276637997064,0.328395451157595,11.3228757209466,0.770769009184916,21,141.669856530394,2.64115134954747,10.643663362328,1.58801971241218
83.8797422856732,1.42172916399057,11.8596853747876,2.86848701904031,26,43.9078311539127,1.04912496321932,13.4026430736372,1.88251853491764
62.6209701860086,1.88333740457946,15.0673808087436,2.04651589459466,9,102.78668006757,0.937006836973351,7.78939266226267,0.943700256882798
9.2433816019736,0.440691648966756,5.44938145891872,0.822136957808022,17,41.9631037535482,2.81063837820359,11.9086672238986,2.79170525311775
50.0085976554359,1.27581882635319,7.79988935079052,2.23908885586712,16,18.945482850765,1.10718458219753,6.64073804296514,1.49308481169195
62.9593703689041,1.78617102486207,15.122242918654,1.5752386858285,18,182.984646501152,1.56917865298643,13.5884857912108,1.91431602871717
7.12973204363701,0.386712232588515,4.69106091414659,0.533696063354781,24,48.9122500702307,1.99495787317396,10.713523143635,1.02872736232066
44.2614984956484,0.973182559093669,3.54637332960194,0.53234217797664,28,40.8679572696443,0.729813293856356,3.6106180978488,0.413299786790036
27.2251701173273,2.4881761018896,7.74718033822839,2.1457728184019,18,25.442097237786,0.910810053723072,4.74941008333583,0.529073009067279
7.1327945244017,0.331978713170967,4.3236995788976,0.413277614045812,6,57.2793180957609,0.563544779713994,5.62271979696003,0.566117424952011
35.9328978220373,0.653630125191714,13.5485885387781,0.993786201495462,13,44.076981858129,1.28358579979766,7.80295174577796,2.34299642688736
43.177128388252,1.65939636032585,12.519104919572,2.82617126864127,4,130.900487617205,0.637831672589382,9.37846924847904,0.733722924943989
56.8434550659662,0.85932274327596,7.47599100708235,0.882354623913195,1,51.4838318462091,0.741713077858389,12.3514510640164,0.97910798188362
55.0881989870924,1.97273551736744,12.5614782364839,1.30499589295849,2,24.6402996357073,1.34827199173679,7.65689099312338,2.1085850891172
173.953442980954,1.01770424312879,9.43285405484859,1.00474316784896,21,26.2178911295806,0.371365067062007,3.19258471885436,0.37132836074546
63.191651454741,0.729654262744517,8.85665776326569,0.697190030413048,24,33.6311694723679,1.11377495212344,5.85768711473827,1.0907482180921
77.8299987110262,2.59259712893622,10.8171430617821,2.46399308296011,4,86.3046342730944,0.660109751805521,11.5423777752079,0.811773369125861
122.836580018542,2.41401210398657,9.96954061664774,1.1890066373164,18,15.6291643778324,0.379531247055825,13.8364082400097,0.939172730862864
47.1844836317952,2.93876948907812,10.4432552577237,1.50826248409261,12,92.972433993676,1.69406284779583,12.8696292433814,2.64409162877311
45.613812718519,2.18825542267676,14.4090135933382,2.85068812181765,4,97.2467560425205,2.67510419897182,5.78643436389317,2.14075479644675
123.149115095016,0.795586782841223,3.62169109718753,0.379961379913214,19,37.0383729148126,0.837742120952968,3.23737131009763,0.55248460770836
56.7676727161811,0.663322872583727,5.15495013041317,0.817882071179202,1,27.3835267588741,0.342693424911586,8.5786316750659,0.554441036698165
28.4940669779508,0.395449439309091,1.52837387152893,0.352607501368452,7,26.9958132542453,0.670744749513591,5.35299844603214,0.867531889932223
24.8728107543015,0.716722516962585,1.14709913611267,0.309586362455249,10,34.0858473848907,2.25023308845236,6.94946935850116,2.06905363710952
66.685458862247,2.41214844074863,12.7649880121088,2.03447373031319,8,43.2067184448898,0.995360066005691,10.3400972692845,0.686724533987329
37.9706355647573,0.345904797340097,11.0642768535679,0.988306243916115,13,50.2364142255969,2.33885889638543,16.3677147083291,2.35679095076526
44.7869814214406,2.24334183273735,8.83040151728517,1.08484269324715,12,51.484955856694,0.534683350045885,7.07636266119878,0.52786350792831
34.9299215090508,1.87829637890289,11.647135126515,2.17099595879885,2,64.4296372657077,0.593330830410855,14.1105149636072,0.925592765015648
50.5692301322471,2.31543275086608,16.2809948763812,2.71978659290144,28,56.3544189205489,2.79998529940424,13.6637281107479,2.32617994915032
34.7561738150299,2.0854684031828,9.86958990734435,1.49643477449202,5,73.6005355485371,0.925774940367559,1.3001222388254,0.330020980011464
63.9066637477552,0.548042339786141,11.9082651741417,0.990457753399337,16,117.866180313443,2.22102256008471,16.5920218136459,1.58687866467545
64.4081469541171,0.403902243642223,10.7756173101749,0.649752844514953,30,101.412134974538,2.43114385212734,12.7134600720188,1.70449705553698
27.0020600716462,0.806447734926013,2.49052547671086,0.377132084970253,13,51.3592522361526,0.734834598078221,13.3995428796566,0.883078568061482
43.2748898397632,0.513363264508417,1.26142417408567,0.307552686741897,16,120.401840437103,1.32914440189938,7.70477778699017,1.69949839481779
62.9397502383038,1.10779549036188,15.9002184187074,2.68067229111507,26,203.479348153968,2.5870730641346,16.3076116006058,1.86339151293907
8.44494670519785,0.348647312794742,3.17306088643465,0.503800346592336,8,55.299449134433,0.868052735549882,10.9641484112301,0.838458169530133
38.6537638249659,0.649440042775099,3.5307540837159,0.395748704328054,12,50.3929877946878,1.99098803366591,8.16833607148913,1.86123272751988
59.8453521202898,1.50627958448786,7.55331061611561,1.00647494711133,10,46.8640601663413,1.38070214936232,11.3197331922598,2.1370057040544
50.0092817633606,0.566839477747467,7.20162493586262,0.70110435236032,13,12.8220187694255,0.428164803182154,5.19541874447678,0.551413053757341
73.4501887477767,0.648035647707388,6.03779303160739,0.608773332958387,21,95.4966562671676,0.894307400332261,8.07347920223507,0.87227541487837
133.63947309073,1.69163539381118,13.1644975544718,2.38822673518519,26,57.5456055605053,2.1430094917617,7.7520110179641,1.870180050989
17.5851070749628,0.424825155558799,1.92637070691914,0.319790440147399,11,63.6573358758956,0.878347037185353,11.6351246973145,0.766381258777974
24.715179640035,0.815798417316373,2.78610892801256,0.406720653516765,20,16.0031951154474,0.339106796810102,11.8564428820733,0.851566563695854
53.154123502758,1.65123646016831,7.12502585788432,1.61721543275132,15,69.1039976459181,2.94653380830985,7.66198388978817,1.10849072834242
97.2450235112822,2.72826739724573,6.62958298433485,1.12285663071138,22,154.602579826341,1.38607298153116,11.7489120098972,2.47224093753398
32.1073262110135,0.565626829655639,5.70025538147354,0.586630879793606,10,164.700768904585,2.19315923987463,14.2634252656378,1.6410642172614
55.612206368355,1.0947741155745,10.0137959992244,2.96745179845505,11,27.4372738375877,0.793216424891182,3.92869741235426,0.691235795370184
34.5928295556543,0.538279558755417,14.4263458099613,0.956614246739156,10,58.3469494558901,1.45126275298345,9.07238682973595,1.74205811025584
23.5617028464632,1.59026061997119,6.96153425515126,1.1105752717808,14,49.3902582929584,1.90592395280162,14.0728746655238,2.81798457207786
21.8862847307241,0.547121810762103,2.8077815571099,0.475076262426631,13,120.614477066041,2.50965675517202,12.142820777587,2.03550529564676
59.6521602788837,1.02727360112697,16.771157887985,2.08129260927346,20,22.5742919630198,0.484628324697517,10.0259112904872,0.66651726202988
127.096906301483,2.39344425231975,10.6843850271679,1.33673452253277,16,123.976545951427,0.798074799783449,12.7177723976446,0.898136257535097
37.8039507234903,1.54589970827545,10.1478093848597,1.52276174893578,29,99.8325495606511,1.67610195734438,6.68122112849064,1.139504342094
28.9671507537738,0.555121709483626,13.3330944776526,0.860984796011969,5,40.5975247988791,2.52796083302153,13.411828482652,1.8178708488275
82.1131916127431,1.25380891298391,16.8945781784363,2.51790639125214,13,123.281616174437,1.05718278973053,16.7778367763472,1.99208127725666
59.5318994425068,1.56004430389304,14.6262560933738,1.92207860841381,18,117.554682355234,2.34884830733524,10.4143656327407,1.22021763407933
68.0582867910456,1.45814721329998,12.4432922422971,1.77218533535521,7,133.539567000711,2.72055580366237,7.50625840402379,1.55689917327812
51.0386608911792,0.941856411759733,4.99060353171402,0.44142875774918,30,40.9354679864351,2.62086633410674,9.16753814328315,1.30095930774343
41.6429634648143,1.18137636069489,13.3044379382361,1.94456952700195,14,26.0374850143723,0.689239933114897,6.53188677353838,0.778374239262161
62.3065296964081,1.02933335055959,12.3900440275373,2.77366547708605,21,194.515729979808,1.39587187528082,13.0175255595499,2.56681292551889
107.655494519462,2.68234755076874,15.6189646771272,1.2195593240916,12,19.7106703721407,0.350283581365808,8.83540949412624,0.896947045469687
57.4046901671134,1.1379019376923,15.5330318651524,2.89425080980689,8,90.1357230915849,1.15689016802514,10.0214593603068,1.9590474410187
100.966341732505,0.776731751916054,11.0135611801591,0.784893832715006,4,209.506965900989,2.21764254756367,13.0530999987536,2.00055544069425
44.8967324295194,0.757782453603572,1.20396740268127,0.31272120583217,27,56.5645732884908,2.8743464060834,15.9675588563851,2.98904661402957
40.8264776164951,0.707940856205788,5.46345286747213,0.500943634845201,26,66.740081434207,2.53994947117428,13.2707119983228,2.05326007236219
84.5103900020904,1.60841126490305,13.3313251921119,1.39103970509153,27,159.709965054781,0.665165371974709,9.67112053754642,0.678296662573403
24.4332584055761,2.99973673124979,5.66605351608038,2.46063722489466,3,47.4671025683221,1.22772922906697,11.5652154332501,2.30419052558007
43.8703695753683,0.658064652275081,6.85743820698572,0.589079943575534,2,26.3562466973684,0.801100902848529,5.85204672976032,0.70729904501427
53.781765784055,1.56854092529099,8.47379863083436,1.87599918301132,24,199.532945836469,2.23947315509103,16.3563087291478,2.94815672944584
188.544040256224,2.37715503406204,12.0002597322772,1.66889818060525,20,60.8552735208455,2.36151223891545,10.9514351391573,2.41050749559957
59.5717559167051,1.9369281856511,8.15146988872281,2.69881777838082,30,81.7878150037344,2.27116952175681,11.7030060857965,2.57082288980987
116.598860043446,0.838201204301051,5.44095301716321,0.459811380724529,28,105.79382161989,1.80435210361697,12.7667768386293,2.14059467928686
22.8405436719844,0.398172700288222,3.057121529755,0.37689307392162,26,55.7338974622614,2.79630432142766,8.9003388323518,2.20219265107518
23.6855198193737,2.80728649506857,6.9913861777169,1.75009280613559,16,54.5859569013385,2.09478255372138,11.3063687831381,1.02146646677906
42.7811552445202,0.696411867994295,2.34704800041813,0.343629894580599,17,70.1993170661743,2.46109643106575,7.62057570840566,1.50472725000353
18.4499597051267,0.543190485778982,3.47728916090401,0.446771472966471,14,159.046953600648,0.993683562910072,11.2686557624764,0.775974799706887
74.616436261159,0.728904055249984,9.81952838715813,0.815996326160787,5,70.0236720004988,1.7170743489393,11.0949838621067,2.62195187209281
128.410652099391,2.81953117104487,10.4106094981843,2.85719270295287,5,34.5780455724803,1.07552683731546,7.26040826146421,1.15354674649388
30.850398075487,2.25081728188364,8.71507139511887,2.21208540425499,21,121.148175753299,1.50527417315317,6.86003575039545,1.95654230660973
64.3089764436295,2.74326411680331,15.3482179831219,2.63767606622195,20,37.2274838628046,0.810289899323387,5.72703090775798,0.933108839187428
30.7934198473086,2.44384481882257,6.77861034183472,2.55605928771535,9,36.8181037665792,1.92699838164691,11.5254381802706,2.74963512824622
61.0409190524606,2.79236035016204,10.3577975041223,2.57746738398671,25,34.6213189108253,0.470236493735451,13.892305841815,0.977986330509158
67.6611248966396,0.810833117465755,6.63707191103493,0.735331466176407,2,24.3522740258958,1.60808543691549,6.80351344564237,1.78986817097539
25.666863680793,0.652791209989012,0.697492761877252,0.303784183600563,17,63.691727874791,2.07612410905686,7.71774480319068,1.44851652832799
142.209653836383,2.91731413572549,16.6467215155103,2.7341591837761,6,13.4957759242638,0.560325070220196,1.05896556531298,0.338427804345589
51.701273470823,1.06314101300293,10.0976620144996,1.32956194232483,8,72.9217106587986,2.01299325320376,12.7997173824425,1.98111909949702
21.6385374833714,0.474336197504729,3.57395072363499,0.387056289729426,10,47.4942431340322,2.05974948326048,10.1497514632515,1.24412880692329
38.3719013455581,0.926284629754768,9.52701229729747,0.933477185350051,7,14.5235031057548,0.475378442673281,8.25037131990712,0.99379885733234
8.36925479037358,0.368506821842519,4.01847158012454,0.428041898284023,24,44.9293434102152,2.78801434248121,7.6189734803682,1.31949347204738
100.992172676967,1.00852610952137,8.67074591377297,2.65429132478316,30,6.44621316604096,0.317490375892759,3.84409338198658,0.644409976721188
30.1140705444357,2.37107950075619,9.53696265557237,1.44614371547566,23,45.9326984771934,0.557709208505968,3.44560980528489,0.446622173323218
75.024449373803,1.20155751938891,9.861207036902,1.01374436969544,2,115.774639283722,1.62591514898084,15.7989081266093,2.92680364628167
43.4395059622331,0.771220466700311,3.68766641691936,0.635746506157118,12,73.9334312002446,2.87843741978175,14.9540099225406,2.15359317557103
72.6780359753377,0.605479944888682,8.04641484673928,0.915045917026222,15,30.9703069329632,0.489349573676166,11.0911781037195,0.667478448789881
62.9117360595479,1.80648739814603,14.5035892399437,2.12196206441531,8,148.794282143339,1.75323052527478,9.42099355641446,1.26754782354204
49.4996711925565,0.943882691333125,7.74507265086961,0.775597372260646,28,70.7453352795838,0.547500141505845,3.71297344902322,0.412116654026525
102.581696448502,1.32371831388342,11.4111259773855,2.25235491397027,9,4.65471088065543,0.323557148598162,2.16805161603345,0.457801521050721
22.8328473889423,2.1646900155683,5.96904139177504,1.3562683410739,7,84.0102273539053,1.61498403373229,14.9184276842895,2.45989255625096
26.7502786205296,0.56703137248989,7.50235936173845,0.836957383374712,26,88.3468684258351,1.36103837613361,15.2346638687172,2.80096686550755
63.8712429472982,1.47807472485693,7.32582363680984,2.65940956771686,2,30.2660852996892,0.807938725709223,2.94624468546901,0.386566616461116
83.0052927387972,0.86181248851608,6.21872728658831,0.610505967306894,20,31.8615978698404,0.624308402053341,2.19220427827866,0.394755221541342
12.3856961327233,0.346072522002301,5.88475792312686,0.574508605655643,25,33.6957417674015,0.966599236541728,6.67225822970074,0.560193751699902
19.470724390001,0.591380746096689,3.7997545894081,0.497705251552132,16,42.6837940995123,1.27177422583306,9.45976517117809,1.08271648700597
38.7372265583827,0.605790420002721,9.4686065592468,0.74635293687571,30,48.4859249899289,2.89565601003379,12.0939616576812,1.77060418114176
47.0855787398819,0.591703599681938,3.49787060926489,0.468808442152929,26,51.2093685633988,0.969725164278837,2.40034672580418,0.470536839206139
86.1403722174782,2.62283778281229,12.8169116147924,2.74910108958191,28,218.338053306289,1.56386661500714,11.8649127528777,1.02472031650929
32.0180560862486,0.659021752669968,8.26660263764666,0.730088606304674,18,39.296545999177,0.721934322626519,10.4217698677471,0.703195801058351
44.9843679339022,1.53467999764159,11.0995110328685,1.50063780142988,18,102.507211240985,2.28981139002847,15.3579314416579,1.65266832414881
57.5983673948626,2.30075184094163,14.4412046366261,2.21434281703411,12,50.1111495536939,0.781972798449838,10.182476472861,0.699374588245712
99.2072013443734,2.4443683702751,11.6904719199442,2.19431695252477,10,26.0080378468025,0.422126540831953,4.75575267994282,0.806984384670401
284.206850837928,2.25381229022914,14.0788797073145,1.15442578798801,6,57.5229648287117,0.89912207889857,13.0150374538309,0.886626447470165
42.6746145882407,1.41417761816636,12.3028167268967,1.73739577299402,13,22.0033494996772,0.487560676884092,2.81136060771511,0.487133349783095
42.4486925746481,1.90361465733519,11.9255634756472,1.33379468296043,30,31.7921538880586,0.864545037486293,4.74213999922184,0.486981185440056
47.1957430430488,0.732565245050438,5.48175078502032,0.556494540466408,4,87.1638250708359,2.47876867749198,14.5728142225648,1.25146213403613
63.3452200360481,1.58997187628508,13.1777348952046,2.15140973028405,22,39.4631291052029,0.802779861402974,5.23711553321707,0.685772607115692
91.2965642713695,2.71233921037957,14.230490290892,1.70367415385143,18,36.2202013115336,0.556108571272966,9.35019889489228,0.57552523624753
17.3377720564625,0.633697608030748,4.76489897680833,0.872417144535683,1,86.5144598007284,0.645111027804711,4.85621097904253,0.451967431714786
70.4644652047441,1.01248527722701,15.3027775401459,1.34755771902322,16,60.2436850944876,0.671048495213457,8.0454860012526,0.906861556458249
36.2389024723012,0.82106246949949,8.87973820839407,0.61184144769404,17,86.8115215047648,1.46969144764915,14.3892434116266,2.22245373584246
9.84368642769614,0.419916109255387,3.28592925817839,0.486182422245353,13,40.6120412525247,1.70807352923444,12.5613354551335,2.31091422783677
96.2914803099612,1.13777402815772,14.0173532908294,1.00216818896161,16,82.3630141581394,2.10725594402009,16.6483850755617,2.65161168651529
47.6629306771079,1.22338449360631,14.5294112042122,2.50373502188464,17,55.1186541642048,0.546006539835567,3.19991492422411,0.41343563731543
56.0038988551088,1.44096312029223,6.85440119746023,1.77220949420914,12,165.009274759323,2.96559283441032,16.3306944638783,1.37661856906313
35.8565335903055,2.43764987894399,10.3004763640484,1.09829701407869,3,50.3986847584607,0.595927241048738,5.18600039024258,0.775599741418239
103.630159109863,0.588174793506975,9.41121934343454,0.617560858969418,29,55.0431254982738,1.47366510099065,12.0550405344094,2.64284277754026
69.1168197524797,0.838955535907212,6.30644360437572,0.534749356880931,2,73.6189898230989,1.70782485670712,7.98787785106223,1.18826476618835
87.7492040991249,1.5036391782861,7.35077210954987,1.65557021146284,27,42.7219254585351,0.746370670344398,8.39372783036813,0.630920502701682
34.3222929154559,1.68766394092789,6.09332295427185,2.29450627294382,1,66.7140561335136,1.17622381648354,15.8734333383632,1.69619247340312
41.7755491603025,2.37604715601828,11.2734382470133,1.93514853608834,28,137.073425027901,0.643008756387672,1.59516055799572,0.327852795116925
49.5883121150723,1.75008204469952,15.3251840553831,1.30759567414332,4,31.9483898994344,1.05067641364089,6.68337597331016,2.32888541129591
130.560574439765,1.26542435067282,15.6823029714683,1.57309808931139,13,107.752402192798,2.32041324794502,10.1242164056601,2.92837040073889
40.7610440759374,1.36692478299331,6.20774300826324,2.28540236087782,5,29.9211398614265,0.685191069956829,3.60498503366637,0.492633136435113
113.693361293882,1.14282313031992,11.8489694063412,2.07949977576037,24,33.1383079860412,1.92289287873338,5.8939667136781,1.902545238754
76.2736171236423,2.31101309959309,15.9446044265107,2.86943646201212,6,106.399671725827,1.05510553136089,16.5885063313875,1.80816693855463
34.4016373695568,2.15476322939668,8.66327574209942,1.39888907158687,10,58.2666058608419,1.91574333285851,5.78089872243344,2.34831575121531
87.6289853085243,1.02029200698228,11.841440720104,1.60789948202142,11,84.9852030638751,1.89984111918677,14.2616015648488,1.296294020542
37.5768913363753,1.6702144686885,10.4643564319845,2.1004395603728,19,29.4151494461095,2.30678993036048,9.45269210195112,1.41624243724129
34.725800640917,0.62428143826614,2.03642578383469,0.386075456124401,16,31.7167659297581,0.467117668719331,5.2020748308773,0.60938856834893
22.9291845417735,2.57097583893342,5.44465682299416,1.29397665273856,23,58.6846461079375,0.474800303590858,7.76757781604105,0.663828863115634
51.6999067269324,0.597383609861048,8.57143929049063,0.72999777464871,9,102.509596129305,0.718332102400242,3.63702049145017,0.378116821768438
186.849654664385,1.2346751094862,13.1875628943543,1.18131525692132,5,12.4542544124995,0.535620414608377,2.48222203371779,0.462942662253268
22.0499189582408,0.489245601598031,4.0052236287701,0.656782952994217,30,20.941783930034,0.486414779431387,9.33785304057776,0.907924075483539
28.8136941378723,0.41317469999356,6.05742605815104,0.599195449656475,4,125.781209037102,0.951134906411673,8.22635101570242,0.592703746030763
40.5440399239445,0.688781642732525,7.12718973114441,0.792547722852452,19,89.1882209364876,1.69954897779535,8.6804599674379,2.50163737745622
161.662888175666,1.79564194086802,10.6725373757743,2.95562626579546,8,26.9152729681653,1.02176339040779,8.36319690419452,2.73856390393009
147.896570372902,2.37233505279435,9.12336892522466,2.19026420174351,20,52.0638026308227,1.28619898361653,5.60616999340533,1.64614300668659
72.2242042732785,0.814953653417619,13.6212060264565,0.940647757121195,25,33.862984812849,2.54377212949527,8.76196441745335,1.60797893573243
37.718668667235,2.20946380683309,5.5017486641832,1.06459272630208,12,28.9020619486674,0.463677113092762,10.172626826314,0.619222238106769
58.5960353574102,0.495825410162743,1.40743137544893,0.317363926507598,19,83.5828601765292,1.70695823783535,10.0213359710732,2.55363423664534
31.3133922067214,0.329213139126266,6.23458791504918,0.543782041832913,18,18.2151804825455,0.909424731668342,3.7003856594631,0.559757724669681
73.0982760492876,2.43742649596556,15.1819690725108,1.59301628410019,11,136.844028422556,1.8335683253461,11.119200105502,2.93280401197934
81.0673707464279,1.06896730803853,10.0233586804814,1.2473374985854,16,19.9404210326886,0.593813901502176,5.55519841920338,0.560013763565154
27.0968832989338,0.528980760763121,4.81803225724404,0.421369753708018,29,231.498871382285,0.857588721565072,12.69249112288,0.816329558645371
44.5828306006392,2.16907259109761,11.0172290699833,1.96916368378136,12,10.1034857142433,0.367523666667797,8.26031596894559,0.704769390592301
36.6455483535901,1.37173310946614,12.1024957003535,2.77828405412383,6,24.4275847807316,0.530492107098012,12.2907305222533,0.908890644094186
39.284944279249,0.966063419006555,9.97704790047749,0.954486538956531,30,48.2637482081375,0.832024756336277,0.905418312891896,0.327050521488397
104.963078059829,1.04554708924826,12.3239652640359,1.18410185700111,10,154.639555764143,2.29296911384002,14.2133048002556,1.97076102861347
11.1748829592041,0.558020140945099,0.603129803062341,0.303342206597248,22,27.093921710366,0.576222298753251,10.7627699835536,0.858863824361522
143.82354051372,0.839938869064333,5.69677757096617,0.451103376837808,11,40.1314022482266,0.755006051233402,11.8133660934173,0.840438819704502
22.3645706055584,0.483916844499939,1.92628539922107,0.356291134843729,11,37.5536593598616,0.807240371033116,1.44200699474598,0.332373256931386
129.284396263338,0.831685860949617,10.8271613529262,0.80540010460766,20,220.313377633634,1.67690753933105,14.7750558062619,2.77989961731657
90.2854733837648,2.77087997793807,16.4898684677324,2.56235997813762,4,25.8704034006967,0.492844809398755,11.6357886374715,0.985398156016876
12.9217052936247,0.495621677596879,3.22518787308551,0.464222690664493,23,53.4399294143629,0.667472179481159,5.27111487580273,0.749436097600656
128.642974307585,0.926276946180296,10.7112964072972,0.740832902548823,17,55.9419658268667,2.75857716551943,13.9249775854961,1.24430277656354
38.8562617808153,1.62746236464099,9.35825723824532,1.02184804262164,24,61.6214072470973,0.6703008888107,9.14157155698977,0.631922458507401
44.6909922917964,0.454323941426513,9.26838045163172,0.573187010969789,25,58.3434811192067,1.83996466796623,12.189152339946,2.9398138878476
45.2281071126191,2.72664704064283,12.912447284161,1.38802365052091,14,23.0536449785727,2.43557460919187,6.14947818219002,1.40368350488178
67.7006374126756,0.632352683297772,8.76056071098642,0.916421220345246,22,79.6154813236723,1.66958575005939,15.4673114052816,2.00267018719842
44.3332093223607,1.93395798413291,12.8933505163221,2.85283079093969,15,202.47803644631,1.40379556970828,12.0191541603131,2.75109321818155
38.482265584446,0.445374184842621,9.99946191825316,0.908044504836035,7,39.702691931731,0.945659106714415,4.22718433428652,0.500100257131873
13.0677211650825,0.326106102116101,1.57903164244448,0.319118406828672,23,44.8461640043703,1.03544527465243,8.59726577153574,1.03185134788525
81.0633353743429,0.799687823205183,9.76105422606348,0.643567958952295,19,54.4023963148823,1.9736532677391,14.0642544684055,2.71577207834628
42.2387340011709,1.48416276580522,13.8488110754279,1.73555656775675,13,21.5433133913006,0.660146159957659,6.90063411692699,0.678267826974796
50.7219007525152,0.908283507512772,12.5923010427788,0.969842496380418,13,59.1367777533629,0.731232099848198,3.08222420233355,0.445213271465921
70.9743492974793,0.942359264562494,4.54657477525602,0.447503798749877,20,146.738894870507,2.86300734648249,10.5414372888147,1.42216038893023
31.3465520130785,0.500359507886429,9.13503217325421,0.888537972567712,4,39.6599949392808,2.93559606284847,8.01890001900365,1.00558961739687
9.21273379052493,0.37989346555054,5.19320853475509,0.600723878662124,2,121.384378689249,1.13542250043202,14.882159727074,1.41460730743473
27.1131376376566,0.468561460847437,3.01699123775039,0.364979610470067,9,5.85515013247299,0.340255802233177,5.538120963947,0.863566451877185
67.1068644435303,1.40031910293477,6.36606541818414,2.17020002195257,1,37.6899473266596,1.41272564291541,5.32696538930266,1.07224014521007
154.319689951598,2.89322540589227,9.2116796703963,2.2303521691293,19,153.378364738478,0.92534253093087,2.2626892214489,0.368279584456012
46.4539215838301,0.823810495319669,7.69037262928543,0.716861970980441,29,36.4916467866914,1.37580623750016,7.71309910691496,2.63474065335476
56.4911187873219,1.97605317324929,13.6322126975295,2.10124894387976,13,43.5160438164721,2.98300483630899,13.9552749271747,2.96179329681221
43.0981623438297,0.86611153749332,2.68619889756175,0.403223652642102,21,176.226664391813,1.40580968690811,14.8099984710728,2.39365262734917
114.852140124397,1.83053138348965,12.6779320298425,2.81545668982555,8,61.3557748918189,1.43684563750177,15.8723381004498,2.80040427840224
38.8973017568897,0.979847369137316,6.74972614019549,0.723719011786986,29,54.4098693081882,1.51657679722616,14.0503951175319,2.57576802129191
44.7309884292965,0.809816280911753,8.90494126210215,0.570932710529917,3,39.1575956871906,1.58189293913671,12.3946034950018,2.66431519629258
101.137722601311,1.24893354447803,11.1750206802644,1.0290787091673,21,22.2197412346607,2.37048287294114,7.17108205648476,2.70427735816734
186.080149814422,1.84767280965841,14.4914315895787,1.31059544637691,2,31.947117412496,0.964040142048692,0.939538294445568,0.301168267153032
35.2431949064718,0.449817774035341,5.87415795983861,0.612867729968823,9,24.3980366087849,0.404413765099455,5.60694495332447,0.596410658631348
58.6064827677768,0.866413197853806,3.43164559278686,0.423273244886616,2,8.18479339918235,0.300376720060637,4.47446016515512,0.475095161069354
51.0919500187993,0.738979517573866,10.3478371580484,0.637351238843342,25,43.4929811838004,2.96252566244605,7.42379175762511,2.4012420403971
69.6672901615321,0.543619465132464,4.21680305681615,0.521008807855678,26,103.176570878306,2.69990686877072,10.7383731568218,1.51813435070835
110.429422797494,1.13646418042712,12.2882271370807,1.6480354618851,6,47.8364089115282,0.947212220649598,8.35611519096287,0.826169838602427
88.4750107653198,0.585164985873915,1.63783148321277,0.304424841709978,12,32.0452113364421,0.969832861847246,9.12479301255026,0.774550939730791
16.5104429215443,0.456904252510886,8.27156186130076,0.947623636763737,7,101.590036180166,0.809386042263486,2.06511747569264,0.396213360303109
84.2086786794699,1.85980227158328,10.439288084374,1.01148062995019,14,45.9228901576582,0.918389682465362,12.0938302435331,0.725276044824915
126.812107181083,2.9201467221196,11.14254566706,1.73853110776782,20,55.6418299699532,1.1368607639616,9.81273454271675,2.02013752680052
163.816382500553,0.705321548893324,3.31667759881603,0.371586669565364,28,131.470825189092,1.14270433883445,9.91502997122541,2.07214725199605
57.1370341561808,0.630328785984687,10.7217376866271,0.913430565848918,13,48.3550755066875,2.26212620914337,6.56695520705596,1.67566853399479
79.0428501307294,1.93660463949681,9.43052709828293,1.5493210590172,19,12.9580655364138,0.389819637474384,5.08895346908877,0.434844427104484
34.0413427898139,0.866964139128004,1.2613226275198,0.329842208893596,15,34.2071240299473,1.1902622255589,10.386642728584,2.06389734510649
79.6992722991545,0.911235845108709,11.0448703343105,0.880605505965418,10,122.396180469988,2.69506630972443,9.21054893694598,2.94927471335824
17.5883426357236,0.46128086675286,5.97082653548823,0.968779888776889,5,52.4283233803139,2.74030308604852,13.4743243721667,1.08321505187297
136.680850441388,0.75430850143994,4.59449366529707,0.46608379709062,12,104.829021534836,2.39619335596395,10.026232793672,2.58530479554442
25.9143168740917,0.759346811468279,6.79545085335826,0.684574407084909,24,42.4253211898594,2.50064767236869,5.8978340837968,2.87600764276298
17.809735143611,1.40531005749473,5.64961016036,1.77668731031029,19,44.318290704603,0.429217845826897,4.93748234558005,0.553430913630955
70.9354723177552,1.79952261552506,13.4755077683501,2.06106944400493,27,62.9300447038578,2.89745552455936,15.6867814297365,1.19384323938748
198.189240625888,2.72832852730484,14.7024828928279,1.95025226338634,30,55.9350742306741,2.63742346951084,16.527360152224,2.42953121689269
48.684809698734,1.42347979373942,14.9971960112245,2.8155982824208,28,48.3911970312469,2.17252348194946,7.38164712793801,1.83556687238832
12.1162961168637,0.399734544531304,7.39708641187482,0.66319057613198,2,211.125290586769,1.01916519817545,15.0298785281553,2.73728172968753
40.8358618288433,0.891357829975336,8.58271877660764,0.700423032697489,4,44.5574217200068,1.81347310147036,14.5159712843588,1.85775028144005
48.8513452580386,1.8329544017419,15.0807087921352,1.6791978919321,23,36.2593237952725,0.343732505770537,10.316977508346,0.672326975854084
66.2687083205909,2.76974653320222,15.9074270576283,1.506407475319,25,28.3816675019272,0.670491694760942,4.26791127566353,0.426598829286003
48.2776405824255,2.37145768585664,14.0044788399929,1.1428110640579,12,132.817297155405,1.65993279918209,7.38832867119863,2.39384156585381
46.9405684809271,1.86024609236233,13.3401662267849,2.47113650498959,9,40.6702430583147,2.50910140119645,7.38157245433315,1.9496169978723
80.5675257005311,0.976405993598864,7.93811921668628,0.645500243143568,18,25.6012317352164,1.192983124743,5.81125549040936,2.06149914129338
40.8713710264349,1.08852268700168,6.55884742312935,1.10204902583003,18,10.555757695931,0.508965828723582,3.45990627410368,0.533422160365484
31.9090551934642,0.403909598010798,8.59542034890583,0.580268833196547,7,29.7165171877436,1.33504458173796,5.74229523034824,2.08610715897416
160.680752187802,2.2429052855443,10.9359360267545,2.97305114948474,28,60.1887340197704,0.706986933469081,14.3887538125235,0.975482870922633
21.9846508181394,2.67834842761627,6.00643293049046,1.68064370138949,22,46.2625483930527,1.67493078086303,7.98897792639135,1.75749615762606
14.7816706393945,0.395290075856581,3.88633465142652,0.424650732055489,8,197.612293351645,1.79464480312263,10.9903979384303,2.50385221380466
39.9602282143925,0.436712535718502,8.59221089372191,0.608923879406477,17,50.3717786941267,2.67892201346491,13.4162157982651,1.40279553187472
26.7577401333967,0.389257087627785,8.03025837433953,0.924602114990985,6,36.020934226539,0.378343130755438,4.99866783961495,0.584742464248372
39.0991715374338,0.730189593335323,6.48961637784266,0.570314718996536,10,60.1209671328765,0.550554175906225,9.84810136726951,0.788500238737428
26.1547735948728,0.356323862182447,13.5651965975353,0.885467136164012,11,15.4525765632687,0.440116715932056,10.0967712633764,0.848045528348137
106.643393139697,2.86056376882763,14.9370249308411,2.42507534824764,30,110.994983344757,0.888524008775503,2.44709732115227,0.337109623073237
27.5945463076878,0.56366414196268,5.66991634477908,0.451866063910646,3,5.50074943500488,0.342268591407468,4.17061408323625,0.574692309719398
12.1855688708933,0.374644934315518,6.56625716824441,0.540946073004378,3,61.3981600177229,1.78658990516539,12.3482931376906,2.91458174902581
32.2975988953706,1.58050734336212,7.30292361807295,1.7271699551448,4,58.3453077269673,2.27439454847993,9.33339838614942,2.79499013329802
38.94993431603,0.937880820883144,10.6831525905369,0.733309672455926,8,72.8102536896698,2.19160914558584,14.5934052949444,1.11585287967619
111.825811711598,0.779765418701484,4.10379377778921,0.461590835701814,17,20.1032793183679,0.476904609866723,6.57040892531781,0.914072213552152
94.5612445643088,2.05805614588397,13.9425135940888,1.6748769640244,18,74.4363881947934,0.898223922676161,5.1469934849018,0.913337265235236
71.5119239046847,0.610583374356431,3.6023978016477,0.439348342942642,6,68.0300616014062,0.776630055657322,12.8433011149054,0.905103836524433
23.7793348887665,1.20993547792817,6.71909941222212,2.02792726897019,7,85.2709615257045,2.79906879078855,12.0362949660586,1.91980024981608
33.5928783503656,2.69151694580152,10.1594701092608,1.47924367960038,30,36.3636527134651,0.795580997135601,3.90601274694692,0.440572058125685
104.122952949838,0.543055057807584,11.6731066286293,0.874148661433969,26,20.6563571830726,0.514810819947918,9.00704434328329,0.989228351874684
32.1524163755773,0.744460218565428,6.13138525633281,0.568256289339448,25,7.78805710329346,0.436039966693734,0.822452373041846,0.307778909594675
26.0872680893831,0.610633499012738,5.94457140660081,0.575497782684306,10,21.4355525134627,0.862397255596297,6.46568936648315,0.968517517764455
4.66264012410912,0.349346000715082,2.49206638181851,0.442354086517996,20,87.710793254107,1.24049756639007,13.4674814358707,2.51665159190346
31.1435014718503,1.0534615824049,9.84408229599053,1.41192944521924,26,40.0456247401169,0.93363280500034,7.45151560608853,0.525773351187489
22.2067549102059,2.52664046894826,7.37024640825184,2.00287388028735,25,38.5363719671592,0.777828669330709,11.1999671597468,0.879448142961306
67.709446311078,1.08596464872343,14.1719864139258,1.57156935594677,10,54.9034797851381,0.582939430061021,3.00929246732574,0.368861166130309
93.8103132135191,2.91333544543639,12.6818991792662,2.68471285107326,16,34.8786935263672,1.57368244884531,9.75097563548798,1.17127458668373
39.2958281158555,0.692740298899947,6.48460827730844,0.563632240166607,8,54.2770549443487,0.598693067001095,5.61071076966167,0.702233933661699
58.1659611367134,1.33245207597986,11.3229441410039,2.96125783856528,18,38.5443544036026,0.662491178172856,2.11805386529051,0.322785096388052
25.9897720041022,1.92078063327746,5.64087851251765,2.72482518174132,12,26.8293293559673,1.23286581596314,7.2880763721997,2.91107388175289
64.1135755202842,0.619171838506294,4.40005346322871,0.705203819676792,11,40.9241514052253,1.913867805423,9.70945751448877,1.49821866028952
42.384535463546,1.70990863199564,8.48075605397258,2.39354037162288,15,44.8211900230774,0.918140011457933,3.06912358788257,0.362060426192917
29.4867395740393,2.54264269106338,8.73434294187686,1.47803936252704,12,29.245257107095,1.50616397027497,8.33359061763269,1.49702289001969
257.108480255585,1.55174318207962,16.4420385429755,1.8361144097113,14,60.5264123854905,0.418157177625118,10.6412607163691,0.698844926014021
67.4291160944536,2.17891313732787,16.8373469639842,2.10935785384442,14,59.9265820334051,0.76065222334684,9.75586861953844,0.596595607614924
34.7841838855199,0.705605265617383,1.6961166676638,0.370387327503639,23,90.4357229161826,0.797301982055904,7.88677655704771,0.986466081308943
29.0289118765518,1.43648570182855,7.29002646612705,1.04685180025905,20,243.76000962627,1.54621477637675,12.6988942462166,1.23875395827628
22.734281391265,1.65886138940039,6.96514686216323,1.61048697082011,14,52.0200987119547,0.990350816130525,10.3852809479638,0.750245957163773
25.0694251583358,0.478365549246236,11.6663307299781,0.994574670997468,30,70.6385398224779,0.91168377931627,4.711149108578,0.428353985826489
190.554084485154,2.16842485844791,10.1032816711382,1.12875175376527,30,25.9472413640194,1.30473911949881,5.73386758156928,2.73524125824202
11.0046171085023,0.360110657195394,6.00004500795209,0.795257434438954,17,52.8154945262306,2.0838569157775,11.734889689641,1.25569432243015
22.1944090938303,0.452768905086237,4.52665324982366,0.63385000266332,10,70.1147544279582,1.35977748909228,12.3478060148189,1.17104289102452
64.3688350762554,2.25986317058897,12.2911299341477,2.76459489529149,29,36.0510367021804,0.724172730148171,7.13188092179006,0.583206276556427
56.3404484757119,2.89167226097641,13.5662162009575,2.24031525009244,26,48.2989704623721,0.902316518633456,2.73911608451712,0.374754466498379
64.0313902617369,0.766320303518755,2.38487782809162,0.406447028624257,19,86.6494826137674,2.12085376797644,10.1542667645485,2.39797898318372
38.102180584746,2.52827686538363,9.50897278578838,2.3039906998493,1,104.246185173183,0.469476416927207,7.82205060303982,0.539407524685973
5.51868663219269,0.389037251591697,5.15146705808968,0.944786020646123,13,58.5178879492626,1.22026535012415,7.43022293872749,2.00140456734442
117.370512704242,0.761068383343944,11.4477479418461,0.752505818771745,4,49.7547583530911,0.730393210887848,2.74571876037707,0.477824873282739
50.3309190103635,1.73228531308666,7.40395438011765,2.44347921090778,10,22.5727175270041,2.20377989313263,7.11883953199644,2.95529497185278
177.409307781574,1.70232459677385,13.7455046139293,2.65967086496188,21,112.74213914312,2.22044621639305,16.0804635288258,2.37614041539023
59.1967139899117,0.664612842687761,10.916712023286,0.682889123410494,2,66.7084188115099,0.588669599075608,7.65418185133538,0.723638971815117
91.9368586339076,0.863534301337372,6.936774012452,0.59296932622063,10,104.31224198477,2.25634902220231,13.8695276241102,1.45667489614556
11.867119791994,0.525283425654433,5.10723131892145,0.73630539741317,28,117.978820541245,0.618918802111512,14.8592996396697,0.983631590213437
64.0854828687249,0.680628750672821,2.0423838788651,0.389904149057508,23,49.9687056112905,1.16030254266643,6.69626804190977,1.1253864853894
102.334062348034,2.84178443952555,16.5014746807923,2.31885642852553,8,38.8558266083342,1.80005474007749,9.51835236998455,1.10633694165982
68.4004996243161,2.6287099733602,6.87605912415156,2.45595450011895,13,79.0757718229397,1.35621768240042,15.7110140865879,1.26191956821403
31.0578335316393,0.756631788030278,1.87635913283073,0.41262816524502,4,84.337853367148,1.62435763848153,8.16378513042057,1.11547650569408
68.2105747329035,2.8397545211039,14.8321788788451,2.00861578123046,14,54.0705858253516,2.4901740827787,14.0148419531608,1.52096323925045
9.67870564413768,0.33277059671009,8.11556588573048,0.678592820870444,12,77.8867690090468,1.53083751070646,10.9241101135908,2.92879790356606
53.6728201209595,1.04796103474806,12.259512739385,1.46443107204244,24,72.797688868265,1.90365103474753,16.2638478554908,1.96699500158271
43.3282448006724,2.31951252827415,8.60948716300729,1.58619792780408,27,62.7652552595451,2.14328701032452,13.6147524627106,2.9072533081414
39.2514071961267,0.596116459297314,4.2918303834112,0.59711402612165,22,75.622608004947,2.70950934946852,10.5910795363371,1.60644883987528
90.9868208593401,1.32534092845205,13.5680029859681,1.36809430717003,28,26.513554377587,1.90062313842548,8.33654021219768,2.10570368485914
45.6690417483049,0.918554160160621,6.35918352452965,0.548100025218953,5,28.8181685871911,0.790383840595085,7.52629531016749,0.782248478918537
41.1013010763174,1.35517119908466,13.7749941546935,2.60231062044474,4,33.5896279023036,0.527577557160108,13.3618133826522,0.839838987469085
152.243978669982,0.838390555227054,7.50484210557704,0.696412107311017,4,28.6844479092528,1.38693563100801,8.6832269646661,1.18183996097008
67.5180148838077,0.537865441552746,9.45312521671168,0.836365641807702,4,94.0215199812444,0.760767338245712,8.28879099984269,0.708591853240393
20.5163518352122,0.899745870229846,3.82644620271229,0.583058149234799,29,66.8842361824098,0.661223230809694,11.5909578277619,0.938212094093462
70.9001295613925,1.64212761903528,10.5093680138662,2.5010852881984,19,17.928271540976,0.426397517377191,7.66306061874361,0.548775557005325
102.421753164249,2.30509343466075,15.9109719959517,1.23900805682224,1,149.278463498782,1.39093255052196,11.7239385745734,1.38098376805994
41.9395429991049,1.8387286446471,8.66946454052443,2.80182965212536,3,166.070782871562,2.16765383848196,15.4922826373291,2.38898939504309
153.505059968023,1.05812410355515,14.4378740355932,1.03033653944451,26,81.7035733921054,0.492828707281481,13.6203027265654,0.891981861665282
130.152619548539,2.65827471037939,14.0918967400741,2.46197593252798,26,85.0255433947918,0.864382751480689,5.22447205021205,0.979952145227461
38.647035196197,2.52757294925404,7.7089164933398,1.11511998133794,15,13.8473686894515,0.457607952211509,4.47702094182509,0.584646532576457
25.1878984106638,0.412887802433157,12.308132223766,0.833422540311575,1,26.1663587789717,2.28454368166374,8.3071788475427,2.47628543658506
84.767227673592,2.693062397584,6.19408112685023,1.94342904153176,19,78.0729679570707,1.87161024612436,11.536268987131,2.00866920968848
20.2243391580596,1.25514572926884,6.76544695978238,1.57166250632995,15,196.772500850345,2.93251249462201,13.5158100056891,1.01062198421623
130.187093322584,2.71438374961434,14.0413536793569,2.60490920408757,9,10.0454683128385,0.328988105740803,3.88182514935567,0.641092948530212
95.4862593750427,1.11889546817846,10.7148353339765,2.89878203783138,14,17.9989373721997,0.643310038899315,3.10236086764716,0.461444306848661
3.07173597003043,0.321267065009606,5.27582864344638,0.961555015781884,30,54.4113088338253,0.766010180689237,12.2995682839882,0.988641777748819
52.8531942057983,2.90346117092895,16.1369168209165,2.45155318377427,20,34.4747983964927,0.551452305181749,10.7617040030989,0.92529867203129
20.9980293793861,0.48006931115915,7.29179183013339,0.544051223869124,23,27.8227424203137,0.751250598014544,2.99058710204418,0.526538370326549
23.9303819039042,0.54319698927985,8.0489913234451,0.627760716711649,4,25.1971523886275,2.31443775742444,5.68766517090318,1.82090661761022
35.2315433786014,2.33115336836642,10.1104754359591,2.64659226306081,19,65.5887083667624,0.834761436764041,0.894975069757814,0.300595344027748
53.4352893273235,0.967626090295254,11.8001897033206,0.960170170461775,26,96.3759712184905,0.718290667958641,10.8430282623239,0.997700082271303
23.7797951782538,0.530221794479771,7.41054417111039,0.548953391969796,5,62.7241989753341,0.898712955772625,1.38357725637044,0.314610436813594
88.2072251048489,1.66080608155278,11.4168437213279,1.25150641265815,22,14.7232273848068,0.409605430167789,9.15812447598923,0.587216841463968
21.2985301567145,0.649455409179297,4.96701681724046,0.73727077584289,8,82.7615220573013,2.08104988155316,10.1248979346541,2.50313142894111
47.7734941425513,0.878737631651614,5.28583047120444,0.86674336742604,12,155.975482605661,0.775760886220793,6.32116770182584,0.516262912096052
34.4315011650982,1.73472965645303,9.72280916946204,2.54735068276032,12,25.5281476613036,1.42408471297747,7.20792146524007,1.43922179167129
41.3592978051912,2.98482082526272,12.5390572743773,1.43279224789484,22,9.2203338670773,0.377447258836693,4.4749238639305,0.43707179085874
30.9200956280747,1.6761987489818,7.33465682678367,1.14455016632039,14,12.0242599813785,0.45594521958824,2.10890941540481,0.370077994917794
128.817795622777,2.59057987059594,13.4100112368141,2.75534858704449,16,67.3582335633212,0.920561852103318,12.5940910652565,0.9809133389796
59.3927296138247,2.02790906408482,15.8883246982527,2.99158756594198,11,21.155513335247,0.875205660781831,1.50368773838129,0.352796669073184
73.8933889170667,0.968959342700295,8.85138925071505,0.5913319249695,9,50.6900124597275,2.78163889985124,10.40745611336,1.08741083019786
28.2726068488039,2.09663050019454,8.80649268524379,1.89930665079891,24,10.821137754808,0.521248893807322,3.97799718429993,0.673224528752266
21.6235935626394,2.00350267843201,6.78746963549175,1.97566512981022,9,63.6558530740799,2.32800375068122,15.850177597445,1.44126639611152
18.9596224251337,1.74601436600605,5.82706349379277,1.30458790961667,1,32.9618716751527,1.15658046835058,6.94450340605684,1.26610795810093
58.8257199529067,2.5549242620459,6.1981422024053,1.03637001227717,5,136.84554418366,2.3942066109307,12.5105481229047,2.97449726164108
39.4268091952851,1.79096831349954,12.7926710876124,1.46224207532405,10,44.2531984502512,0.562538055518094,8.58226658765333,0.611001116385711
18.5275458385523,0.550357259086549,2.92584859098258,0.437547373399028,20,24.3947299421248,0.475312056751186,8.03026932126106,0.556976542847756
43.0046913618783,2.14635002338021,9.96988220854648,1.48639811337275,7,45.0644300904822,0.932805908861743,6.37414040128276,0.948156798310789
29.4236275972083,1.03254802906709,9.7930331185726,1.29703578913704,2,33.3514879177888,0.761748701412393,7.4974691889888,0.598118149954597
119.171260137274,0.687125389532795,7.85437163839767,0.52973877683828,11,10.4313043220737,0.330667158236438,5.31805960735239,0.505443640787182
75.0064498031018,1.16935020693713,13.7979059233597,2.44599247434723,16,35.0956320388254,1.80461136134503,10.8862630108395,2.86708771358313
52.4262169676263,0.781663453813615,7.04649455050709,0.594205198492124,23,46.1034188415857,0.746037613502009,7.61321965708418,0.736013828108299
62.9693655706775,0.686515926607167,11.4706674370735,0.81072245969655,4,139.150081946693,1.86389148556681,8.36851476337333,2.33596431147348
54.796850507748,1.59261232454769,9.955529260772,1.65038168151076,30,17.5007670879965,0.688379168112548,2.42897566228402,0.45862373218721
109.096167539983,2.45633703949215,16.4890916932145,2.40265007274181,24,39.5676271783415,0.706827550061688,6.02652160778445,0.805186411483114
34.3045336956164,2.08093377602286,6.02784386056654,2.34212584613096,11,46.5907891320877,0.884015350461071,5.01319632459671,0.658067679637806
52.9671618229206,1.07202322622167,15.1298660641882,1.88765542237152,30,35.6461219160791,1.64240569826136,9.82638622676387,2.01297577898687
28.3653130011432,0.573568810963069,10.7330677554302,0.799986258626689,11,23.212258097477,0.561374519840838,7.52760990270066,0.620231231787171
18.2782578003634,0.480612962746944,11.0821991030237,0.913031059929701,30,66.334042826026,0.710450921295416,7.79723147439209,0.937532756003453
10.8489881824902,0.559788196825618,2.74559629262537,0.485419008879753,15,54.2809974738311,2.73849978890245,16.2206023647833,1.45928907898325
6.29175959171863,0.355531724316778,6.14187950057024,0.829747304193202,7,33.3090658508642,0.551907599762326,0.930527148084766,0.300680906467747
25.7658612109156,0.650977618837686,10.2186034490529,0.862384952933644,22,20.8924388591829,0.415560476645279,8.65238558709644,0.684992392976319
44.5881205425094,0.807584507083582,2.91227385884179,0.392844489519815,1,68.5082996815013,2.68420872889516,7.08228455789283,2.20911778478183
54.8367316187022,2.98869267660715,12.1245835422558,1.45761452392444,3,193.546359528566,2.28512638657709,15.4973871085583,1.95236175238809
29.0504291246021,0.424308487123286,5.301287741473,0.434587730374771,7,32.7827756416806,0.554649138662527,7.42961533085908,0.724859738090909
24.0421184698249,0.569127830746213,6.68122605611913,0.559302423226875,30,46.2574761931899,1.60082085511343,9.92239136090183,2.95310885604419
22.9700813224999,2.5863217830846,6.61989839151081,1.7788685876075,20,26.5381691854309,2.77353305781446,8.21163911684486,2.29659718763358
264.846005245972,1.90107789487041,14.7744129895222,2.17366020515873,14,38.2737853098819,0.433605319767947,5.72245938031313,0.948279008984978
52.6143333258964,1.67822314811636,11.9944446739218,1.73470182257485,18,169.974637016595,0.889637813952621,8.6361746018243,0.61497741176795
40.8594230251766,0.733923057515017,11.5330227935327,0.795272285973293,24,57.9053306245459,1.89301599055619,8.43465071129834,1.90273525677713
34.1713285223832,2.72117544764829,9.96019035021342,2.78237218985123,2,16.1478919189025,0.43606508160301,1.19563419446259,0.332236409056929
78.0198931525915,1.98857756900072,7.59148156332929,1.8119613122201,14,46.0612399746678,0.982293872180098,8.37586547725483,0.536976013518495
61.2868190684537,2.73457705442533,16.8474264838251,2.04859062416485,24,22.4354471395281,0.866697012397402,5.22806578750257,0.607247443989696
15.4778160166774,0.317907818882375,5.16169040132904,0.614689129376148,21,169.739454387558,1.90889568737942,10.049274913602,1.42159084638882
2.7378377135376,0.30418644174088,5.48409600830967,0.72559917237869,5,84.8612605257602,1.24373622852738,15.2906988639189,2.4586799553031
69.9227195582522,0.63985967485899,1.32224905075263,0.323657830204631,23,190.406249761718,1.89271495506379,15.636288094736,2.34119300078848
131.094784994724,1.85850879660217,12.2606991580614,2.9316557925851,10,27.2146870832919,2.64891267340693,5.9115654900101,2.24954505396603
71.0810419027113,0.586814830030945,7.66552062499205,0.687059314958735,9,29.2447972216996,0.402079581811484,2.76401116523195,0.345326423642849
19.5501801460554,2.54155875764746,5.86005348934604,1.06543206137279,18,55.8521081714785,0.491595333790583,10.6440224847656,0.683938790061772
18.4345786975822,1.26036170425054,6.15628941829369,1.47244882765326,21,80.4766652970531,2.04841885521207,8.1627349708542,2.2830889077729
31.4464113012911,0.900581247589071,5.5127733322836,0.512790048001679,11,47.366695315313,0.379767818235307,11.1933387895634,0.914147646955443
30.4666344752239,0.769778700776248,7.80616270591003,0.760443403979148,23,47.309540028398,2.01342033651837,13.668456604203,2.70986361316723
104.716125934534,2.46212302028038,16.0076695641669,2.11883171040598,10,82.1971308594264,1.85355497707244,15.5653025941045,2.08969142549736
35.8578427178333,0.782952565648677,10.8338540851641,0.799658876396403,4,48.0616346686122,0.443525446393884,3.45512945384744,0.471775829144601
8.46005573629939,0.31414041365596,8.50369094527851,0.764649271977562,26,157.489906741832,0.891067616446465,12.9232532236617,0.901544919314868
51.9107966327825,1.99011930450285,6.99028486837227,1.91972348979469,3,41.7356071337725,0.671839486948043,7.14203687560901,0.587983151745346
17.8447535018679,0.711119677291261,2.73630969146259,0.485229865178568,26,47.7926583353573,0.987259204965719,12.2970837313395,0.942868108058217
102.556937576544,1.66487408649338,15.7011272295843,1.27120079898386,21,265.034294514767,2.10466577664454,13.9375022610394,1.30132812267982
26.2632849066376,0.479618050997858,6.58077055796452,0.472448764200318,8,25.5566576563927,0.488705200084958,8.20601350278797,0.5320853517122
9.68154766109385,0.474363377424997,4.48564957822268,0.61193304180921,5,35.4927161663263,0.824763762920612,10.4198573322316,0.987789732111225
45.2675631795965,1.9927288409542,12.7109004290381,1.98556752043014,30,161.131564141027,2.71982956151885,13.4686720438855,1.48810861265414
36.0653413699596,0.399870794192108,3.65329779911695,0.433525682257732,3,25.3027783052069,0.639682237751672,9.15400220463323,0.727184035731106
70.8901286582222,1.83302665649864,13.9251742158864,2.14336110121391,13,53.679008338634,2.04649636949072,14.3847763011315,2.14443273505719
240.879751824332,2.13744039939302,14.457233694223,1.19348823767773,22,33.773386451985,0.569123160415612,4.22504874384334,0.502505449128977
29.8570328655044,1.8661098091958,8.39379586937059,2.73346256695395,28,133.149871239639,1.61677229116318,15.2654423863922,1.6642092804452
51.9390630890413,0.487324106706292,3.2219783427909,0.476690267750245,9,32.4052379872181,0.79405491950484,1.73190323300542,0.369699863970178
58.8934662607376,0.700649772969389,7.28157291109085,0.602018173514833,30,53.7196028512242,0.642161144561774,4.97187740982097,0.67843345327715
100.576859830091,0.717547906702395,9.34751103656874,0.709923333061175,19,53.3729067418885,2.85168961442125,13.1250048967343,1.29620049943899
2.72651895948936,0.301056412114988,1.17333523380851,0.356994797430817,1,66.7359923026961,0.47990564313316,7.58586148233657,0.724240277863113
51.3004413923542,0.914662321733119,4.14498203447044,0.415509912656546,24,27.0323821105328,2.03688789177936,8.35442682528124,1.16046093114512
14.4539150971745,0.313052720272421,1.74665449493642,0.317181126536589,25,34.3976875502964,2.45825288714661,9.65796367959934,1.92091594115286
77.2278446985165,2.71059567545444,6.53664554196439,1.10647224130271,15,56.4702398099326,2.28283608499274,15.2274196430302,1.95957516634217
23.0721852064366,0.42598622385801,9.68107195391332,0.80118978896193,25,7.86977889190345,0.348196951201759,2.95888356186723,0.369282464575847
27.0696922431164,1.29641533597633,8.40166726785779,2.52019661549929,29,10.581056115366,0.354910015614487,3.64682177545933,0.407235298446466
79.6823486601382,1.92507938399352,10.7943040343804,1.41222274004737,21,6.28363967087306,0.351105449639652,7.97764504310487,0.754816383293637
52.2221357054256,2.1189748503271,15.4655242295814,1.51039746344783,24,65.0487528576896,0.989862085298965,7.13474440097674,0.623178357692346
16.4953868226509,0.481725439819789,1.48855730957846,0.322953432558529,11,25.9644388965662,2.76138367246673,7.46119034456878,2.90624665215483
80.3345438634434,2.88536370732627,12.5124282240388,2.99179374168263,3,76.4064758921597,0.873354622312583,5.24976723603295,0.614041250312298
53.2142518109973,1.90153349008799,16.3073376793942,2.74381236158328,15,50.7687319572647,0.513450859678462,9.43346550384686,0.775924639973258
58.8392955084178,1.83302459585815,9.13042815018211,1.83728946982,3,113.814594965358,0.994636464337294,9.54710872349806,0.800668908171469
43.573882585675,1.08410456909336,8.77885823426234,2.67215571049512,10,36.5014972300228,0.777358445795876,3.45704372386077,0.392121633469227
37.7443154138774,0.908646241630994,7.26204662856432,0.592392974858031,1,150.911355013287,2.96619192039851,8.28145206588117,1.66455357417819
7.14214187568373,0.319059207168634,5.96150806292681,0.98763311163691,4,68.0735600532963,1.84533765217685,12.2056528238781,1.4148744021897
113.405396814806,1.6695984824981,11.1381601032366,2.65680395711148,3,31.5295347711085,0.58470675525424,4.97576983135176,0.492229407411955
167.456896169146,1.03221662296401,15.5518205332707,1.23013865961603,24,190.562534442885,0.980927795918711,11.1041949481273,0.836600469512834
21.0650318123094,0.827405903566329,7.6243545157789,0.95902457440801,18,46.821655236471,2.52975466234031,13.8816819688356,1.48133042089064
22.7960456329244,0.615076938938234,10.0475422491665,0.993705135991308,22,104.924189752243,1.05838931704469,11.9943455652637,2.46990352854616
52.8654185380739,1.6582176051779,8.67633803183289,1.80371164108078,15,28.6779583551224,0.566943544655026,7.21336444152453,0.565298681835715
13.50794198468,0.386952610376148,1.02654002325852,0.32277809995436,2,40.7863244542854,0.624141176129118,2.37198382456178,0.458976502964193
44.4131044259587,2.02597953244047,10.8640111209976,2.04519485542238,18,30.6557155289407,0.72095729644443,1.0603529894433,0.315670883354961
132.512202265947,2.92725783093103,13.937893017302,1.34180733719243,30,290.055660913592,2.01082621302436,15.9834675270717,2.1819553958029
24.9845777960876,2.19970361837698,6.12498149193881,2.14127002853678,15,27.8020342638545,0.522124831175135,1.90375597353719,0.372939533031503
36.4146925761155,0.890138239980863,1.96238931176235,0.399140652314145,7,59.0327419435269,1.14790920727985,13.6255663033287,2.02220355283599
42.7910678467122,1.6795429474127,6.68981025459748,1.58610767415157,21,256.243804442409,1.29138943794729,14.1415624069838,1.4190629093457
80.732282511797,0.624257530745383,8.97323209599056,0.731937271636334,26,48.2285968616003,0.580257052941165,7.18790637096976,0.596640001337641
71.0559680805303,1.19054377377328,15.9370235808435,2.02836762276703,9,48.9418709114356,0.793083324775712,6.42311345790766,0.501555902822859
23.0897851975857,0.482550181867988,11.8412638807413,0.819882214016839,23,68.6589545005906,0.742782479275507,4.77540593264993,0.741797478834699
139.816886111138,1.94706524442814,11.3264619439766,1.56945909649271,18,13.8072211369708,0.402040037314305,7.64016463273346,0.653693468509691
60.1838474622631,1.63133542591724,12.517151018976,2.26395140744114,20,35.549354994012,0.413212918672581,5.07665412927272,0.468039991130689
136.46298942002,2.39122057299765,16.2155103138066,1.48318491633734,22,68.5498454638186,1.80844040961158,12.7839878855724,1.16629524109752
83.201435150537,2.49379372531476,10.3133537323988,2.79334557704316,8,102.816254501396,2.34771374059356,8.35514634786549,2.32214043530583
47.2532640242235,2.87912788206983,12.4517079352433,2.55272921426063,10,67.7005945354585,2.42062392395049,10.0351335064702,2.89564163463347
74.6747727541995,2.97905622419008,12.7644459037093,1.94737943899496,1,64.5204582841189,1.56732191708976,14.3866439540772,2.51362973882375
14.9635186030515,0.411451124118443,2.98977398626177,0.401525727017334,14,37.6098750928266,0.477726473317474,0.686151941014034,0.315389596812297
96.1946325149848,1.26945845649543,14.8290524983077,2.51642447392734,1,122.516190896731,1.11532162490653,10.5160443422913,1.6040137703447
94.9760790195178,0.698208997979453,4.67850612800073,0.465346449647988,4,47.9039311966963,0.816340002051235,7.97153153561531,0.809833286171151
164.37246371618,2.20414247320798,12.8297937064712,1.80950502894909,8,55.9958173894591,2.5825248926863,12.6440229372116,2.05063586366765
45.9608181808595,0.461147171964078,5.87961569786827,0.802871758008565,1,4.41994804830488,0.390953519329384,4.84801093674034,0.899457097411286
71.7088792868319,0.451832370838591,11.5644922971455,0.878593820426165,21,72.9065252923103,2.83401365783225,15.1118580739054,1.98580210886897
53.6123393219308,0.811330748932552,8.28199557866339,0.541948312110822,23,58.6672112285707,0.8215902402989,7.86775305950049,0.658948735249668
40.2224228221692,0.770118988431782,11.6736366506008,0.932270042376613,2,104.922801600176,0.61954885832534,11.6607215926759,0.929932211819112
117.886996659226,0.865122526211664,9.83588606863162,0.691944863097527,26,29.4716034627364,0.556157880664053,5.87815525188057,0.777667105220178
19.6382860136976,0.339999099053857,8.16926436948435,0.654949812401377,29,26.5899257051083,0.344907767303221,9.42254496224202,0.585636137473895
80.3412762700571,2.27017834655939,12.6809529816506,1.43923401347608,8,65.0415402404106,2.60950866594507,16.1973248258261,1.41108093143696
118.062536916406,0.912164459293536,3.47751433601071,0.372810224616019,26,8.77271183632168,0.470940786522924,3.93761224633209,0.637160806673408
150.950645528528,2.96416070144846,15.4455080031914,2.88654932448133,6,69.7486121486063,0.694756843814317,0.819807955712275,0.302488302812571
52.9777013440569,0.555865840197432,7.33672990192396,0.985499328302463,30,7.78364090584469,0.349169592972411,4.7509682158966,0.487337359146787
38.393447472109,2.78615648407512,11.4181702303061,2.11154622344039,1,91.6956684594853,1.75905117683158,13.3173711483668,2.35822925710521
16.6677541738552,0.45259756692472,11.7075769874337,0.857780510709847,15,89.075828440394,0.905558845153147,7.84203821932892,0.531561357116076
34.131182209879,1.89585453948663,9.0716674124094,2.69283301206071,16,58.4969406317563,0.559177566940216,4.12397207055603,0.632656240299036
172.79489373913,1.72983651437813,15.9020254262182,1.54494132126522,27,204.197297573608,1.2122601848619,13.6806940801007,1.3059201946004
86.7498162338838,2.59937418304923,7.66382218214852,1.59785674119851,26,43.3062712583609,0.648353995552791,7.6154156189526,0.599678422299955
61.7485948140434,1.23565910806059,6.56414346783777,1.48073677735022,9,6.669404676899,0.313478379878261,12.5565179799961,0.929581271618194
26.240948189425,1.23334575803632,8.70254608976885,2.14274436590219,1,40.1089230570519,2.89687615063155,8.65352643207862,2.7476207340492
64.9026911652348,2.3993005563989,9.79112786924968,1.22766191029591,28,54.2528000911807,1.43925177123738,15.0436332363974,1.56837063643237
95.6450130644333,2.727551114099,7.48375409266646,2.74687368452709,9,184.015022360868,0.859668582808194,2.22133846255963,0.335680463318639
43.5158852328015,1.85640774496976,12.0258507627541,2.38934634055368,18,18.1895181845939,0.503555145873776,7.61764191897311,0.923087622431946
20.6751746522598,0.446771405593439,5.90157311682015,0.45970737231762,18,192.7122698603,2.29698983208963,15.3116722428016,1.07299740918657
20.214805637407,0.971504533412057,4.45651634420808,0.800229946709631,12,26.6513993807579,0.42795843594804,5.61640399519914,0.460960260813076
61.5512820768479,2.27649301587283,7.99469815338371,2.13807166384631,12,26.886774091934,1.40876715005828,7.90621036556961,1.01896565857767
10.9352817631895,0.379630015426842,12.5407172744243,0.98066143970422,3,80.179757614909,1.03383033768989,15.4954321142323,2.10433889394221
57.6744505475744,1.16352277121369,16.7077463103581,2.09282655460727,7,56.8116448116827,0.911876182338593,6.59219051818581,0.769231215953207
47.3616204913209,0.427690021485297,10.8880787853028,0.94398317047807,15,14.7752442767719,0.457607305806642,0.672161900502827,0.300074735637583
74.1620423412609,2.66292768079823,13.2188527026285,2.54579215192541,28,55.6521934956915,1.11421962051774,15.8981288961638,2.38838981379628
48.9660996483416,2.08798325719836,8.94844072220857,2.47045831101754,19,53.2041688653896,2.72774308438379,14.8470618714941,2.8629211350768
72.5922521451908,2.62656154927477,12.5953135105002,1.02883839670176,26,33.8716569845262,1.13078528300641,5.79123595574072,1.15016908573818
134.146370671152,0.752351487099478,5.51652662858562,0.440727489197082,1,20.3148588980172,1.14199399241368,6.7382966731844,1.14148221385847
126.779164658693,0.599740832008509,10.2453102577858,0.863871433418205,26,18.390234928996,0.421530636325595,14.0140549495301,0.879953144938648
93.2835793852758,1.00108572837189,7.96444391136686,1.52421315308893,15,35.1817294035507,0.424425515155072,9.05617851478087,0.948330541516464
56.5610242498404,0.875227154911779,8.58184713946481,0.587159850070323,28,22.5468001681405,0.905878215319298,4.96103503531426,0.865210773096642
58.3644496992832,0.823934138664235,2.25586899511307,0.383655949724608,23,48.9647075690902,1.97648465674406,10.872540392742,2.11781247389539
84.2055450111055,0.7917413355118,5.85506848788695,0.499415730146278,12,64.4237736820318,1.4422332737925,16.8065517282421,1.74055212414425
28.8940029069604,0.898921176282352,5.82067100779993,0.874172341175487,13,26.9518546118164,0.518566035567995,2.56387375290066,0.497249735597428
64.5185370725762,1.81301838389514,9.38602460666055,1.17337047925729,8,48.6817242925575,1.77522742146465,12.1188557245046,2.03966579522423
13.8922981607916,0.38017099289472,9.68347566151669,0.60696882052873,30,37.0767694531914,0.566761254833125,8.9086903096142,0.811212024351579
18.7800171998381,0.965430193899412,5.56010347911317,0.799130635059408,20,44.9513854701872,0.910330922091994,3.80279306691141,0.471221141485956
33.9122912155425,0.957714038349814,1.35096202782294,0.328093440773745,23,76.9229648452149,0.866241676419496,5.98170438342239,0.797882121527593
220.254347364972,1.81960608234448,13.7732763723516,1.31763404968809,21,85.7518543035687,1.95375188883409,6.02031028030314,1.01923875966865
54.9308925557307,0.898978723852605,4.57055160250275,0.425461921965195,12,158.488611124516,2.85718399841258,10.728270085871,2.76374298199867
283.277725218719,2.63804788294023,16.1514040900303,1.91574268638947,27,39.3052727814558,1.17243909845974,12.430377713292,2.12955994020345
58.2579872907401,0.827357023662353,2.10899287256964,0.358896396288173,9,18.6187641314647,1.21064219262709,5.91347551561469,2.35385288670582
135.384901038279,2.83062095705229,12.7390168418241,1.33136771657427,26,39.1129941612588,0.674000891587996,13.6406593663328,0.876929790315968
45.543570787333,2.38275854620123,9.81054638410853,2.03981867940051,28,6.87954153251927,0.315016381717467,7.63355153966446,0.557690881703828
20.0885312124028,0.421271661114847,9.65520793428034,0.654929150470442,27,26.5607527604612,0.587364567778555,11.4560232876994,0.753958317477806
127.238038965656,2.37513051978017,15.9217643382299,2.70388054260584,14,58.7919889275385,0.828372857427072,3.91385613464081,0.39001356081362
43.9454392221089,1.367048460723,11.4361728995854,2.80158706877588,4,46.8036646403116,2.5043916582595,13.2793327023708,1.56186572959488
66.2742892426673,1.34417498715251,11.6581537668366,2.63783466148617,8,50.7846378555313,0.533581035444653,9.58866237729738,0.690826811229592
48.3036762924973,0.962846046773834,11.9099925355068,0.731396444449319,6,80.7635004117604,1.88268817638018,12.8232167697969,1.33867594570613
94.9277072359167,2.94041683597256,12.6591834274471,1.839919624978,30,75.3823749263106,1.62987183508263,10.6657815682471,2.72811796493651
25.7431858311745,0.524953809150149,8.25194805958263,0.93918593252186,28,17.1476311773001,0.903495998746881,0.881622584190588,0.332192102653302
51.6186321664467,0.577429771927301,10.2475705845833,0.912727267811373,18,20.8246421288622,0.465371571735451,5.90147716443436,0.682159783721253
37.613242901724,0.348634516189889,10.7613164782067,0.712642996289056,9,22.2945294762887,0.562001140027828,8.27234199781843,0.849511054045179
46.9582386887704,1.33528413469545,10.8124205391973,2.3478240180531,10,26.439198943281,0.857812550167686,3.06531961268761,0.509247918325458
47.1278249198991,0.74116784725491,10.4823906722636,0.975423119487247,3,138.827439695313,0.825196163962056,4.06930520157759,0.465835563381595
33.9475877685472,0.867594204156253,10.3490058830501,0.799568326058167,16,4.24091551823133,0.310589052967576,5.90931184334646,0.577569631984633
131.370735939979,0.554424644215273,11.9253949403766,0.873897359590633,27,48.5071522167647,0.492156549629755,6.35566097551293,0.84552103892944
61.9576180581188,0.665656202746465,4.31230998910972,0.445112120417813,30,74.7740312993997,2.85983331371331,13.4120064581858,1.00955099436161
27.4221903310714,1.40588161204785,7.48589748707333,1.17198626217263,16,68.3064604526914,1.69701866934707,6.61679297012109,2.08573694070419
156.754275443778,1.18346951741193,13.1269801599864,1.14856055489052,17,17.1310272564793,0.428701291152214,6.1330133311335,0.727043752983107
36.7119899197376,1.96728796608102,11.1130822394781,1.8855455850565,3,27.0424566478133,0.378396995529057,3.72822893668579,0.585078221754647
44.1745448377892,0.949632955911936,8.76296486876735,0.831744196509467,15,62.4215693479832,0.500677484136515,2.34520161124152,0.34846586643468
45.8040120618118,0.893093374387176,11.3216631151151,0.93480499084859,13,203.201535730377,1.02670165357493,11.9299025049366,1.85418096709609
98.6090763019028,1.87192510515255,5.90864220798798,2.83236475151992,16,45.3958414868101,1.22755002306979,10.4343496217944,1.89595500001066
20.2015487431508,0.960290589953423,5.8163923277469,0.978885414481407,11,27.9513748398497,2.6664136392705,7.76386529020926,1.6722278521935
263.674187426962,1.38161329515668,16.5526465009788,2.24160392986032,10,30.5107883628554,0.922517888720046,3.1696639660873,0.466186484337848
25.9851979316101,2.06133519358825,8.15526426881642,1.21419916300886,7,41.4534837026103,2.33821643016417,7.18756609435145,2.00084147538001
67.2225348754768,1.48300408784196,12.1743928412417,1.80678229499152,14,2.5182225623631,0.317651912333698,1.78969403750828,0.401033783288381
53.0980082205246,1.32765604860749,8.13557117734979,1.00017551415094,22,8.00424691341851,0.361682834058604,6.79219968209083,0.551106839628387
52.5459529618971,2.15360385209662,15.9269284619909,2.8913738512258,18,139.719315152613,2.33255956231362,11.9435203901097,1.75269418640973
23.1389129334647,1.53047708635598,6.67960132340122,1.61011996745863,11,40.5475512343453,2.8695400431682,6.92387755262379,1.6180787570642
142.57692338102,1.72575129116049,10.2467591688834,1.13624442759603,21,106.187126219776,2.01115702008031,8.51080542767832,1.49607524111577
19.1389099963988,0.823693878748252,5.59588910488747,0.873893653799984,23,79.0705155216459,0.995625035622355,4.29127741200237,0.428015429488364
87.1011375338304,2.27535410911837,12.0798994143453,2.29807537448219,20,99.3611748039714,0.861389106421849,1.43480761678786,0.322994293295278
23.2274700872719,0.685674712868305,1.59336117881675,0.37065136989736,13,50.2234621487993,1.46642028828733,8.4226667504998,2.51511888126975
43.4867084005503,2.92655677368019,11.6802083412243,1.73029613403976,21,48.8262399824161,0.909602095726437,11.1143296809024,0.762118862681453
20.0875883957356,0.711872094151666,5.20818436372137,0.694598988922255,1,25.1727890734629,0.822378665037762,2.17287508108092,0.441471409937742
8.50520463338849,0.327187534378432,5.14963281934455,0.45395739676967,20,65.5717412234275,1.14662964079168,13.8095387424879,1.75781928181148
98.7210714901464,0.963061822869505,9.84384814057959,0.738651738972009,21,43.2974651799485,1.57897636244013,14.1926824669523,1.44939129609465
167.697827339044,0.750952101296714,10.1605080571482,0.713467129853117,25,110.71130947536,1.59156568653203,8.26631907869178,1.97502172304263
48.4001892420314,0.712322743743758,5.57442405176585,0.849480236199887,23,68.0081086154612,2.21512771650088,12.0003068162008,1.18822368479773
55.5149229322251,1.99018847915791,8.06072074595812,1.16372196843301,6,33.6691763592082,0.711199653612845,7.76569359245405,0.661201968661161
51.9562419926061,0.887968042488193,2.01697652739014,0.397057924427838,28,150.665873407127,0.871015600657827,7.20071729530994,0.51058959285712
74.5880678135236,1.41213163989834,11.2902217594515,2.70949876850581,24,24.6840964665149,2.35411436044242,5.70518166927499,2.20794327011192
22.9602304735146,0.520591364800484,8.54761768117638,0.918018673630212,9,32.5026898639364,2.88323352053646,6.14056554512419,2.15726011080399
43.3768974049646,2.23283911807955,10.8548179208691,2.43962801172448,14,42.7059559238754,2.72174470873411,10.5154273861324,1.34221175998502
64.267239917997,0.744623498469423,5.87172877294638,0.591861617376061,4,220.118118154305,2.07405955701437,13.1621234894832,1.12026522294928
26.524029797793,0.478222860392874,4.3950338943206,0.411729545444196,25,87.095216750144,0.625942765092325,1.48881547463993,0.332404657963792
54.1985677051037,0.589883877631048,1.57732422142336,0.317891850783761,11,28.4295966208071,0.53377128949668,3.88737037571142,0.674981632469474
25.4658794573756,0.542900815193333,4.32855504191464,0.434505772477323,19,42.260552042153,0.961211472102609,11.2412009898473,0.966551315706424
43.5728394053528,2.42415798021952,11.8157389459681,2.17273019917886,25,60.4060350225066,2.33302703103801,8.79575689096215,2.54418351244077
63.2881555741594,2.28434540466955,8.1958950257133,2.80869432080775,8,36.8169910530974,2.75717019304559,6.34028675814768,2.31051940250521
49.2829615580487,0.4830041248211,9.81476689848497,0.976531591002929,24,42.2863535302672,0.936553701895955,11.6058086819393,0.800280675066886
10.9653299349802,0.383267644037331,7.13793891329906,0.947903469462723,15,40.1570805965687,2.12957071299843,7.83740226790233,1.44724053784938
5.77905515582926,0.323332222666807,7.82674306435204,0.658881522628159,23,17.413534187121,0.537561125255498,6.33130107017485,0.632730225559047
36.2640545819249,2.94688160898589,6.18324395392517,2.65378008727047,2,30.5429497408351,0.771281898429292,8.38654333875074,0.77591401490936
53.1527910231267,2.42973290747662,12.0297961946704,1.54385739042958,11,16.0541273175279,0.47674552395834,9.52985559882427,0.740899672683462
55.8085390836296,2.94755887462654,15.8063938993541,1.21062547620989,30,35.7093834465641,2.62382999243873,10.1067551775473,2.47751459959639
46.3077608080458,1.3024179500017,14.7271160868169,1.51234771279207,25,45.3203449429898,0.774660674068694,8.76106627127856,0.859466926944256
24.978100589699,0.712034252966655,3.38539316650802,0.42150063256964,7,41.7356745746335,0.724666750757589,8.37058029828905,0.601491414828775
30.2857294546896,2.59547943503456,7.57469354678258,1.24694237792015,26,63.603547662479,0.967403450766326,2.9387387849467,0.425632716189989
53.5822067284282,2.66710133298291,7.31022176475982,2.73100612020736,27,26.770834961266,0.649777183466896,7.62257226131135,0.98156892577161
223.707399462854,2.97784299197872,13.2153662817141,2.45463682194677,2,57.93789555202,2.89851100034273,6.62754858257572,2.24600878958308
16.1794090404097,0.528173423607552,1.34312702836511,0.328724253506087,13,51.7693705574317,2.2763247531347,8.13059220682256,1.67076641241338
215.582071044078,0.824695858864072,13.0036452906128,0.796772532996832,2,21.2108397035734,0.534065039033144,6.94613451456216,0.842310815355907
33.3696197654314,0.447568880320332,12.6482657098185,0.941860728944788,2,62.6024242302239,0.997247193038113,11.8006613981175,0.786301262388491
39.2429927899338,1.04388996890736,10.7198655775962,2.06060796693127,26,15.5026780281584,0.375231622349374,6.80574802393707,0.519694181158688
6.48262971740552,0.328279086855155,8.6662935694989,0.952759979940983,15,59.9546925040309,2.80301275247175,10.4946066758939,1.02987282858003
132.692811090884,1.77924564820934,10.2727799892913,1.88548713158342,26,18.1080555575525,0.614604496070071,2.45282319501875,0.397349657247752
65.3558929159028,2.07868465453305,7.6427522607456,1.9473092339509,11,10.5432988713545,0.444093172917152,4.83125502720301,0.644880082910858
40.7510345600046,0.475303547848582,5.2573987195284,0.464450965883904,15,76.3034366729206,0.591621530059038,12.7245164506139,0.789305914838497
38.9635660034166,2.59926117211158,6.52504252460826,2.01577763027015,24,17.6771483675559,0.868732855643249,3.48152332120657,0.560275281508715
62.2792166162707,0.449599600078437,4.39308350793055,0.41408815149482,17,59.9582887807298,1.00423183861581,12.1642664804544,2.81790282023686
65.9321288878912,2.36212441151757,16.3894264013207,1.79874902756119,27,86.7165014268744,2.01281825196842,16.3685731653961,1.72335805494384
98.931807770391,1.1749573124176,13.6052628184503,1.31362249653995,22,19.8009199677122,0.448534839434538,2.28585274713742,0.38049464940011
45.7611571555463,0.692783579860252,2.594176124021,0.484096393780967,23,107.567784505749,1.26939133765146,9.83083336974988,2.78714860257419
14.8116346377569,0.351332916548186,5.85768497617703,0.641287345222918,1,37.9615277749064,2.29780776346236,10.8292394785064,2.34837004204914
23.9114320256959,0.763499184147913,1.92034114277564,0.400470092832818,20,26.1404274201956,0.369526390253348,4.07857826942853,0.560729306375898
25.3946704296969,0.721264512168726,4.31299054116679,0.487101279274378,11,5.05942353529786,0.39281488942674,2.6731355180888,0.492308577510522
52.6654102566726,1.84783703323373,8.39266573428222,1.97032472170401,12,20.1855708405791,0.589793547208165,5.77811971025146,0.539190154104551
25.4853090918521,1.38692820822959,7.75860036282993,2.93681508609938,13,23.2153234434483,0.443494273339636,9.80025785385521,0.674731615477885
17.2909491904077,0.423343135112114,2.56718576313254,0.348642445062469,6,43.5655192097194,1.81058564955381,13.7929834104481,1.80664678471185
27.4411645950592,0.548945735235872,4.37365148202692,0.520143626812331,27,69.4773155941906,1.54907783479749,12.7155851147238,2.23424716120835
17.491972088426,0.474833855708506,12.4774771073496,0.954316125999748,12,31.9214995842731,0.588396988181508,12.7135020850532,0.944876588073011
17.5894170276713,0.669104733401093,4.50055231731993,0.806649563069543,28,85.8568340317559,0.941058444118405,5.9545467880249,0.488639840550949
36.7184649505526,2.48785728213494,9.9366247167321,2.67042685479524,4,33.4862165912682,0.367882366720651,2.7830468048062,0.419433085658572
28.0767886110429,0.918066639857602,1.75501212757983,0.35999674170967,18,59.0391501320556,1.33065685221851,9.23923815324627,1.07683696199162
53.2676277794333,0.485547512455202,6.01523300812531,0.569789257974293,13,109.012942540997,1.66998455194004,11.1627347994035,1.25109073445386
43.3309184004708,0.684435938198204,12.5519721741072,0.872468465460308,3,28.6716000000696,1.3039499950596,7.8118625714547,1.07268669968874
50.4573380906823,2.48288373690255,12.6899975309498,1.41346882029839,29,60.4482305723341,0.789627348464232,10.8125481069979,0.653121047653607
30.4586723444503,2.0178095764658,7.27327414430562,2.80415229418998,22,93.3427507033165,1.62910580808424,6.33038681526552,1.70947248678127
44.9933936263247,1.99539564020605,11.4123620680835,1.80658331036483,27,3.82385285551789,0.324264665154895,6.09074765603836,0.646862003087245
134.01045869148,1.73961521118931,16.5106962844053,2.57766749308407,27,180.185145625596,1.58982158399728,14.9242654290884,1.64564774654962
23.2521995162424,1.32902313270281,6.32092292460344,1.0705066469309,30,103.228577186776,0.834690265731917,10.4529064170124,0.75059419504808
77.1408338077314,0.440734061158045,9.15439943153768,0.765778880308344,30,63.2590524754479,2.42221910273813,6.46276683971636,2.53315540799409
4.19424899655806,0.310871684256883,6.27651207499356,0.630145094665028,21,97.1641056174041,2.40680823762261,12.1032293312671,1.9102834100166
146.344035658308,2.56575533278808,10.1607370164052,1.89416431654285,30,23.9770271410729,2.12375984107614,6.71359781757883,1.8407580695876
51.7935527752761,0.689518797405338,12.0483518857358,0.772750466084785,3,135.289810223062,0.769862392489141,6.90190709984591,0.588172670846739
10.1541644472539,0.316252986442171,6.50719045964344,0.478706607181681,2,65.0369814143012,1.53622127254376,12.2377187176619,1.36839512792565
158.721350354462,1.77943338085942,11.7643869795373,1.3945383746132,14,36.8777484978735,2.31423391422951,9.50374445449969,1.42203093343557
28.716838101102,0.703624204422315,6.32039260821413,0.962209170951604,11,112.060655684243,2.75962993574385,10.5413487995802,2.144071592457
83.8863472622419,2.90385360084252,11.1946183479334,1.4293501827471,21,148.379740042475,1.50638410893034,13.4628045739169,2.90817803027606
69.4737897544206,2.5948609170027,12.4103883547613,2.44048950574219,25,55.4233594730118,1.6851032438678,11.2327653883547,1.78079225098653
45.5713670712045,2.52876824783091,7.8255584730035,2.99642231816978,15,37.7082135027323,1.50706715149167,9.20405335299251,1.89003996736697
16.7596604394814,0.592594746876887,7.59883986076073,0.965891013230386,2,136.658637863017,0.803400971693183,5.39776920579055,0.528869787134517
31.7150165769316,0.483265460638041,11.5267621758388,0.971168074496092,8,50.3733461323285,0.611529099649528,10.3822216968837,0.818885807569109
65.1759181455065,1.06460888712061,12.7994329576002,2.04344969515598,9,85.7915316265183,0.746605533022294,4.92350759937688,0.813515375082252
14.4988022212447,0.352003294131935,3.18422675537654,0.560865787886435,15,67.6413353103251,0.736827546557176,6.43525814118993,0.55334939028384
33.0118072867316,2.76446680605608,7.1820520172896,2.63367196311428,27,47.9188449833715,0.835687863173279,13.187027265665,0.927261072379641
8.6946194899668,0.349165663504362,5.60692452555075,0.80419237383213,19,27.3962811680509,0.494397033501902,12.7317000756504,0.796188630891523
16.6325469807741,0.67811238039412,0.820457876554369,0.304436087959528,8,17.8063548034181,2.86759067094785,5.91503545214783,2.00448143524533
40.9727817271225,0.670493684158842,12.0054807529701,0.78016962647781,9,23.5225230599036,2.50752145537981,7.16598052718648,1.73323483570273
197.092641141098,2.02445816006487,14.3924762294921,2.20498524834113,14,105.038655556086,1.77529706450343,8.22688628905147,2.4882026905714
51.4919172764425,1.22060272747157,5.73413240389483,1.31857849374456,15,49.2529192200562,0.53881051154425,0.973589427755853,0.328213198583333
61.4221934846096,0.797155957013966,6.23695317528235,0.54667869824176,4,37.7978756485415,0.660971527249485,3.13175241864331,0.453156141176008
91.4081620002549,0.516979958430088,9.2682500397888,0.722216334926024,12,66.5571349332208,2.38834330945606,12.0999303421197,1.5213025336707
85.3642626082462,1.51964083299573,16.145666126592,1.85572544081224,5,63.6499544350946,0.902491124419551,9.67086366486006,0.959551852184701
63.9363838622127,2.04595065340597,14.4382377155678,1.7062601470834,19,121.41567027565,0.925009250454203,5.20760523272751,0.58099938786755
13.5653018482981,0.340705270201143,3.55080374873946,0.390319672356451,25,116.699470920656,1.22675441860171,13.2578853901685,2.76928381276281
51.2449840863144,1.84107549148947,12.7538272965506,1.83383193677834,25,26.4504877563147,0.443841300300876,4.14843930006313,0.406381714447695
128.440875950494,2.22901168947969,10.9221650004665,1.05049016923749,25,102.770891896109,2.49563992918225,5.97449125217716,1.11562823788088
50.8770914177304,0.618590338486639,8.84859134528967,0.666531815366369,7,151.942348613616,0.811101490727739,9.92915820877741,0.742087481605201
38.1943438544011,0.90957779159371,11.4665030012638,0.906190521423224,21,105.797377658783,1.26325722483865,10.4307082327355,1.23216103731509
30.1395514948769,0.610821389751067,1.39855986042142,0.382138597462644,26,47.4401077414003,0.93205319172368,12.6612746973567,0.799823899680947
144.32926287788,0.718699608114176,2.10531142275898,0.321618906805783,28,31.8923022296284,0.446306328094866,3.75136443165266,0.484975145227499
9.94526371486918,0.400050950892892,9.40256529989333,0.879797092992419,6,60.6862740151372,0.572467589422332,10.0520238278058,0.831469239173281
27.9287074797069,1.06467090614872,8.01065610301567,2.30448707672107,7,41.1328303772123,0.734911023649561,1.86264125591207,0.35571249556428
82.5943216206286,1.351847655952,8.95749155877718,1.09991518217653,3,70.6596795562401,0.845975891052664,6.94202565925623,0.509123950937925
63.9755244100207,1.27467641052541,7.60581667766152,1.28393229828109,22,66.2020377024661,2.93861215849201,15.5408678133577,1.64502902247209
23.2098093442748,0.703543465500606,6.14050726242236,0.676762958845261,12,44.625002160912,0.407088289081062,5.10348426449221,0.436615947596412
81.4917708891607,0.913810372080568,3.71030501969116,0.412371154574041,18,63.8812648855935,0.536472552994031,9.29600578123355,0.659278493973768
115.327056470475,1.58270356236136,13.9511947318254,1.86051876229272,29,32.4387216241025,1.05945019246212,9.48944701671313,1.12419798547625
43.6200307240803,1.52609816979838,9.87320467210793,1.13990123301874,21,136.369401946017,0.661104783435262,11.8371405548173,0.782475355328189
29.0197987002646,2.13376529175796,7.34038333409717,1.15629852530632,15,26.9737630555301,0.398998591756305,3.43151335295934,0.40661353612531
60.9625263371699,0.497705482816274,7.3622525953258,0.814188890430641,2,179.949841170238,1.82844389658328,16.8381567787088,2.68912102216546
100.683615718786,2.91035288738032,14.9914515054888,2.911568123645,8,41.4759796375237,0.956478827384211,8.53393359998007,0.986962380936343
47.609514292248,1.75218260747776,7.92131194963567,2.44523152731246,29,73.8123755627482,2.49837140559522,13.0783696962012,2.47209813727881
101.695179479993,0.836339211693836,5.84678702061874,0.603812843856449,2,174.562861671465,1.07011081248996,13.7652515491419,2.1655963575046
27.3019506071895,1.85195607276136,7.2678597510575,1.42113881040085,23,87.4629901518007,1.99258014078582,13.2626117031553,1.3681989126273
33.122142218074,0.481694195946406,12.8757712650599,0.96319769801791,5,94.9245534131127,1.69543649250474,15.0886444605116,1.72143924088705
32.9736960316123,0.634206751765461,1.60816208094832,0.303873464928137,3,33.1055485241687,0.526409741610461,13.7838923216776,0.881716509298766
87.8022852104944,0.748570277027597,12.2437350479599,0.886488053099901,27,33.1516888988573,2.46985594377918,9.3037598209032,2.40598599956498
45.0455225181052,0.558922890470495,11.4290841005719,0.687845276071442,29,24.5854379552363,0.340340756100855,4.31490113048091,0.399013987881301
69.4360509941295,1.71449620234017,16.2588649747623,2.24309865186207,29,161.511059480511,1.90811319753423,11.4652306053576,2.08305314817528
68.1524437927534,2.84809304436668,10.889212666091,1.7590280721743,29,38.328423160843,0.444360291725825,1.27020215942884,0.305168713312522
75.367705931583,2.80407679612255,14.4342834797944,2.46289615620653,20,30.550425472712,0.615947868075225,10.6475791113511,0.742560018420463
48.8752327077337,1.66935360063098,13.4594455751059,1.70359429021462,1,59.4619181851622,2.29790233742925,16.8734801360491,2.45036639582814
16.9344505715295,0.520035118114211,5.98247727785685,0.652815606657874,13,23.9846466382178,1.83703609457174,7.1108116773288,2.30111612532718
15.246727247195,0.559654962912285,5.84063116667552,0.682562208066895,7,36.4109061210343,2.43281587684735,10.8137356285056,1.12722626235245
9.45644320371799,0.363146396355931,9.88777696961617,0.851543655350745,20,76.8909727402246,1.1343638070118,11.0753925001603,1.67231875167866
11.0273990153674,0.443815145881826,8.40697778177058,0.832360229601698,20,38.9167228901185,0.496295592438008,9.19628963821213,0.704394293068867
6.76793531407483,0.36969047010413,3.87969407407825,0.544551048051083,30,22.2885531220498,0.470896087548648,6.09686896297111,0.472886211002627
48.0820040733717,2.04523764851963,7.61609482158784,2.98838589359323,3,151.089185194168,1.08190585367644,10.7385925984196,1.48129031396215
27.3531561395025,0.656212197525543,4.06115261283227,0.657071284552315,20,29.8598145196245,1.33796305085496,7.92210214799138,1.29491418140437
56.2896977376762,0.785291442323161,10.4768257244792,0.6290165652675,22,12.3578582143414,0.434241762483613,4.29024570719528,0.483549267152191
60.8991196368545,0.828065331836353,14.0376758758719,0.92708070993952,24,80.7132794926423,1.48193637316947,16.6419722634694,2.27920953628256
106.389523951116,0.602237621658223,14.6457291752845,0.959816831758349,29,79.8443934582946,0.615666611247784,3.00083489834269,0.3754238663175
42.7780859173774,0.781487741229858,2.58232142624039,0.351118089810723,3,27.4978911129291,1.94132262818777,7.79413458895928,1.79980429607678
56.604183938651,1.4164267389451,10.2271790299785,1.11797119391003,15,52.2093786093588,1.93376912498926,7.215656493956,2.61536824626506
32.7947675939612,0.650786306925289,7.36921874607413,0.579722763304268,16,39.3243935264111,0.412100920036725,12.4890948798816,0.796034723010162
10.6035546941171,0.364222053542787,11.8243262226385,0.751434291876002,17,36.8193519713836,0.858052375436732,8.41609462208027,0.830819214708907
12.765511095701,0.450793813782216,4.42678108441622,0.541380142649875,21,91.0958065485638,2.8011482887833,13.3886982693107,1.76540431955448
15.3581137420992,0.606927073980694,5.14305883434566,0.969250439784932,4,27.3034182197467,0.960681033734454,3.55599050369874,0.55465285226534
26.4814492510086,0.715145648836749,1.38328154683826,0.324752269647811,23,35.1060016479134,1.35780961968472,9.47390731567812,2.07441454878014
41.3279498728866,0.902139303061713,2.77290595139255,0.441574250143936,12,177.170415867743,2.80550250882933,16.2106713434695,2.38102456668571
76.3735581611476,0.957444258006803,7.62593078719774,0.952190251198012,21,22.0587989440195,0.799488025371653,7.11228941239149,0.876344305290017
77.7031201485045,0.917546612423212,5.93375891401815,0.548123492269257,15,13.3363694732974,0.357716440546866,14.2822321887126,0.910807602233326
107.411646677923,1.8614285553843,12.5806961725063,2.95814305425337,1,11.0525971748513,0.375808537819243,11.4893865892064,0.75790565690921
58.3174605604837,2.10108290334112,13.1207992418728,2.40985620434735,14,136.864817488954,1.19908478045291,9.81734726997383,2.40602467527366
30.9261405263354,0.896585803115195,6.17708648148617,0.958988159844824,23,66.1294030870007,1.61309451322729,15.3159827498116,2.41717013929444
109.278389248879,0.835769671017778,7.03390912420961,0.791410604100073,14,73.0445877908714,0.790317491882928,10.8219518242291,0.703857889567787
66.3861649210876,1.69823864385716,12.8087444443927,1.59986435850088,17,37.6030897723467,0.998325329066337,10.3168207168098,0.733261158816838
30.7363212292051,0.931441963526695,7.07207712172059,0.830177642450646,20,101.644415220495,1.51378529164311,16.1456415041649,2.45727910278196
90.6159005763572,0.651417321982144,3.53653130385042,0.51796912311445,16,34.5634369388047,1.72330946274763,7.18555552019663,2.57793417634005
51.6790922249505,1.59776179104399,9.24402347214211,1.6492750201221,18,91.288878884761,1.9054455323276,15.0104234848826,1.9362724991231
23.4501113102569,0.713208366062894,6.05775638995005,0.93869056557557,13,84.4496982827135,1.78541767416236,10.7792631016902,2.40510181996625
67.9884625123472,0.483836644908731,7.25368720819095,0.541663759695673,2,134.391174213103,1.64354153474348,9.96493202956562,1.45586457214795
103.999936191216,2.38400205983769,10.2639197507998,1.08802076478132,30,20.2503376172484,0.851458489317498,6.11113389793382,0.964480179108076
88.0561996068617,2.3615389000417,11.5662680509105,1.7393542070198,17,76.6187759345777,2.28116639030527,11.1149325816459,1.16502450449572
50.4247703875034,1.64714371352203,14.8298509196825,2.31284261053154,1,104.350083482972,0.574747422118663,8.06590543729814,0.82059666075078
39.2246759432573,0.687438855979653,7.19894036343612,0.663312629046173,14,33.2398091095438,0.618329780661596,9.0030874378749,0.576221094204879
17.9157597154117,0.468518240302436,4.2037923907553,0.498734718984081,5,46.9501824854603,0.909645240226712,5.63938463995171,0.666227427003316
44.1861201357834,2.52274261652483,7.66079038423863,2.68161652767619,10,32.1802759061125,1.43434163428231,8.97337554929901,2.79901125600173
30.6012178913569,0.530179254257849,7.2120472696804,0.953934976352329,30,22.2490180901943,0.417511018284434,13.1852872239559,0.988580799738494
61.1682848323317,1.985294215857,10.6576627008295,1.29347732660694,5,28.0974143562486,2.96301784688438,6.87769597145603,2.36899007578038
45.1336020289322,0.981187399140688,9.77413853665488,0.606804455644942,3,39.7130439105505,0.472066142686234,10.4322793436217,0.633235115614558
52.3866242825585,2.17021710650196,7.62968251837214,2.13469631811987,14,105.371475851247,2.32650371542129,16.070394937174,2.17571228087155
4.41889378734515,0.309924920452248,9.92128942115277,0.961108064725765,17,64.5024915303439,0.968910701560182,2.38225657883211,0.421431185324788
36.9925359099622,2.37765635057887,7.93072214711869,1.75526495093434,14,49.9317458003807,2.02502011290953,9.91103973027145,2.36954870214239
39.8324266110641,2.94367251823835,5.80454589242929,2.47686311568194,11,62.6215205549563,1.94422307607938,8.24215085005304,1.74108021781703
31.06742368642,0.819097444270045,1.74685971246336,0.379809292709864,24,15.5444437412704,0.477688927900119,4.43259586189518,0.538047061976085
6.77398950974662,0.409232583142327,4.86679376460952,0.781617718472177,17,54.6549777316871,1.25675754171545,10.2132699482973,1.78570758483251
23.5612045945983,2.13523135583595,7.80991871740036,2.55052675163734,19,39.5907272893004,0.849330473323948,5.66987171843025,0.456267355308334
97.3224236791667,0.80367698133756,5.46705144349443,0.468222795127428,2,78.6554268952359,0.829852891438673,10.88365461957,0.83473982566148
10.6538567959497,0.421662243734767,7.28286539677096,0.739274031013155,4,32.0669683833655,1.91446074712548,7.3136239305647,2.6613253869221
29.4022799171895,0.646150304127307,1.75786872641115,0.388674495540403,20,162.348731203738,0.973950612571557,11.8654941117211,0.99612974019595
96.4467902855938,0.700552806012227,9.84814951368773,0.669363332482885,5,40.2939802704173,1.43613520306923,10.0540177324891,2.97695007334598
191.794883175218,2.14130823148959,15.576234321704,1.5159905328636,26,4.71941259904624,0.342915937089493,1.54583104046272,0.343761042535783
114.944078388674,1.94650174139652,7.0047246234951,1.2327680443572,18,88.4081573219582,0.936240417687217,6.50015797249618,0.496919921949661
40.6099174695111,0.892368527747977,10.6460550992441,0.959165561604296,24,113.047792307927,2.32236429574081,15.8443174252872,1.44971423383973
70.3933434998219,1.20629433947623,10.4664398664181,2.54622107743558,3,15.1476335424533,0.349479753539981,9.64876178044038,0.931728842804849
48.9608179959028,2.67086615115254,12.9311120324818,2.2986173598875,10,85.0990607962959,1.79490485087194,12.326268833851,2.53104530348429
26.4005240609828,1.58865092934521,7.52020429322335,1.41783430038896,13,25.8894468962094,0.549481995183711,8.45490760952956,0.6761359216366
112.305036232756,2.51951411150571,10.7465531031697,2.89358737663835,19,25.8117728233502,0.681954974900351,0.98939323437613,0.311771338364094
58.6709864733716,1.75831478787579,8.90021966111234,1.45338590637459,10,67.857111395851,1.30367276869514,14.9587181724733,1.03540520155231
17.0540736972906,0.404600618055503,4.1345568167007,0.414397176450693,12,49.6728328754753,0.829720618378043,2.50554826337635,0.41331298603518
159.231708483344,2.00806819475412,13.9176649954347,2.61194295346315,21,52.7728513625602,0.504452216503718,6.92551731907387,0.579384400514902
37.4998128695612,0.697992980356398,8.46773976267617,0.558569901416918,30,71.0686975399012,0.821213881715153,13.1013059174048,0.905350009179041
149.74689255689,2.59082527455423,10.8059169497584,2.59077756259143,24,32.2407243721921,0.498336788412244,8.13387873544223,0.953682592933963
49.5684336799695,2.16909787297629,14.668081850549,1.88817317862405,13,25.2277052312241,2.85684898257312,6.62573180520842,1.34636591541106
40.871151709178,0.793468738537902,13.7739810871354,0.889784843574982,13,45.9248539667183,2.1883210699673,15.0089306073021,1.9502476192516
56.1748338357861,2.00343295581255,8.79529486548214,1.8174407788401,11,79.5578525284237,1.1503617616531,13.9297660213255,1.73962944858151
54.9002228858832,1.02945913353083,6.69615065378561,1.16905082953619,19,28.96886761206,2.14277742376715,7.99384575934591,1.01952921432035
37.0847957839063,0.683436610408048,8.77825038931347,0.743009780716452,23,61.5779675859548,2.07142135565347,15.1554909617473,1.74525372023982
17.1718368560229,0.776474547577618,3.24097481327583,0.496695663375813,30,44.9106120179861,0.966769913722341,12.857291056305,0.824028724080169
18.2435656687033,0.355063505028988,3.12300275759727,0.508789615481803,9,64.0665810969183,0.761772793453252,9.76733473659459,0.95025262131567
13.4364927229087,0.387878646327946,10.3658662820045,0.760564033749994,17,14.2085207209897,0.34734704482477,11.4346300779727,0.721551335597152
36.5742009305046,0.93344989127307,10.3460600187124,0.9249719176336,22,28.6720063741411,0.968534877705223,1.20299832233025,0.336689064799861
123.441158904053,1.63956258114426,7.42539846628642,1.75335830834552,26,85.4407549697509,1.14153943705435,11.6732233654251,2.60296880026049
7.84522779489635,0.37845927629312,5.31807854774153,0.538221238253548,2,162.694407655155,1.68716353579954,13.1048141743749,2.62742696741968
6.88479680161286,0.339154097735241,7.761250379549,0.587525874971297,15,19.860340575224,0.427329195682483,12.641141710955,0.754635621325918
14.4096677742771,0.435257556095168,7.74337617033755,0.634751696241771,18,31.753629249798,0.745371653249033,10.8055245478088,0.813565828409057
83.8861040543962,0.88870667424548,4.11894130807748,0.41072150644993,28,24.1961891165488,1.0105739690487,8.91823614086079,2.28574408988514
18.3138561300584,0.976239222246254,5.08452254686338,0.843374100471216,27,82.5660372142943,0.983132052938014,5.53663413284939,0.505646400042395
67.6149104605878,0.84711091073776,11.8167081400308,0.832198892433192,23,95.8631865455119,2.53830893419236,9.97327883187784,1.50995986209478
93.7844042167229,2.59510749703582,14.168776892675,2.5448388815477,20,55.7915503011576,1.7200305776384,6.44305357492475,1.89035730163133
36.6490509699901,1.23839936009545,7.45914234795601,1.91744664879914,20,220.786526198099,2.80842013146368,13.4431109574937,1.0175663825133
45.2677119783333,0.597410411697295,8.98409242004074,0.61803499064275,17,14.6659178432127,0.442873538706241,0.899046604935367,0.300502383660889
143.569548216238,1.24671972929857,11.293572392667,2.71596494421669,13,66.7765242433471,2.49315113760006,14.2275712898014,1.23455969299483
36.8982455265415,2.93699368491763,10.122615843639,2.2910912991697,29,26.0505372121476,1.46339262679457,7.37988341998379,1.35505119363725
54.6020541620552,1.54133096011299,8.44605927813923,1.78969708213887,28,40.3481091319702,0.441167506245357,8.63568463821247,0.709361661799241
113.773977130532,1.7540534845176,12.8288094892457,2.2246061200647,14,71.4649972238464,0.833553562963323,5.63573444417304,0.652021149669504
53.7386292180703,2.99695605205852,9.48025647903377,2.31629531060389,11,107.518346708078,2.99552010961602,16.7352487641703,2.18398650239272
45.2797207131218,0.619693370242479,7.10131477046722,0.566276816323341,24,62.8594431121857,2.13346448594475,7.15019621747337,2.25411640788869
44.9338039104254,0.855111012535165,9.54941597888916,0.704673341017068,29,32.5500476951492,0.999453156721928,3.10326022499422,0.39574338828704
39.6360313616785,0.909452081893469,4.94262122754786,0.59923059012354,9,49.3057060875626,0.377453790584666,12.3142924782756,0.807370846133238
270.744115253015,2.02238756988704,16.833562897115,1.75370638594485,22,44.9283021455254,0.806881414608486,11.3068856852517,0.879444326830641
38.3231243236288,2.63263129060563,6.1891555783685,2.96830694163002,24,5.47757362314768,0.303822642127181,1.16901964340071,0.328358228757194
87.495633290883,1.13621031725578,14.9426766426277,1.6030596322161,4,43.1036777429005,2.44914997902604,8.51759150515857,1.22093648432743
72.1116389409108,0.750919178213566,4.55938527118731,0.482411813607012,17,80.7742817024966,1.94043517045049,11.8688355722967,1.05210904889102
55.9262372050526,1.08678383508263,8.06940199411929,2.21383437817915,9,73.9271498999932,2.80849578913929,15.966049316198,1.73601589002101
90.0992306137859,2.93879053242709,14.2452282700732,1.72510896865124,1,21.4395043209616,0.332582483853313,8.83250820954491,0.610448224876097
27.9551544651364,2.82989387629107,7.9519802884321,1.69953935358495,15,39.0352194508278,1.20774735256419,6.91922049265787,1.12703084106255
67.4250447962907,2.59792156594692,15.4587514345474,1.80758639591767,24,118.18938422181,2.42729456481722,7.75290263055001,1.46336422647272
32.4996581870005,0.655589448105424,9.78235899166648,0.976821579688409,2,39.4563869442367,2.23389031198551,12.600903231418,1.48491695415274
50.2829566153613,2.86332540476401,7.81544117064294,1.19032772000713,14,56.6857651201861,2.11117153192578,13.6820193190121,1.77915076878282
42.8493353618482,0.926030040469536,2.5288262326282,0.483762356129829,30,117.596779743834,2.68854706636541,16.4701583803664,2.64503204377409
37.1562288430094,0.473246761414643,6.10975244315423,0.950509667167756,15,25.8752855336271,0.416727903169984,9.23021832602095,0.570609270328567
13.7652443871927,0.362440254643472,3.19415427294912,0.457044430977095,7,71.5707180843797,0.971330678206553,2.64190179912497,0.357419893266194
193.784521454622,1.98931573342509,14.6024347458747,1.28606469523171,4,64.7765820407918,1.5974826434345,5.74138207269784,2.40699655301232
23.8624717479049,0.58724950275605,2.03197441668934,0.43718934809539,19,100.847763315368,0.985272039694379,10.8108327132223,0.64520999381877
21.7336960257183,2.61067413586355,6.63397387031805,1.77812365981141,29,87.1872679481187,1.2259038842252,12.8976012294963,1.77901740465557
60.0403972844912,2.57655821674504,9.2034417976486,2.11823943190732,19,57.235911831919,2.54370552482633,5.88453809713414,1.34247805381629
36.8568687830461,0.807277069244711,6.03892684748247,0.912857823636666,24,32.1493063794363,1.26246016376458,10.6010523257283,1.67354399595458
19.7617965911216,0.5427557106807,3.18285834549489,0.495372612493995,10,14.0496911052586,0.35761813984644,4.25118860557437,0.406398065394871
113.307408871741,2.64745640813067,10.0666518182013,2.13319949074019,16,20.8414329541457,0.525317414428515,5.71051984479105,0.887465283193377
71.6900867573636,2.99274029792575,15.5508561570998,1.71814547922471,9,9.16477514367882,0.377274204669311,8.36938461850791,0.801398428729777
54.8695777952869,0.744352432514869,10.49681690478,0.748485061076459,14,23.3144154236514,0.713120504952967,4.50254735530906,0.717913437556716
65.8618486440797,1.51390773337607,13.1942117678261,2.24440835905719,17,55.6927268817294,0.907892785192111,5.77007005341204,0.471120179187774
35.6741877376383,0.547323504416204,9.13953939072854,0.970716133234084,12,53.6699921355986,0.912912008360042,7.96408865116759,0.580878329574482
58.2550189698528,2.30268179766447,13.638017581672,1.73280086523312,27,53.5688450044223,2.72912645833942,9.76223827379206,1.84217750186182
95.8670443299586,0.646424948061613,4.96081795702631,0.42882522087575,29,160.507129706409,2.11047418754363,16.1825104562221,2.56460584906474
123.974263191572,2.7177733242939,12.3359432673489,2.99810384464556,5,27.7028157425107,0.804242416125585,1.74839858028344,0.366674364367097
31.6771955211761,2.37833842054701,8.38275753625592,2.56552360107352,5,42.7551037541248,0.719963264952331,5.14641872255579,0.446276965030813
116.959300916654,0.755374627858898,7.90718118576048,0.530718019507646,20,38.4629378253153,0.61086683880507,7.86726212048452,0.792297065966522
91.368685302532,2.00130405355005,7.49648343393825,2.4292272948281,2,62.1722825722777,1.69588591109453,13.5025596932918,2.17471873140545
51.9029788077179,0.80957777795948,6.89798490685191,0.490211976131658,26,25.3983162878572,2.8509689707254,7.5464959233842,1.48709261106461
64.2249289708502,0.837099790817538,1.89080726953079,0.320957712198709,12,48.0258777965539,0.858188849088276,9.48065055855492,0.958823093294579
26.5127675581906,0.83614660048091,5.22611721257557,0.561122934134968,25,55.5355744962763,1.52046372057285,10.5883361610481,1.58801773650284
45.22867852647,2.83133744067979,11.1779803059852,2.28033723068266,17,34.6986678215796,0.502154796595686,10.0294264665459,0.620893239645655
24.373764798763,2.78101744163699,6.6561614368831,2.40354525515937,21,33.596241272642,0.697722564374187,7.01324100649324,0.497712447204096
49.8741022480568,2.74772983070974,7.59657451768088,2.34401300458743,3,40.8323021296364,2.22970481377254,7.56549984774038,2.74162631363399
49.1704343603268,1.37870397313609,10.4871927268626,1.32382602301672,5,55.9251798095663,0.645130084154734,6.35382609219708,0.655950599584324
38.516659439541,2.82925361258774,10.6884627736855,1.87612498293388,2,110.210793298437,0.608120250828183,7.77978041069977,0.533575672199339
42.0125791419698,0.644113521905183,12.4468622845304,0.854026824348659,17,49.487716468764,1.29976876026503,15.9164992512302,2.903396206217
59.1313190373721,2.932065493103,15.7433690986593,2.97027683878749,17,7.38271336985227,0.313267144136511,7.71611934774842,0.690692779659067
40.3476366072711,0.878511054921745,0.809076120496772,0.303090033281494,18,66.4724441938754,1.78850835355008,15.5565321569535,2.50040454597803
23.1723580807616,0.942689169621784,7.41476073498663,0.899876533798031,18,69.3315675655643,2.92364766136462,16.7598173184976,2.98733597820523
58.3133510644086,1.75144789269226,11.4888261950803,2.67955605314589,7,67.47293810441,0.837639497197045,7.66105103050589,0.631456575681607
36.7327230705598,0.999050959137995,3.67083413011116,0.505506894815263,7,22.9685884261008,2.15360684760634,6.96880650517027,1.26093424761881
55.4227562642731,1.11383230751778,11.259146990726,1.44285440233529,25,78.7462475078949,0.493199309570495,6.95696983086501,0.686106554155226
50.8548337583976,2.05636806231845,16.403071857443,2.11422505335127,10,200.681006216346,1.81091096193794,11.2364850425887,1.42747922786964
32.0499378390305,0.884208962641342,1.58083558609893,0.33094472111205,5,166.973332528958,1.87410005725203,10.5900129040415,1.53857225816624
51.8771308454084,2.93144031114567,13.1866522534829,2.3812013320687,3,133.698750970677,1.42350551015448,12.6880813766893,1.45977614347608
9.93147145774449,0.352363473622123,9.4628378963788,0.600972675090313,29,79.2839167254726,2.19868353353546,15.5315028854739,2.02490467914057
45.4333669031469,2.74976504830978,14.6316242624085,2.66491318347894,9,38.8162794128115,2.15283945857317,6.34794023969452,1.65856975969841
32.132987379388,0.850922350701254,4.11299485283349,0.432016944183474,26,8.26999760837993,0.342603301652047,4.8476839664477,0.47265596704021
41.4464809435339,2.98669315905381,7.91791293210388,1.49277375838616,15,61.7526055093146,1.21630771102976,12.4604240552308,2.44105076363516
191.233368006264,1.36813847403939,11.1413430812857,1.65874765240768,20,49.1064553687164,2.2339723457093,7.98556644818313,2.62232114367861
56.8580460918012,1.7483696424763,12.224536666334,2.43979327030348,22,21.1502737944761,0.425052581996903,3.17070912293075,0.45989192799321
78.0697804120002,2.86798549042655,10.5922721317729,1.1154892499718,1,166.64832787865,0.999505005439111,11.068510429073,0.836876134163573
41.3661337185349,0.581231769532815,1.73978268326528,0.344459206010015,7,41.3420575024253,2.21814883850215,5.18408728008333,1.03793886391758
58.6196448458893,0.910606937124926,5.18275148634342,0.929694333830913,10,67.0227793436745,1.003796953208,13.2904251136109,1.75946798268836
36.7293904587194,0.955293242227863,7.34705427608198,0.602469777146146,12,35.2671824715569,0.753778281208745,11.8810244061167,0.979784364637572
174.041049291763,2.15820186616266,13.5789846966208,2.7538200191825,21,181.039638156994,2.6232682868172,10.0188556662409,1.57764932233288
74.9242557392993,0.478911177810657,6.14726526702559,0.635226805813305,22,36.9659284826765,1.97134463154251,7.60353544341446,2.39589971578031
18.2318805548114,0.441015606778149,4.68719158124763,0.47288783559584,21,21.5218756200658,2.62248135029641,6.76328482417538,2.6868887781292
41.739764182138,0.766186230117897,5.10455921835974,0.453714804462837,8,195.136665948926,1.01471621071345,13.3079213946549,2.93069107974922
16.5480253541923,0.443162189221115,9.57994650397898,0.951064434098108,5,34.0476609699868,0.859119270474963,4.78941892388577,0.477564785065175
19.06818487817,0.754727828875614,6.92477029224736,0.984794756445134,17,88.8998663512759,0.70344900447862,8.73206848198954,0.604527894393728
192.602663664609,1.32734371914789,11.8104367577968,1.39488760017365,13,49.8301770469771,2.09317510619853,9.0092709585593,1.7133413767905
57.8594023116694,1.4304270624303,13.3169859731247,1.08604573638571,5,82.8884465060509,0.566369876045989,6.61994210067749,0.654204080977062
61.5071996323386,1.87531667361098,14.9858288346491,2.57089386417061,11,92.8850258331044,1.07519529800982,12.8618645617988,1.33233596335128
156.787887096273,0.656219414256633,9.27121452913767,0.625304758767519,1,39.2029615790233,0.645998671301533,7.35913015258857,0.5763134268614
76.5566675148433,2.56928884140559,10.1620971565112,1.4023591634285,24,75.2963800635673,2.59981785504994,14.0344639023602,1.80088664094518
27.0530089099051,0.645171181939877,8.60386969108412,0.707279635231102,24,22.8198945777041,1.25167601112617,5.87628192150454,1.59471057421165
51.4677625603489,2.2742292202244,11.4927221340547,1.65970266304454,21,31.4005883589631,0.531753837298244,11.7593900412631,0.802273654958673
56.6962763253761,0.727356917114481,9.17183324848358,0.880416938333238,8,13.4248565160868,0.34461713314721,7.23534888775987,0.623559592228895
54.7987901517764,1.1077891581104,15.1938667684683,2.99348445942232,3,62.6153142782457,2.04401576543411,13.3812342797276,2.96510119033552
74.4414299385291,0.702427703870453,14.1397722957377,0.91409740940921,3,66.6978549481872,1.04409051640672,13.9994714330217,1.68904133621379
53.1376660447588,2.39956701874875,9.71699050669328,2.20921611131177,2,29.4945927839364,0.373783741406431,11.1652064019844,0.835829580904026
183.970671557519,0.993947323704415,12.1060803448213,0.963011269754181,1,33.7961000932712,0.74793124963478,11.5633763521311,0.850760524177432
101.186997816644,0.73797441524891,6.11169863263121,0.588100559033815,27,134.439294682938,2.40463541003404,9.02589978109819,1.24527533112966
8.34197199569207,0.330850126295604,6.15536186344182,0.622942925258127,4,85.4233060467206,2.42638078510904,14.0200521124088,2.89286159985613
25.0681121865337,0.621196280927643,10.7009906628207,0.941299862569739,26,79.9440650138906,2.50429872668341,11.0815734805721,1.9139545802542
62.2604280417476,2.5090419969272,8.3386827020476,2.74372957225613,6,42.9865110687359,0.544581685730649,5.17154642726745,0.494673247477555
5.38949734760947,0.380612919848666,1.04937590811399,0.345099122358373,9,31.6153022414475,0.576815701361626,13.8182092267974,0.916829080528499
88.8962463823971,0.697022727761639,5.34136932868934,0.781246622187797,29,31.872804167478,0.892068072820818,2.35367618951141,0.413661872658774
204.769046054051,2.45276605585647,16.0763417159426,2.47442363404535,19,37.9334380714887,2.8128217829461,11.6050845556587,1.93563348974416
40.8959126574316,1.18099904858958,7.81421148131574,2.95673308249147,19,40.5491472655087,0.879762096105944,5.8962567167728,0.467516006664496
41.2112889529153,2.48297532722483,11.2582801065557,1.54127166242129,8,70.2638426181693,0.519474858254042,8.85861887586309,0.963006532687458
45.8324043899443,1.14140777623074,14.9754980453346,2.97346058026259,26,51.3834467678535,1.8426082395167,13.7154468139055,2.33860469900599
30.0631533708418,0.822904479321995,4.10182328760373,0.484622139374419,9,19.1946656514272,0.552167743355744,5.52117053925693,0.599584877263585
36.6780230604821,0.567290075437715,5.36220109873067,0.463152807120027,9,286.297225964063,2.08503291505277,15.1808768802464,2.57038557573669
79.0988619720675,0.729811543862147,2.04049499803189,0.400720654406732,16,33.3496697315165,1.72911781681892,7.10714730272346,1.1710573300508
96.5525643860207,0.957724668061699,5.10448430029372,0.683722312912712,13,17.8305883463414,0.975987484403269,1.04785645381243,0.338226275659309
44.3150612760117,1.26407622196321,14.801498063071,2.82438086787927,28,272.873645290786,2.57987592762666,15.8354796846185,1.80409264815297
34.7538900043365,0.525017626409646,9.6608494671744,0.765684198761075,18,35.3776498234444,0.926006720526848,6.15374956086324,0.561076507315044
48.8914975956652,2.13070073305214,13.5773810249134,1.24789534848073,18,14.8893610364274,0.447448092470928,5.23463451777599,0.968162175351028
125.030793517164,0.594516423162597,2.66061563225306,0.371975007475898,3,125.052118531456,0.61058355665812,5.39050488434356,0.525486384175053
27.0839977149335,0.933292000532993,5.31105536735365,0.608324204913897,5,67.1112623745646,1.57979747083436,16.7863547472565,2.1096082355996
21.7801645047135,0.514932374228635,6.27180366718242,0.621246365838022,28,21.6286799009405,0.511911093531733,7.52688373099675,0.778083417220672
85.5852203925649,2.36220860566111,15.0622033276835,1.40491606779341,26,131.165820552213,1.52072165036831,13.7700002057769,2.15372178593403
53.8275552608818,2.40087891996137,12.8466001526135,2.27564135641361,27,91.8532648623939,1.82512923757952,15.854706267566,1.91095331659018
46.146615753218,0.36811272198988,3.95969362872617,0.386007739874015,21,69.8377097666489,2.34446206292706,15.6891934652944,2.10811504505888
39.2088321421441,0.660930710230791,1.23196739304325,0.303390890461209,20,20.4665294149267,0.567876015527491,9.46657573591957,0.946754169653204
27.5791865085432,0.501274112627431,4.37561465300573,0.420221335553185,26,133.073536713083,0.938403435005595,10.8329469160609,0.830833172003559
32.5093658690342,0.737118122854981,10.2755455831143,0.911370397379939,10,27.7399205177367,0.640961227532742,6.86543989992025,0.798517613051207
31.8727956292512,0.657436784065734,12.1263087710353,0.853974914513911,4,18.2562589230542,0.420885278142843,9.78413282334535,0.818816382027491
29.6547736318132,1.48038353719298,9.14338447072086,1.77603861488521,27,61.9280025005733,1.11996944019599,11.1720099624499,2.18444387342427
161.104829601916,2.56690266192804,8.68371200410506,2.01784701180397,17,21.0394408984762,0.503811603122138,5.87998377417332,0.855342681444699
69.3658604375844,0.653052299101331,5.63518478455338,0.439149875604729,16,28.9281973146411,0.401229205931596,9.74347171644601,0.731166810629712
79.4055761027606,2.28456663063566,14.7097494762714,2.85701074616085,17,32.6118597480595,0.479799667450554,2.64512480065425,0.346698034058443
57.8338824568261,2.02238792686758,8.26997902638162,2.99777666265192,12,93.6333343229961,2.38313220743852,7.42836492039862,2.91667319100789
82.1503871293289,2.08454591042468,10.4371077388078,2.10480618946425,17,33.4953903140664,0.717420200873977,10.0862657744176,0.724158380020794
20.7415861395904,0.514858995764822,4.07729743651213,0.516384470882907,3,35.6735069848684,2.03614739970749,7.09055685288031,2.57973548993362
52.9365752498047,2.2047935182495,11.5245095967233,1.78628783030783,19,28.152030096026,1.11998991523126,6.4216891955845,1.90224825588324
42.2505092987076,1.7491339785589,10.8458644742292,2.52332217825077,12,30.3188060593779,2.00799069475272,7.20978963349835,1.14240650935553
139.561646178424,2.36880639459056,16.606135657944,2.11561645956453,29,47.8056650898653,1.66606435802931,9.35103336355472,1.5994056900673
28.4213272025626,2.7058817617283,6.37495639538536,1.79638674776996,25,47.4478971624631,1.44576215538423,9.98742047211053,2.16446774115282
55.2550743632609,0.718833489806837,6.91364907990945,0.515486776248667,4,138.992531739829,2.61386633709598,9.25029920221501,2.22733691839418
37.0237400352987,0.840246736013432,6.50421279022251,0.697025782435487,22,145.448020771724,2.217729321595,13.6111098388514,1.15433363167263
35.5318955743506,2.39341714992306,6.92415367554597,1.7940257985092,4,71.7370921455283,2.75017534887099,8.35566886968691,2.67833172264031
20.9980636264454,0.825113263199683,6.04579531221614,0.963752551535643,11,46.4549741028445,1.09349926586831,12.8787987853335,2.65273457527348
23.4000568090906,2.14194563775542,5.93955502900775,2.15678093794231,21,58.5950630117777,0.820349241741543,4.14018432487178,0.50577653989397
37.2556055793701,1.97367734913355,6.46597628869049,2.63355214606593,3,46.7506964614954,0.704277361311856,12.6057631447996,0.878171990848386
23.7220670427579,1.45022946976737,6.16069403746975,2.74634387027002,7,47.5299187323084,0.684673993270138,13.8340995029844,0.856461405450894
24.3149341121696,2.87169564680523,7.95282155458563,2.80092003703946,3,23.8788102971619,1.61685698064864,7.09376019716096,1.36142878099433
54.6983477697526,0.966855534037679,6.22892972484568,0.592811772365918,16,29.3679865385232,0.429191683630765,6.7712961512291,0.54268336495023
33.0222476167434,0.824388156896447,7.2897957480444,0.703995683877638,2,49.12451519427,2.1795560940381,15.3345454753666,2.81493381776981
24.6146939874384,2.30066426682916,6.00290271545553,1.04934001266284,3,27.3477038611268,2.24373963659982,5.49319050184359,1.05263386906542
79.8337283153901,2.00656297307746,13.2058370357141,2.94409553505609,19,34.7717794245439,1.61452093750111,9.05381968937027,2.76374908317944
36.2806893413373,2.51244552909026,11.9699179454877,2.34368953131686,5,45.8056555099412,0.860949478216499,3.36502792261464,0.448558090623265
87.6191948099407,1.67284178339357,10.8300798574357,1.30654532874223,4,52.0792164276068,0.960003298975961,8.38619633163694,0.713221607648297
23.5347893769956,0.799227521071107,4.41199225143883,0.781136145717487,20,224.056501003139,2.19219111182016,14.3796153558339,1.70791092427701
40.1492405918007,1.04451941191277,12.8147277050118,1.33258699477901,11,140.846395713005,2.32948763398182,12.4743189634065,2.80742432373821
41.3522548791012,2.06329783824289,12.7613211235297,1.17115638530673,13,42.4462575717503,1.84078784188622,10.7618164446415,1.1697899270077
54.7493933453207,1.00602797148252,9.63465299503737,2.38799623212689,8,153.438431730293,1.60017553869098,10.330106221765,1.67819493266542
31.1960241612358,0.440275531354654,7.61152902244924,0.535206748595129,20,46.8610358853771,2.53206768174291,13.6432034097235,1.51587414338319
38.7466673993277,0.588103535099893,9.15963695068974,0.94592726678931,21,24.9702288132767,1.63864629025299,6.30025636307374,2.02368860850902
35.8118838657436,0.611688894374931,14.2305408963873,0.918888877029412,12,31.7364383934875,0.804616158390209,3.99129803159915,0.643560249663077
137.327494715439,2.45135938092373,11.2558182795716,1.77588069975199,10,134.867715384341,2.01239730405075,16.2073245550451,2.0220383770359
78.4197635693245,2.25087754716019,14.3254252444624,1.47493335634276,12,54.2967555728143,2.28213605348282,6.21948486972859,1.6290499643497
64.7723717627873,0.743518596139836,6.63882083449614,0.870405846529679,23,5.01339798833985,0.360648215042798,5.20872147628885,0.85227674325656
40.3487765454005,0.954815104771434,12.7791530340878,0.91408388766027,14,23.3759772562453,0.430170065510107,14.4011140269469,0.995912848401514
66.8513234436106,0.693810851644394,9.25330137800967,0.73130806942283,24,10.4175565701464,0.367242223737446,1.25796593634182,0.309167858836728
41.0595937779559,2.89251547191183,10.8526509914856,1.06493479775505,20,87.1269315166454,0.799626541679973,5.1373563608205,0.446777660736559
22.6218759926439,0.54109658586387,4.40406850842021,0.446801045614666,8,8.90871846409888,0.31724364639531,10.8435643667358,0.660410938104658
81.0119596715397,1.51605565003641,13.2682930652882,1.37895654749668,10,45.7446495325038,0.639382847801982,9.4805904170403,0.763998737724638
24.5862669805673,0.634373005401677,8.23829260467294,0.799622618248411,30,21.9971111395663,1.22762995563993,5.99109462785378,1.35432268103939
43.5225995775937,0.600900216905155,10.2680481176144,0.617403986550737,21,141.382414788664,0.92830823570313,8.74790198978996,0.727205212364648
94.8996614347855,2.05436745689877,7.25920725598731,1.76384464457019,21,22.7360102415868,0.516632377162609,8.49136142925626,0.816307967996698
28.1115839229265,0.529278550117469,9.43627815958948,0.759111397023209,2,31.5923892367989,2.61605084003628,9.61511168466607,1.30662766106898
85.9923282642792,2.74092849901004,10.8926372067259,1.86769091665702,2,40.9779080282035,0.571996842019486,2.63869169668381,0.338735518147588
107.017936423282,1.24401989479596,8.50168846239053,2.432461889799,5,90.6932357355935,1.92455520338005,10.5323179605145,1.70299168623262
76.2028191072235,2.39374684229689,7.34554986218963,1.43821575366649,29,37.652886016743,0.752177667100126,12.3020576312073,0.8212503279544
6.47113348292275,0.326223549505268,5.29137798745455,0.441078636016048,24,34.5300495424346,2.38538566384762,7.78694616453688,2.00850407522316
92.8801457270695,2.34879206252016,16.8856164370926,2.48338013327645,14,17.3743527396851,0.348548793817109,4.29381350098082,0.67696190159522
36.2560442024672,1.87174269242705,11.6951271413314,2.55205924936446,18,21.6519945462143,0.463729249929847,1.97296749718342,0.388649046605525
14.6827410417933,0.395704679109987,3.94446438731451,0.485477918727021,17,41.9721389683467,2.6761618477134,6.85788237281607,1.0699723148922
40.9873616295975,0.922964665252017,3.11385071273071,0.38195599053702,26,101.068969043638,0.755755736928845,5.75749525652409,0.610077557887384
90.3710700068936,1.18314189905876,11.547641282371,1.51424340404173,26,14.2402869975242,0.444867054108779,7.42768273455609,0.777723551707941
29.14860055641,2.15507283629424,7.14719121984797,1.61914276690108,19,31.8910614212385,0.490473099729445,1.92588813283474,0.357928404807445
65.8211915421672,2.1914212835535,13.333829658564,2.30739480513316,5,33.6380723387452,2.83339559536451,8.5420170368356,2.67536026505713
89.2860478186367,2.96468193176931,14.9012283064634,2.55484467254627,5,60.6443346696273,1.44096923669333,9.61527556990603,1.79021192012362
32.7982999359682,0.993884055896606,4.91674468531636,0.521560650287729,18,26.1096464739173,0.616059572439522,6.81345719927111,0.672693908994612
125.525842755493,0.671961045790686,13.3852521241803,0.973263611621345,4,70.382501653795,2.71894712842627,14.2013222152201,2.99235525983188
12.901711266025,0.56413151767152,4.18348949417507,0.615564433745361,26,116.61710218746,0.609099236113204,2.38543894547559,0.342600297043577
67.0732667601803,2.6044934869533,13.6054674024436,2.6178518264031,11,103.432924616553,2.18834830684833,14.8486892887957,1.75599788311444
102.781269619097,0.614401299277629,8.46566854421111,0.621322702718011,1,75.6985913220935,2.4962489988925,6.44307477862683,2.6893289232173
74.6628326641095,2.26151882382936,16.3166248423928,2.35739216745027,25,27.8741310615875,0.854105530710924,6.95167794697936,0.961513421214896
22.5303777683818,0.459291389356498,11.9054332956295,0.888627219653902,29,5.11485373402705,0.342527601772737,1.61762736205608,0.39454537338973
131.908830819733,1.85633563638206,14.9686564406553,2.57123360755376,19,37.2388133158921,1.57183824935912,11.0609224445972,2.42023766879349
47.8787846029016,1.98788868825368,6.35093422341709,2.32647968991939,1,66.121335787992,0.984234154366147,5.33163700622055,0.4645084912822
61.1328511589746,0.898864400221185,7.7889873077769,0.578968382253482,12,28.4246345480007,0.56159045879588,11.287598327532,0.790805163842617
122.055856616549,2.69494079353824,12.3817487367657,2.52159811820919,19,18.6719473768901,0.401311169155675,2.42513098928576,0.379488637441077
185.39028022645,0.840719743761221,11.6546552543187,0.909843731782448,21,37.1318991276717,0.817822666053872,3.68055164431086,0.644334477007172
57.1360929286314,0.78251452809907,10.2389193240499,0.972125188106042,26,40.7777087244212,0.65438079057428,5.94351278365468,0.465325244413293
23.829710479308,0.643734585897267,6.58573920511198,0.95391742340835,15,60.7107986526161,0.709988220070478,7.02773464214149,0.733477472911874
69.7120023264392,1.86018804030599,15.4561733870583,1.88442593209986,19,90.4632864365173,0.870123932282844,9.94451284877165,0.806463741304119
69.4432270327471,0.940065657462186,6.4020044582308,0.461746617091567,28,33.4158274857928,0.875737738887374,3.64921341633863,0.579983046177749
229.574420814799,2.21989691910063,14.9032950857089,1.84772353531921,28,59.7532649505062,0.878923015998685,6.38991599385641,0.463644750563612
36.5956661840229,0.630528770190428,12.6415310547965,0.861330043314821,22,55.6769340447387,0.933485840868916,2.02788760719103,0.335790855538788
55.6254452303381,0.571346271858035,2.47327142045625,0.443470753514965,15,99.463532363613,0.845342281478554,6.43647773490628,0.963565217581914
63.6215540922424,1.93678585314556,14.8048621066024,1.71673228115493,19,226.430606147732,1.62200821386973,15.0677151193672,1.98211825454593
136.100399521332,1.82630901692295,16.1301926763962,1.59283319691297,4,144.120767483712,1.91324362357408,9.8379991536752,1.27913726671599
48.242693988809,2.92137373189842,12.8104516164691,2.64499975452234,21,31.1034502414036,1.47672314731167,10.4560430067112,2.93579244676117
71.3815228705623,0.876534043149432,6.23454324001201,0.601658338299564,19,29.3398860962683,2.36682265237351,7.3732894723296,2.3070775887555
43.9931867072145,0.9036941321976,10.3790795384822,0.787451418845533,18,33.441581085382,1.01727330870117,5.85123343713563,2.56124071220709
22.4078658220528,0.467116907157612,11.8627990507977,0.827232613237452,20,32.9197871556894,0.430774798689192,7.89209300663252,0.619264261930574
101.068644693045,1.62042501684205,6.45069947150301,1.39652363488548,30,63.6893271776033,0.566891872636581,2.02735691937451,0.381640003625935
81.3595961489203,0.929627139805207,3.57385246956394,0.591901315006716,28,128.627400427422,1.70916055736857,16.5700047099143,1.7296585502256
44.4714709859866,2.70208919167019,8.52205500694265,1.2423461013724,16,56.2773765752981,1.07662962942204,10.9808754041027,2.65258183230843
31.638410789911,0.511126870081481,5.82826617669017,0.83202085402573,24,53.3873197352532,0.741520851811483,7.24857724873947,0.880417342727147
72.6240791565409,1.30540528521368,9.9347851852357,1.76505970841979,1,51.6616939015844,0.724031681503421,2.97307376417133,0.462309439759596
19.5320456373958,0.425176823234413,1.6779519059095,0.408382508708177,18,18.4840897299426,0.366615142226825,6.26119223357229,0.702539286373955
6.11005988031582,0.343893650003723,7.02583637123773,0.587912582213699,15,54.1203279022088,2.07837618330612,12.738546600032,2.0948001783713
55.8008843116973,2.89030755451138,13.7265393814222,1.94729123991405,30,134.68012012829,1.79787521001994,12.3743670637097,1.39634799934284
50.7517666037412,0.547049396343284,6.51984407051766,0.916859938097358,3,58.6234084574255,1.63381728043748,15.6588332236375,2.84135421098067
68.419490291041,0.863068514478278,6.90255772922311,0.483118968835685,23,51.3483160490531,1.53476264150171,8.7796443201128,2.49406675353971
34.6823762531722,0.610529752174838,5.76212769289808,0.463792210969561,10,204.619196268798,2.76716315721654,14.262422198457,2.03912381623348
57.799901522764,1.41746926239058,8.26880025795662,2.45019484011835,17,56.6042639110251,2.37491970003422,7.61062379659048,1.80843731820397
44.0351706825748,2.07337188188984,8.50901224674967,1.49964729795435,16,90.4521998686484,0.61565667779518,3.89080434291925,0.50738424794458
57.1639069062441,2.54610345157878,11.1256229982709,2.49341174037953,20,81.279560070021,0.889048769022255,10.7284280138596,0.665078042549445
79.6949007595593,0.573729937778829,3.07995539002246,0.457289753661521,16,191.702396174818,0.760467790000322,3.34341415194279,0.37760686794197
17.8710904666896,0.533851191901141,6.65839027640417,0.591649123946048,17,50.1579261402664,0.669673826472738,5.16082212033225,0.899981001556006
7.27434051003122,0.440244321362906,5.61336187415396,0.908648742956678,8,35.6447436864493,0.484432915588075,6.19542239025252,0.577211910131502
5.45450111747218,0.360365363652768,6.01175359952543,0.677725058993883,7,41.8285279258274,1.68402912887051,7.84605550361836,1.52332962315115
53.3593534077777,0.850965771166914,3.43529530318462,0.416790004550254,13,5.23074113490993,0.343051947549272,4.57545208144639,0.758140895535853
29.4791268967367,2.58968538735334,8.99053577377985,2.78684921871039,18,47.587570603335,1.14073693653926,16.2590579102059,2.67911611608181
88.3440697309388,1.07541296605301,13.1443441468557,2.65335762528589,6,29.7426699168193,2.59885019398156,5.66023391083686,1.16745138572107
44.6681378911563,2.9488608334194,7.66148137919352,1.44628814373407,4,42.075723966827,2.18698703602269,9.40254339070004,1.56958173977226
44.3276292831968,0.932658840166083,9.35553569929657,0.620324331954908,16,47.9307959726169,2.37527706810215,15.2420037233815,1.30149677679443
29.8483101795689,0.430174677911979,1.59763578651364,0.31221803374038,23,19.3431954545031,0.520622987778166,1.8212115982624,0.370179705161302
24.9753468470581,0.306791801033324,6.4462285807928,0.509609026474995,6,77.9021645244542,2.27660657942563,9.94489975327777,2.43754109132768
28.5970449474427,0.572430989841219,2.8402307675374,0.356799344267819,9,11.7692718926306,0.340768356077529,11.3002540048724,0.770779468611785
16.2633261825868,0.399748132706883,9.15774229224743,0.584884714993307,16,58.2465750598977,1.69344835614268,15.4272303170193,2.40143419080031
41.720610133352,0.557065798364357,8.20451554025169,0.535339454917437,25,38.6749748331644,1.11796803520972,12.0367277327694,1.39114962029556
223.959144150479,2.31846545009446,12.5978747932113,1.55623379998066,26,26.4318673521553,2.78060477326635,8.11963987892534,1.14731759285232
123.453418272997,1.08637107240975,12.095107399878,2.84222935509075,12,38.3010470386151,1.53659384280682,12.8977202173131,2.15078163442102
7.42308784967269,0.332378652516862,9.52734121758818,0.878462404527237,12,36.1771992815281,0.679612468446923,14.4331303010253,0.968027772303187
149.155078383975,1.46989739259188,14.0682855614627,1.30270582897256,2,47.4866079083358,1.21047300768015,9.16994852809119,1.29285907214168
139.354863411902,2.7659370552891,12.3279573395861,2.60090371148953,24,93.8251988653346,1.1810213260252,14.7762068421029,2.69726885403706
114.0991578242,0.923304433941005,14.0578221608752,0.938484079682056,7,118.180801133216,2.03498594961624,9.62130590131367,1.60449113940196
14.0356672017882,0.328755835870723,6.17569946515621,0.490709227161693,27,76.5804740130832,2.21553071445267,15.8370001077491,2.82821353204317
11.9237778271646,0.427108148645032,3.06667107455359,0.547829061568951,10,41.6012660369662,0.706722221930623,6.40890909883863,0.59598592043685
52.395518593892,1.28765101361021,11.3238423609636,2.0905284640476,26,287.620989385872,2.56042013554654,16.7836648700427,2.86231066549495
77.7790590281039,1.07415379495659,5.89616391843464,2.56882454922642,2,38.5223767901632,0.903711820906062,4.99065982825106,0.629687940787544
9.32214229046194,0.36482615546858,11.1743360641194,0.841203185166587,27,25.1205605604805,2.87378766449854,7.55949507684419,1.60189883642904
38.012184381123,0.964306167273719,9.41314034171624,0.767283833609646,1,58.2884129505992,1.448931669282,11.6521227441555,2.52055324724023
46.4287849269936,0.717997278087401,6.96843385408129,0.656606524630776,1,51.7419365124041,2.19505086128975,6.88085059751687,2.01899977870521
42.9626505864372,0.714076157178352,11.9548211700089,0.941264694432827,2,103.308939200525,1.36191249958985,11.3141634933478,1.15943420989429
22.617317346332,0.482993186024566,6.94583842109733,0.942504389632631,4,50.8255232988469,0.905082281457726,5.96433365012374,0.787853893665044
30.2470276002196,0.888085799835166,8.71996380324503,0.876742717275421,24,61.0056427262112,0.688993665933015,6.03886163762756,0.465908922033836
23.8439872789168,2.63859429281382,5.66361305425524,1.16625918668141,13,86.1197188912562,1.11518723551614,9.1176008431902,2.9288813953522
28.3927540766437,0.583477894690812,7.59995179226674,0.63445242081369,29,52.5435550491307,1.48702891327568,8.28836495079304,1.56278112570757
165.050503949183,2.37746194352359,15.0550964845845,1.724700055592,8,48.9427647245379,2.6252982873654,8.45163610342695,2.76363166032425
63.1197656845823,2.51289753510956,11.2357375201415,2.03078426458339,14,88.7260054191515,1.44538151508836,6.37861708819607,1.26103466393275
100.006427580491,1.09786645390292,12.4226083593603,1.80247975328097,27,26.6095680770239,0.637958026136568,8.77836701116376,0.882512964898785
36.7988361140741,1.29137647784801,9.05929367801435,1.23859817253132,18,58.5064213575708,0.813577948435277,11.1908039272976,0.928510911893855
31.3101450723564,2.30507183027479,9.37007496135822,2.78953396871372,14,46.1379332513942,2.57810130312737,11.6648395780741,1.38113695622039
6.40022704255216,0.367676379653651,2.48302002004329,0.457478101653146,7,43.8592496375817,0.905160132294501,6.01087746309068,0.521039405506752
13.2897368979248,0.335075567328646,5.09274452765106,0.629218317175864,8,52.4649802054192,2.24787197210973,13.9150071813748,1.36928392330369
37.1828917140169,0.739346435601145,5.5718890550037,0.701455411221229,16,4.28968561007391,0.340856762607288,2.02966715685953,0.39561421909685
74.7669728806482,1.17667907558857,11.3607528352844,1.45743809330457,26,45.215367005783,1.66916288971084,7.42784496748499,1.43591134381692
83.2064684131913,0.528837367951888,7.91244311726461,0.585749513025188,10,37.9690599112172,0.695705801169049,12.1175640393545,0.910891860803066
47.7683224196231,0.476059224634177,12.332255610639,0.78220054399928,22,58.4696669946584,0.852075087514767,7.30923693495122,0.599619919255919
139.370748346886,2.46445796522761,12.5354077355545,1.01495143826166,17,11.8513419763153,0.349313199791933,5.21235907507136,0.444278892612618
44.6261917760285,0.60233622665731,4.53030291146743,0.54451451209109,4,20.4468239534564,0.730384713272557,7.54700647164206,0.949350720974542
45.4397365513717,0.653013349837722,3.26880727660582,0.526441396630046,23,79.6830365269719,0.532200769806875,13.1079278934181,0.867506734178837
26.7269604217378,0.460414769339778,3.46699620362947,0.369816941046515,4,83.8618485429662,1.25327541706297,14.0844733462717,2.8662602245857
39.9608592878671,2.89471710275131,9.03435692843724,1.91363280075499,14,56.4053627113955,2.79628674386003,15.1229194037029,2.60098891412899
101.256918825169,1.84394164957831,6.23020074320003,2.27840431929056,21,35.8820199418773,0.757257537023312,2.3905498953517,0.408811567060044
29.2307971575812,0.99447011556471,3.59195912440111,0.459917132156619,29,85.8669802831721,2.4464439132496,8.11804317330889,2.44951340967396
7.71850143940544,0.370008399364552,4.05105579924165,0.475650208471276,26,65.8452721042466,1.05518322592599,16.7924026959032,2.03984049532305
64.1829501625376,2.25083504340076,16.7754735901625,1.87604529110326,23,135.57174026931,1.87006239051082,14.7768551100574,1.27334196287978
29.3749460013723,0.77362598190644,3.89679311108583,0.430819890750733,25,182.560347485596,2.85214808588777,11.591144929369,1.03660603334127
68.9615018539585,1.6706706774649,13.3009694171092,2.91326012004777,7,28.9815439913605,0.482187279255757,3.34168931984123,0.409409647986804
33.1475410189903,0.833823374439851,3.93630017423307,0.432954135394019,14,63.0120442714338,1.68619467583106,15.5449011618827,1.99738961700622
10.1326513205422,0.363840809100807,11.7950828743624,0.892182777424193,10,51.1197743467908,0.767983119459923,7.63632674524304,0.927592873980282
51.4271666005414,2.5373059749713,8.89273329657681,1.93710327267541,7,36.7146702119541,1.00278953305918,8.94431856904789,1.2986530018317
36.4910789086886,0.84411338057125,5.47223392746718,0.953957120948171,1,32.7724696603529,0.705905084970239,12.0798655138732,0.99783886350838
83.4060568356099,2.0136794784296,14.4867670727322,2.65836330643711,23,93.996175731032,1.30801766114942,10.3981826070568,1.12424854095659
35.075116185895,0.587844771241863,9.20284572540046,0.774339846732574,20,48.3526714441427,2.11396657038332,12.2599082074937,1.83139281167799
21.2549148317985,0.44487849831019,6.37091797088658,0.474052297772099,27,17.3347979445227,0.412482867871408,2.86325263354004,0.358982972233109
118.230183186542,2.99880190680565,7.91431729577336,2.45782290218993,15,179.288730435284,0.923474954511872,9.39937034161876,0.688794178586345
28.5851813649449,1.47085749648394,9.04311991572308,1.19502117457922,18,137.491470822583,2.67959444257876,8.6759301569376,1.14131868144524
13.5491273760651,0.418091852425418,6.07980850954722,0.967417115416898,27,46.7413250558381,1.34797828987423,15.2060578523957,2.32717935868166
41.4409098702796,2.5489875936291,12.4837700379193,1.62659715034476,11,51.8198420251239,2.09464009783029,6.23076467032327,1.17188884152633
50.5010874478887,0.961577542015663,12.2415354646,0.76334689921776,15,51.7467122517546,0.507587564955166,3.55519479556345,0.410753146471107
24.86398445339,0.566695098658264,10.2819231940539,0.892500434400418,23,122.664770028259,1.51320995247565,14.2436491182568,2.8738026578563
19.5155960990751,0.439604596000688,3.88358976049054,0.447878228926605,15,16.6382102618164,1.31955349482238,5.72985261761942,2.24959196961674
46.6704327331536,2.3528650629741,14.5732644538497,1.18537141025713,5,26.6987948402254,1.99861897764852,6.24621313177237,2.63209535351662
20.9834280104874,0.356921359785222,2.53460175695806,0.341821718766938,27,156.32375505318,0.654669899702411,1.50257210642025,0.311650190893002
189.281102789161,1.92189035224072,16.354307741535,2.38840916409586,28,16.9771191564855,0.315206603871455,11.0683184666749,0.864463281941763
14.4706715877433,0.428639162287812,6.35866810195102,0.59904357445178,2,143.741883741217,1.34703900997095,15.3794048035655,1.40539317755876
46.4753583367767,1.57729889732074,8.90604293648362,2.69608790872313,7,28.8309037841802,0.43522158229603,4.43210207625582,0.434617112972799
70.1633096357857,2.86416269907788,15.2251979822083,1.67401220593665,6,26.6651422587604,0.449853270914632,3.37554338193929,0.384800847124064
73.872646420164,0.903167993386439,13.6545499001081,0.839390057890015,1,33.3363574768476,0.542938616483637,7.17510596834552,0.522687283374712
25.7652447408819,1.13236210216578,6.63149221469448,2.95152671020561,2,158.950711168238,1.37789608493665,16.5352971398073,1.87849289072797
60.0185998878249,0.876770589194456,6.52567024542842,0.590309325544117,5,18.7900659531987,0.592808823342159,7.30253940609198,0.894229121786655
32.137765003852,0.675235038461098,4.02272830395226,0.590361147103941,13,29.5768462556875,0.940932436158,5.2005186470679,0.763559237595504
79.096085872334,0.582070289803607,12.6882375822736,0.819179714750957,25,28.8055586962873,2.95625720320071,7.7652849285591,2.36488624452794
145.961813119698,1.7060131106566,15.1415908098659,1.63639761415056,26,6.72228165153947,0.312076287469691,9.6687523332454,0.760863972317025
66.0335637480247,2.87431601849258,15.6492448188385,2.07245404042261,26,42.2701045752982,1.76664799164194,6.6185380275295,2.61664288009659
15.7612922035195,0.49609212802385,3.89102248252385,0.540655494953093,10,50.6459952094111,0.623473884528668,6.0089381293583,0.962070563566455
58.1335679780054,1.93068658725457,6.49809254641562,2.72397092640288,19,50.713528743259,0.92285651560467,3.49147996010605,0.367222858570105
84.5033935155805,1.45902318402554,15.0719039212819,1.58428987335939,6,65.3335598234221,1.47809014416353,16.6596814358583,2.07968921273749
47.9317931925944,2.2442880807975,12.0175047428266,1.86503075354193,20,26.6082058391877,2.24750704667346,6.86494887017939,1.41617108607911
6.58291805157763,0.377912212637589,8.32496294924265,0.952791644645019,26,54.5814905170176,1.67729223516775,16.4206152375648,1.6678133838948
34.1796882033722,2.02130866355255,10.6259107230438,2.32096501766615,19,57.6642077013443,2.86622643339528,11.0715453826195,2.09187481213479
49.419484794418,2.9952075625779,15.4008711352439,2.78778320564471,5,40.0858117530573,0.760622868553552,8.54641762510825,0.989600850237013
12.6242959238079,0.425632546975374,1.99562862966767,0.34211290302206,26,76.0939816948598,2.5115448835472,10.5039997496569,2.78632340750476
78.4822778035593,0.743291462869115,2.97062774653074,0.368781917586495,30,44.0789621691334,0.685767554945089,1.00365521943257,0.306525232334015
8.83626234317352,0.386478211817007,8.41211180296401,0.975134758130717,6,54.6173506989423,2.46834785717982,12.2117240499725,2.96784540015019
124.755204394367,1.99173978646997,8.00932152805825,1.78846720903234,5,74.6698427953848,1.6355076639311,13.1528301798185,1.50602373244402
117.230253606227,2.43576057314615,9.26519494967572,1.35722181916382,22,56.3675388407534,0.677334543934439,12.9317652995647,0.873213339356502
43.7227835253392,1.39569486560757,10.117724453524,1.38738248852201,28,79.4932032327746,0.582369050711826,3.29773000531401,0.477688447563866
90.2727591550047,0.784399506701551,5.6851533322437,0.796871627180271,3,26.2904517987833,1.22659262817565,7.36725687938436,1.98991288799195
16.2529563967683,0.476046426510936,1.17184470469804,0.361886173833242,4,37.5511421089712,0.666607593030452,10.4181608810725,0.786568747687946
24.6044970110481,0.722566168658637,0.911121131803719,0.310420843545712,17,44.7347844424385,1.65745239810592,6.35343532314787,2.84583910575911
107.461331915694,0.782120922464804,13.7989822029938,0.893169045549362,19,93.1498944001537,0.707247754660316,8.87243702863673,0.621551648285758
11.6450155594585,0.331986903550581,2.06209757893231,0.374637540675292,5,42.7808794338905,0.785270207117005,3.18434567106897,0.435037345928103
39.8149786969612,0.839702026979523,6.05958754839952,0.497459095422575,6,37.2517469376176,0.641170505351994,2.07421265275185,0.353696850969842
11.3165653398688,0.376717876137536,13.4593851926268,0.878479732970622,10,22.0724862444053,0.743260236726868,5.10611253030462,0.718413059241204
28.2163120680943,0.90576924829621,4.64652806685296,0.548643399861767,25,17.855437820261,0.519129967288247,2.14095553283558,0.356016635248178
100.715084640201,1.57726490441015,10.2340640751673,1.71449687235666,22,4.61792440232348,0.30500786817002,2.06902422476819,0.342493334957123
17.1559666183728,0.756914281187786,4.64237690073865,0.688982361864552,19,81.0329790026958,2.9619767987889,15.62335798154,1.57400358469466
33.6868053498909,1.15939285557644,10.0398563151077,1.1863994276446,26,28.0326435748371,0.815185310821894,9.25077608263606,0.881259100384548
24.4470178978578,0.519245739886405,6.73052933289117,0.649385181878803,7,37.0848058211145,2.92532657538692,8.08508469327877,1.21347717868748
188.859291470871,2.05879966972348,11.7147334195627,1.46392890756996,4,114.757235345134,1.06009131727448,11.1687407882718,1.31511500908671
65.0858787917174,1.47495937074446,15.5683209276707,1.27323964707884,4,42.5465993377359,2.78745164993514,12.0177745204289,2.53115928282268
20.0943450183819,0.840611281650538,2.87438666800366,0.540948934775386,29,68.5943402745865,2.3710232851262,11.9401264207625,1.39600326202709
40.8695737595817,0.68579066065206,7.26654343501392,0.602033389913874,29,128.943733611031,2.45768077759101,14.8321319229532,1.50851067348767
19.4458308666758,2.77087178193837,6.22195524764589,2.16017214784143,15,32.6930551285128,1.77326075773711,9.05792448742455,2.95944346751124
180.956256346347,1.45561172140446,12.7201858482639,1.13161903724319,12,86.6084820376875,0.750921405224321,8.45059049734703,0.94527753427797
101.31668784284,0.870482214709775,1.70499321542615,0.325097761293756,28,32.8165232386341,1.94002171928286,8.01213460659931,1.76271068564807
25.94701175314,0.533753119445772,4.61394718105406,0.506459886956142,3,75.6483809630569,0.627572502308773,9.04325938312281,0.563728484484626
25.9979470843271,0.853070816442821,5.14135003339698,0.935568703362444,1,43.5200476852129,0.796321917281763,7.84959485717565,0.708018342843194
39.9881021615058,1.55887470715429,7.38039892100316,1.21573633416053,2,34.5471417199379,2.11973031755688,6.70660116176441,1.94639699457511
37.5855909336948,0.78193765679255,2.90195367009288,0.391378000671754,1,95.0325872436925,2.85432564615439,13.0022114070242,1.48067167123482
72.8921186984269,2.01601592562791,11.1035003445954,2.45483991544105,7,114.628002224671,1.77632158304039,16.4746248217908,2.20548513906748
73.0666478819639,0.896380164323665,6.82247891663527,0.498531294387761,10,80.6634796104861,1.92876390623323,14.66334009341,1.33791054792159
100.006067570564,2.70584269055669,12.5203599835165,1.78624319318498,30,85.3605282957025,2.35319571092681,6.62811085398448,1.57426160472021
86.8487109268738,2.08811844525339,10.7072374129464,2.74005340711274,15,32.188364312722,0.556810035651876,7.32305822354426,0.913604842329667
29.8024544210487,0.917859551654013,3.92169517156446,0.690102227651434,9,187.057577732603,1.22784080757774,15.3272123317409,2.12677182645502
85.0505803114501,0.799970701561338,3.32085764230334,0.418711654819703,4,37.7358407516987,0.474827048133256,1.16973674711613,0.339390289025363
7.91869673138393,0.302399939212807,8.34319721974892,0.644471947059063,2,47.4162700205906,0.54199922357944,11.9341146975299,0.804400966208571
21.5301300190023,0.876023504768482,7.329583262929,0.971945340876076,25,149.25974734182,2.9040246827574,9.43016608161843,1.50330864460532
174.468316799068,2.07650905383245,13.8295072769235,1.77491652590995,30,52.3921143115519,0.867071252108905,10.2078353951381,0.845088732272755
29.8196923577299,0.877535341158392,5.23543574657465,0.707018926139299,22,62.0724742408734,2.32094897854354,15.4716207307258,1.81050725731865
53.1336951544706,2.37856536676053,11.3862226522064,2.95878786776881,26,55.1939639847683,1.49992089338446,16.1171071391605,2.36284800402453
129.570000765608,0.879807486015328,10.0732735843427,0.803154996181901,6,31.7700660567547,0.684715022339451,4.05264010705149,0.475129830651751
22.062362348914,0.485583607296603,5.01534536201499,0.472677401479008,21,190.525157203657,2.48291662773087,12.1458190576004,2.84318291299065
46.2293666838049,2.66726434034853,14.1788298821181,1.6792888208026,4,18.6466216193201,0.738774813711001,5.78577833467774,0.806530366123792
214.09616365255,0.962163129112823,8.87116543700902,0.584870517103005,6,20.1880101718348,2.89063497761826,6.01042237115395,1.55700989225749
73.1730540135132,1.81151628129991,12.0737755900006,1.5213035005671,26,7.18761004957793,0.329159983822245,5.53218197255553,0.616378897428624
121.803553322036,1.9176751662773,11.1746809404283,2.17368191410545,29,149.282176117154,2.66469995010992,15.0624528043482,1.63716558582869
233.565988311314,1.31115069808958,15.2405463869266,1.98212637502226,6,118.824318757282,2.11818427262777,10.2871333859799,1.65553497028249
26.1796795946361,1.23221010813679,6.05691972111194,2.71963392932501,10,16.8095975468383,0.673960083790387,4.18181969741529,0.713232353581885
54.5433631143849,1.71100523838443,9.07077440824075,1.71768026990133,17,151.117456174515,1.82684547505231,16.7636117509542,2.40923760663034
75.7007168803744,0.637181613695045,2.46679682539603,0.332636514605136,12,87.980600726681,2.13216627877146,16.840621393959,2.58909097155882
32.1086393053617,1.36248439830981,6.75288427402252,1.39567798314861,16,44.8063738446851,0.766747513782979,12.0115063028817,0.801348316471944
38.8950522301672,0.710285109454623,9.81532387367661,0.830289390946022,1,203.995012750626,1.85893774838327,11.441257855912,1.27051730308074
117.188954431543,2.02125595749355,15.3731730663116,2.3564420917182,11,17.5663984652428,0.481219775235974,5.92067731864583,0.571315035221352
38.6803318795167,0.513759604169513,4.38750695103405,0.586583047700175,10,27.4712266500892,0.816585424341085,1.62993430084389,0.394039212412398
175.615221443992,0.658880206715745,13.4991870105867,0.973703364197304,15,187.84866543837,2.73115522989798,12.9342306014719,2.44235981323813
78.0603162941713,1.35980094155087,16.4725460834125,2.81138127791112,24,36.714392290972,0.796233018527987,1.635697224815,0.386613384722013
131.246888095848,2.39763858974546,14.3528599686994,2.94631529209402,13,44.0727984015033,0.613612139740641,5.20617135996828,0.654638316997583
31.430816765861,1.63135407062419,10.4510628747162,2.84662398975148,14,108.907827223774,0.523702972984497,12.3696114361736,0.915710081329899
65.2116874744478,0.68679177295239,12.751948040702,0.970937101374877,30,81.608720526724,2.0182791226305,8.36660160513139,2.76742951160325
121.756983796952,0.944968527842922,4.37536822586086,0.56689304422933,6,16.0637808677725,0.439274479774165,4.11610396210094,0.408443112052612
43.3783210163699,0.592550738904176,10.0165352362983,0.775773189757464,14,97.8688514741594,0.77733505282704,10.4590755307499,0.641921420957029
42.6504784274472,2.89896704951917,9.43763166048867,2.17491424755365,17,47.8551401825817,0.59241490055965,9.89170703916237,0.856072780785726
62.0614280310819,0.79298238468456,6.97972162154196,0.541989623023974,27,68.6759682989157,2.06548100395229,14.2791455229496,1.4354655030849
43.0554036818792,1.76634968015556,12.0018808037799,2.89959962701512,5,68.4281914590399,0.612080242604332,6.26568029680545,0.495267277564032
50.8664178428921,0.668608788584112,4.23103479460975,0.409672592989175,17,104.544193301886,1.27922145516218,11.2449622733689,1.58892206311273
61.2303348688731,2.94519585499045,10.2467127053603,1.41209008774421,28,69.6658424487053,0.698994080954174,2.95989065262514,0.424500043210988
32.0233524259057,2.10605023433398,7.65921411844311,1.82879463138162,25,65.4922116756644,2.9391817311497,5.59779835902006,1.21549741275948
39.2001273165813,0.657556760914509,13.5089383131162,0.918984682680317,4,73.6261588573583,1.71935615621844,15.7240753132009,1.76542639756427
57.1351804673042,1.595609032817,14.6324830514024,1.07411508670184,10,5.667978273973,0.304786185870541,2.1738295034843,0.321749027290818
64.5767697484199,0.44479089651107,9.45775909287354,0.931301313475165,11,40.8596305486223,0.645432539995455,9.4826734493923,0.931651137222142
86.0940590346966,0.890816555560771,3.10983820532629,0.437651613541211,5,97.986898186968,1.22958199487951,14.4695903908122,2.32058252376624
67.2289909651101,1.28717504392788,8.92630807616258,1.63386058346685,11,39.1350467621205,0.81849718955449,1.15961774667785,0.3579879678524
31.8537156960026,0.665132811657834,4.64983699637034,0.664447831957576,24,60.2276269942854,0.897611703215073,10.0002522479665,0.972656233035253
23.3950008491048,0.432968777087436,7.52185439100576,0.821078315364565,25,30.8867618926905,0.474694413265368,1.6634698299279,0.385350258481294
123.480718032807,1.55769285972216,14.7136319077524,2.93399470220802,4,189.714220451049,2.49491520276115,12.0963613976434,1.40655459482097
177.428733754682,1.40222598612374,15.394047519992,2.81395923424646,9,47.5871127846988,1.71542878490626,12.3275878788152,1.15202493074086
13.6854812309819,0.322918325990614,7.2087914324774,0.560520036660021,4,57.4038482677485,2.02249526694074,15.7488660995098,1.9206781399237
150.44839192968,1.67506171395993,11.5818400663233,1.62271524127269,22,114.472375915859,1.74869698617673,8.35792092557359,2.21603064492505
4.96726000176883,0.344575398341267,6.27751329461561,0.691679155768901,26,61.5273249721183,2.98462736906388,16.2422802515307,2.00367033685876
66.7954969638872,0.803356864588747,9.43075223253664,0.756351741939212,22,17.5771419353903,2.90967356011631,5.78147373908222,1.81463502107374
67.2059302405075,0.61254238369171,10.5302253432458,0.737883105435467,18,26.7231925210764,2.48689691560693,7.09698742952838,2.04340530914804
53.3713189055813,1.4027517499388,14.9012145930755,2.60277955729719,15,18.7968975370197,1.48227478083899,5.93714467237599,2.16730382368588
199.726479539428,1.92112199686506,13.7384988245806,2.84157218137333,18,53.1103007368862,0.733887204411622,8.1525469982783,0.679131434766357
36.5740365878145,2.69527349234665,9.85283699718761,1.71045982493528,6,114.344858730523,1.12753214684977,12.0346535831089,2.84601742281215
94.8212155003093,2.31130660168994,16.1403435863958,2.73475949541065,14,30.8889792100432,0.42435059164662,9.25875204144862,0.667437326540303
52.2681633012567,2.41829721480898,14.3364240062888,2.29590493291052,21,24.8570456159563,0.644627559786656,3.57841478863113,0.441517700131984
134.231880659648,2.60955013449314,7.73212804032035,1.56384420326936,5,83.0891223085477,0.816174569209006,5.30154113266624,0.594273312587766
241.596163431691,1.91179189130341,13.5707466557292,1.73363009905181,21,50.5216331399805,0.901228734195141,13.3329786522555,0.874714027416266
45.7607608294037,1.92261191750622,13.6279601945206,2.58975676920878,22,47.2171562486654,2.67115820367291,12.0538670139693,2.97013773104907
70.2970768810619,2.23181729443281,12.1892066060319,2.22614722510823,15,36.3987681848156,0.79762812226151,9.42641892529108,0.681609786429139
69.7431130864909,1.63013665535493,12.4857003669588,1.27613228228777,1,46.6872010898639,2.98860907004464,14.6012356976682,2.18861391409706
40.5697828699743,1.3512329105727,5.90183967835535,2.4554196006916,13,47.3219458774793,2.51479131559882,9.67157899942547,1.81985386818753
109.602434263181,0.556062313426438,6.19228306440202,0.467838111120338,18,60.2328149762276,1.42115977358638,10.9934845504667,1.75310118463634
126.66515287985,1.24244233123824,11.9424507500476,1.4341965883209,27,37.0905444675969,2.44110930088625,10.0356162537998,2.94494681428936
38.0747624348558,2.79068763680206,11.9299687967907,1.66674280181688,17,23.239437780071,0.553012123504902,5.12848569491395,0.870309777647772
54.4200481301266,2.67154666220874,10.4349204752604,1.86823097309249,8,81.8423911958236,2.22713895234039,6.70484396495967,1.29800883504228
74.5997649870752,1.44317475691273,15.9096724574836,2.50182792550306,6,62.3000239474687,0.897289263747294,6.99122048243894,0.502758162968556
41.2224603578102,0.616289518477369,10.0458823413461,0.796435491582999,3,16.5541681211063,0.486626982637571,5.24959726741792,0.581768724506054
63.3146121505931,1.30498731039219,8.62806638187397,2.66637528587935,4,24.5464376702078,0.50591180312984,8.32503329206081,0.623360813067566
39.8444402679519,0.532268777396293,11.2945101418466,0.752106347133872,27,30.8164861941223,0.740423560652541,9.93496377654783,0.857686034278409
78.2182417544981,1.34228366413922,5.76414381586603,2.99701095368743,5,13.3531691556317,0.379639345741804,3.06867888743139,0.455330190490496
36.501074424794,2.41133620539186,6.92809350566171,1.10896326319129,7,46.6990210133206,1.61567022360376,14.5120990460127,1.12680180844639
23.4638106524592,2.49290525482798,6.42348407137749,1.0480189380447,11,9.74755344978671,0.330473748183452,5.7153050906958,0.510568041435425
4.03485731171889,0.317357111017199,6.5462674311614,0.74780062294629,20,20.0913811501818,0.891057573265785,4.80371647441531,0.833068497223216
17.7615146115781,0.421181703441134,1.4446456277923,0.347546994230957,7,54.7023331342448,0.436341104306634,11.3246108858865,0.876654374386883
44.5409034055984,0.648308282254877,8.09769825364745,0.704098073476327,20,61.4224103560653,2.62743292509084,14.2692205010088,1.00259011366903
132.399703960816,1.66506546954617,10.8874719780992,1.71497577058015,14,14.3199870244311,0.571932563602615,0.734658424515946,0.309126105209471
112.984168325481,1.24881676958865,15.4049220831795,2.18979619002405,19,84.3816932529808,1.39047252336851,14.7388987121178,2.24486124149258
48.1204357534875,2.03495801268897,11.1135240446396,1.52944613982098,22,48.1742583263558,0.771875551509527,3.92437041431513,0.572061745194257
147.946299816204,2.93751761344675,13.3693269651942,2.24971368706243,21,64.0791851327581,1.22365172251611,14.8280231002188,2.18299569205185
40.6929496487509,0.79824161221197,5.92971275114039,0.862971923861433,25,218.530042326021,0.9733279398435,11.5344972755691,0.716516279881814
58.1717525720979,1.34236905076622,7.15371953186511,2.57540734403221,13,38.3962931542278,0.679147328661286,10.5637848264996,0.990219862097399
25.1100482108208,2.02620205407829,7.11203414124308,2.07286852597918,5,138.019410720585,2.66149545891261,12.9958734826352,1.63602047855256
205.348170599548,1.08714159156792,15.1394306375401,1.3101245142644,2,59.5927676124161,0.424347823309939,12.2707873209234,0.958484036097325
35.0683571156381,2.62167365200058,8.57592006751064,1.17825158646093,6,15.8186528156166,0.452182078868957,3.68441353635806,0.431245771271221
47.4267586648649,0.946264244040006,10.2847268736457,0.685105717941099,22,13.174998230967,0.390299031493089,10.6984732921312,0.844192455301576
65.4032152350078,2.67608934133304,11.7501346463354,1.84706761247787,19,47.2326546079365,1.24583192651773,12.5623773410327,2.31846317951627
45.329150055141,2.87592135084466,13.8954384393892,2.9953910463093,26,157.412984037848,0.796950383628277,10.5146678849775,0.633821096869002
17.9853287481588,0.410755705082503,6.19565039045611,0.464254626176872,16,34.7281445299451,0.675914282872752,7.92853989171203,0.866190235672166
36.3504414088783,2.95636792727327,11.6946610525924,2.74833302203977,18,60.1179228613245,2.12414622311091,12.3173867742457,1.48725700718493
43.2568403009862,0.761234046667252,8.00436344061149,0.527794196656737,21,42.9809638527798,2.07723461980147,10.7483049246817,1.24180193864393
133.319854500042,1.28686899162254,13.2162521292235,1.52860660130024,5,26.006101579006,1.06937146061161,6.73593590240033,2.281732341937
76.8297548726283,1.68865157139288,9.64252712104486,1.598728605796,29,73.6909732612582,1.73223202712761,8.08740546465608,2.14646472934183
36.7371587191743,2.78993564459378,10.1100837947819,1.77821652659426,20,43.5680501606476,0.947425638786009,4.52106524992992,0.621342670713865
77.5357821947623,2.96549841390379,15.5972831796044,2.19781465715637,1,9.85972126384585,0.395923609181329,4.24815586227225,0.483141676740756
69.5626447755757,0.686374321538844,9.83561953683524,0.735487271589909,21,42.2389522653311,0.837220960972053,3.41942069694441,0.405616231253724
90.2710690438631,0.833408393264428,13.8760064706808,0.951180383213799,27,61.729079036546,0.984806190339008,4.81325289942978,0.494704098782269
33.1706404504749,2.15366868259125,9.8574380704403,1.39674036608065,11,32.4892676402917,0.574488462744246,7.02114014348824,0.803462587956264
40.0273217244954,2.3903350969519,5.73870063640887,1.21455088793155,4,36.6208344824587,2.92595902416791,7.3974848141779,1.00287048586033
29.1017706031683,0.412205190533547,8.38225933106299,0.557233701723617,3,105.463515908159,2.11136519977322,15.9458675496025,1.75558660691788
60.2218467148759,0.607587863888609,7.4421431804857,0.646358489126454,21,91.7980372242374,0.767003688818644,1.05722767992619,0.342702402238937
30.8037893064143,0.741486841591033,5.45267075466093,0.860979673698122,2,29.429483209062,1.22536466375226,7.9572158513621,2.57741193977864
156.386364665431,2.32151672405519,15.3342659460585,2.99764335467891,18,51.2871222529263,0.94262266235684,9.6697851297803,0.900787565751469
53.9465716098337,0.78937153512678,10.4874741553117,0.770112142082652,1,51.6704958034848,0.773364899860798,4.30600791711484,0.534287449918759
26.5512004247423,2.95848341814904,8.49007995864271,2.08532181027528,4,36.6999128596231,0.692777858342312,11.1569052875089,0.889634959384551
65.0033827933145,0.708932476408944,11.3909224757971,0.742457804800209,20,171.543492743327,0.752822821971449,1.9153305576892,0.324886099334319
50.0781988817922,2.44278458655322,8.4812908689268,1.09476783766421,7,86.1547166133228,2.31467278478333,9.64857095169455,1.77510600186852
16.6076897453664,0.336660473061208,8.00955874272873,0.646601870973702,2,66.7135675677689,2.09529719981082,15.1284075891554,2.91909703474112
46.7190932165604,1.0237203869862,12.80587650989,1.81550719754799,8,82.9235022151495,0.499992611091589,8.12273321101988,0.728550871385739
35.739811896348,0.633629085983104,2.78332789085373,0.403265560207442,12,14.2084315253352,0.352713755881881,9.51838210668429,0.632845364220565
60.3251881891805,0.779563186948869,5.37388520001916,0.655820209403005,9,67.6185796083742,0.602680239827752,1.7519104404829,0.365831998178793
73.0548988356739,2.15706446371625,7.09883203615404,1.96814690696569,8,68.1398927554181,0.841533317152539,6.52190733029632,0.483843954664112
50.8587633797437,2.50814711288496,9.67488772841958,1.89791522985677,9,28.5421332738533,0.493711848297524,9.09151014651824,0.868512648701746
14.4580226329041,0.480742476946099,3.28254393969266,0.457225375740234,13,6.15821453994452,0.44636465901503,4.55008104637028,0.805466327258113
46.6471220295458,0.59065539110016,11.723969165959,0.727052739809287,24,41.3033985881486,0.412885251807328,7.13917610349011,0.592927860287499
48.1670327279558,0.929748094650851,10.5283301173694,0.881488431212757,24,124.913461839559,1.86584959191238,16.5408581241156,1.90345673225899
57.3212722810476,0.675112565435233,6.20876881307556,0.693029835755032,10,40.5483770378046,2.0158451030578,10.693418737147,2.91856159252848
86.5173529629957,1.3676664272601,8.48461253794129,2.33429437498241,25,26.7771684844923,0.996154702793151,5.06916791406041,0.584007222427036
90.2870022412103,0.907818636851805,4.30162689833557,0.702343450670378,20,59.4795500600955,2.69954752410011,10.0568357816436,2.17407907983559
95.1820739605051,0.499234646259353,11.4122291088864,0.827577284193165,22,45.1371038791265,0.810083948212185,10.0548375093675,0.648468042009373
98.2530915700295,2.03235252914252,5.64847444186111,1.98454664560428,16,21.6201883723399,1.31983110131273,5.8907997834993,2.05310151121612
9.04326468089177,0.374985593807991,5.79479672536472,0.84780985098441,1,153.292038810501,0.685250904485519,10.9584148181569,0.658122481079971
18.3948044178419,0.536577752332047,8.82041643770065,0.973193406234562,6,32.1851094797373,0.333480234078302,12.2551570920667,0.829009028969045
65.0397150067698,0.914132975565186,0.704961803501712,0.306962003809363,23,108.370707586984,2.02525387846597,14.0419599275563,1.47359109761789
57.3745014668862,0.356817529408321,2.64316943325564,0.34092061775063,17,38.5340655362299,2.20008234319126,10.1606803165435,2.82996821721854
46.973787281936,0.685520395048431,2.8901036243524,0.489807758608434,16,35.6260110725602,2.1664580351629,7.71813203275149,1.57086589144296
108.23824665497,2.91553274227376,14.8107250114716,2.38373472555581,20,99.8571945623247,2.1002206957666,16.6113506389215,1.63325136235578
21.4050667533598,0.498032501659183,6.44114092083312,0.684360675412483,9,34.9682838872474,1.66895364199115,9.21960964847688,1.20435851356303
69.9806316228837,2.78740418202751,12.7246037587306,1.79138095652688,17,32.5687200670127,0.60816763352675,8.99184429619332,0.741391088486784
42.0539143342935,0.78217380533564,4.60474452360256,0.622092227070057,30,51.029896948015,0.543859622090618,8.24153413270104,0.797963728772182
46.9294884479329,2.74629775481954,9.26074832115829,1.95462467605673,2,143.676868620333,1.54185716766124,12.1733066718079,1.32077037104108
20.8231547729839,0.428329989762131,6.63707012347246,0.507280539428254,22,29.8947712275595,1.34352018318575,10.2033053506004,2.06840073346996
106.921856107911,1.85583650187845,7.00747699949386,1.45048232753554,2,57.3405007926596,2.05775190803845,8.82320517414159,1.21489430783154
42.6179548911281,2.32182703246076,8.41627518768566,1.71874449883772,4,53.8256900540914,0.726630487539053,6.76379608965409,0.973405790791829
165.289752201624,2.16448504608225,10.3099133355578,1.8875177423623,17,123.477639837411,1.76349595275717,15.1347097503199,2.26945818490986
16.5530399389396,0.499968182887142,2.76356430901266,0.447169574277239,23,62.7098952254752,0.722729825771932,8.37680043860662,0.597123679721186
63.0262067390249,0.939353018830326,7.66685747339971,0.930284212082143,4,10.940268936993,0.354068648501178,9.94380165741088,0.603965385221652
35.6554562543067,0.532469124958082,6.42437697105712,0.944056591456996,23,27.0652779614527,1.03036042218269,7.47862230798185,2.88428531874612
67.0500625834205,0.838522768760796,9.49369319706818,0.591964494423733,28,46.587249192132,0.40705016710536,11.8709829908228,0.895939534351597
177.394344163624,2.11309786528141,14.2621336253232,2.50192526294812,24,47.3938163505024,2.47346520779889,8.6802301890894,1.20049755740971
18.1921274896661,0.450090299878578,7.80586637460087,0.597358240918313,16,68.0826570167673,0.826236481057892,6.61215403588495,0.598210075206178
60.3966396467863,1.73323569876184,15.2477778580394,1.723842137364,12,33.633500997,0.629543448935726,5.92199384933518,0.501988663395099
40.484926089326,1.63483677400454,10.0617255292538,1.18020823072572,13,29.7559338823875,0.405910884737503,2.02791258026897,0.368574170790199
50.1273680636115,2.79532790541388,14.8613709919739,1.37908624524823,10,14.5575681788382,0.461076068461086,5.9956683686522,0.679658014100398
47.9090045781038,0.591873623016317,2.28551677734623,0.385973460985392,8,91.1476747520061,1.58837257922947,12.5218732894752,2.99613576786299
64.3806119578305,2.01554402169282,10.3496938693528,2.24341010501334,24,85.0442163097077,2.08794043495542,16.4655466978015,2.86591242281203
34.8304274227021,1.88043826884685,7.44826623339107,2.71632262855296,23,149.554790550042,2.82156726338233,9.62087511970304,1.78895626944714
81.0115881490116,2.34621545505732,6.42011354769965,2.35465398828756,26,13.8699329798763,0.361690645002241,6.08064667338939,0.530522525068401
50.9623053524847,1.3937943846787,9.48848115117589,2.65763218819544,11,33.5143095799416,1.88946628726032,6.12990457448085,2.77595451906326
53.3375364152674,0.61084745054787,11.0493273614707,0.703054835383621,17,3.2026864265753,0.318507325426992,5.39385760970488,0.685198915539039
75.1149132529727,1.65489423944804,8.62919238287551,2.03100536036284,27,27.714542060874,0.778496406995401,2.85237854924439,0.432962131629698
26.7203178115747,0.427083580062273,8.59308649894708,0.981240659831047,17,47.2271189653166,0.936754480253905,13.4387804710808,0.930014514966179
22.329054637406,0.460445393004599,5.88937078386851,0.937501156807818,26,148.314741834167,1.94446487997103,16.3407017738735,1.76704547025189
34.5261383371787,2.79211560611729,6.55552163109292,2.48962503286424,6,44.4671398298923,0.986078777028113,5.13841436983611,0.637157276318924
27.1200700827284,0.606651833528294,8.15125891599036,0.740247051325883,3,21.0931290523038,0.496166616459267,12.7328586687446,0.859071155839601
55.1348017871363,2.45247708493901,10.5667927419942,1.94975895259526,2,101.123705532501,0.897272675460182,2.40959000388995,0.359140486419579
122.785634101462,0.634931979041693,1.15340637946959,0.305046638518509,3,35.1665137647723,2.06891905140482,11.4527423349092,2.75903158401639
63.0784342912542,2.25329524744096,14.2646328507686,1.13691278358914,24,29.4365418704956,0.667734524525067,8.17722337411681,0.660435829795435
46.9493317402202,0.970778916820429,1.25034320340232,0.302606996730061,10,55.2314044849803,2.19566702586433,7.10319688170567,2.62366492765107
99.8184370815802,2.89209744872637,11.9275902113977,2.34662806125638,29,57.5982368713401,0.881177682181473,6.70195372108879,0.567965673497787
2.71635407352656,0.317543733088528,5.75929805889841,0.896710948692207,11,83.1615717576053,2.92447051011553,9.88721530096987,2.32183015727345
25.816957093746,2.87814664634827,7.61677020851681,1.50203350320022,11,54.9659200564546,1.85010732162693,10.6730216690099,1.26205075238211
28.2461342449788,0.699546550729441,1.23623408096366,0.301425162808337,3,24.5204541892726,0.451736370367679,8.67482511022093,0.576093235873154
83.2744341778275,2.7880581246111,9.40603988401508,1.0510832573483,7,110.248357824163,2.08007271061265,10.7237165678694,2.07646309719313
9.9923456342504,0.341366931365513,14.0332048742498,0.930831381631581,18,83.1846512017987,0.976483003673766,8.29472776485503,0.669761779148132
30.3817434803642,0.607440336287824,3.48364527719891,0.55331048124583,3,48.8017741939888,0.911111258696068,6.87946926226374,0.785300066737113
30.6813288618337,1.85706497622277,9.64515722668617,2.00030231691472,15,157.808613548042,1.67551233178071,10.5475338539842,2.57121631723841
67.6424920924838,0.734704642563173,11.0493076837554,0.82083702328461,1,18.582411458279,0.625595987039612,3.20952716993419,0.446411437616976
53.6773628397113,2.74723268514753,14.9407961128336,2.83073675840523,16,36.2440755851977,0.985580829861481,6.15728046402508,0.707272709855561
13.0594426949394,0.385102855021149,5.5014113233585,0.99758072633856,22,52.5862056763022,2.56702793762188,12.5417822448718,1.16516303001096
60.853951190849,1.66540191050358,13.6892938859201,1.71773097834173,21,33.3913343042799,1.26656226100129,11.6458385483365,2.0838661533472
4.55987958611786,0.317226244969437,4.07586115231466,0.549473353413957,6,23.9963889219834,0.478189225913586,7.22384160511495,0.816335861193197
112.161399448462,2.4729184103383,9.96406683499643,2.69222427422603,13,135.734485086986,0.719809949866319,2.77746776105853,0.369126110626423
50.8881991109989,0.935169745399947,10.7809033696475,0.725794342367537,1,104.812958752335,1.15906093746712,9.65350435362864,2.41674977428547
102.832609856632,2.32838035325384,7.67794044505429,2.94563878281325,6,25.2144299401643,0.574421228829748,5.83254527579529,0.678224020418802
88.6467029707089,0.775381392698062,10.2661690398837,0.980577195857277,13,57.850571873377,0.816721041329324,9.3035178026223,0.977896751852049
81.0917118535613,2.08776288874741,6.17736775521158,1.98083221056554,11,32.8979911141889,0.959185773020007,5.45946402128912,0.877478776692662
37.4481664622311,1.55612526137575,12.4350765053532,1.98197010094191,12,55.6380102485281,1.57359887448488,8.67244876243976,1.40963421961739
54.3970618441119,0.680969730939602,9.54118198315828,0.865658954140137,23,95.4338262873611,1.58359252713176,10.2456367726977,2.17887965284026
26.6681053948857,1.20626165869891,6.07855818786392,1.71905339090393,5,41.922117888091,0.711457089937878,1.57800816002423,0.309983305244407
52.8170113017188,2.94698220951025,12.343047768118,2.82042653010181,7,107.927690096803,1.86577654109537,9.43811073370784,1.35050859749633
23.3731378258916,0.48523038493774,6.13614949232133,0.717355501417902,6,128.132322953578,0.559658730265157,1.62545242177357,0.311451560859919
42.5586585997221,0.779191734750153,9.85931916608607,0.961061152048579,25,218.944671751479,2.01387233791372,15.8726928550424,1.51806559825881
93.1176230275747,0.811779699462243,4.37680721437559,0.468983401834926,27,44.9807135595053,2.94095926810343,7.24555746916989,1.74984059483264
61.7954831207837,0.529297026264374,9.65505008976246,0.903268406963606,23,55.2756619003292,1.60852938875927,14.0526418065983,1.84567386755419
91.5903174544408,2.27144069719657,12.9925244710503,1.28264116619986,22,55.1018630653563,2.03322539487763,7.07483840078828,2.70982547844777
52.3884396405536,0.890507354471812,6.03475190963781,0.792475525301034,9,16.5433001950425,0.398586887436639,7.39114398027157,0.530966765884924
45.0286170066832,0.445147655922049,8.48140539900179,0.598526334224274,25,70.7539797028904,1.67896343158237,13.1029740055883,2.41209468111731
68.4629252975041,2.20204481790144,16.3853297016305,2.75228393105072,7,57.5291762152218,1.12433600320837,16.5122494314828,1.91807219135463
28.2450253453318,2.96680221985694,9.21011574766019,1.44882571579594,9,115.219826959153,0.866381019315857,6.66507168927297,0.715320539663233
19.7596294878895,0.999584555466266,4.26440129171627,0.728622103098069,26,39.434565407088,0.697379190795671,12.0701598210112,0.871368756854406
77.813263601057,2.28577803458933,10.5230966747902,1.37793737420459,5,30.482871852918,2.61076975883694,7.9089710285805,2.75213953894321
90.6107795588098,1.43466790544931,11.1826082895323,2.76315539332114,14,41.2310402209017,1.30812852321828,11.3723656761348,2.37595183193354
34.4342568771752,0.335027951944807,10.3470700709564,0.857703614440507,11,55.9864236997977,2.91597226963396,14.1850332349209,1.80216842629169
45.6815318990072,0.929392921258942,7.99330183554893,0.736613154265064,9,6.22902546583379,0.351492122944728,5.35944624419693,0.557220053521341
128.650091963594,1.29444963373013,16.5804262885561,2.34465186887466,29,51.1037348216055,2.68842016489504,6.42701423945828,1.51467334568909
82.3490211118313,2.28940607063021,6.83986284766563,2.78306179200051,4,174.919454674597,1.66097488326853,9.42001934389232,2.35508459558252
17.6269496004847,0.6391823854626,3.26363337848901,0.575433212022567,11,47.2091118418076,2.97369299245408,8.53860622404683,2.80693454705825
138.577024796349,0.686649786795422,8.67294253714402,0.832305192061464,16,69.2438967537103,2.66422657089421,11.8140252319594,1.33784292868623
85.2907759871597,2.73168829227512,15.0078359445142,2.38833620350911,4,29.9935751158003,0.954004502348265,6.8620325256956,0.738328791536413
33.7662177076835,1.77532741256652,10.5425355261217,1.78755494805561,16,61.9303458564299,2.45294986530525,15.4902732520056,1.88769627543686
45.0293568045074,0.636377626106715,9.78044468130526,0.781646208235273,14,45.5718254198719,0.626089304639561,6.1788285593333,0.998229402718648
203.134105953231,1.03846631254689,13.3716679245885,1.76116477757116,18,54.7906690111531,2.35860734888944,11.2416810031327,2.16016823158842
33.756213022126,0.703212550509675,1.65181710425131,0.329951678161528,7,46.6249442989883,2.64072304927349,12.7390437639236,1.06618864523624
73.0694357744975,0.508302700775353,5.35436262100717,0.545933324975131,1,79.1036757332144,2.19159105419314,9.26032611871119,1.58084031300369
65.3349667154026,2.82172158317291,15.7640713910704,1.28061979263622,28,23.6683862323253,0.728262073158374,6.40354153531222,0.976823870903763
122.061745278451,1.54738076754828,9.29354189704052,1.63880001621648,1,44.506153125426,1.05645839403348,7.17389269118558,1.10644539465091
42.1385725123669,2.89534163136468,10.3651577818983,2.93481832067094,25,24.5643215707745,0.975910740889529,4.74931209997024,0.737279473344955
23.269932733781,0.832415935175944,7.71224344818746,0.961019166585363,21,71.7246275351706,2.05062294582743,14.0737454913032,2.23766674674893
10.765189905802,0.424473106809538,9.42497357424036,0.97352290993003,29,27.4038439506736,0.37212832929929,4.49947361053854,0.401246659832193
81.0936448807907,0.915338507446803,9.86934674628121,0.80785971940547,23,24.8569739406839,0.520388727686402,3.06036954415395,0.375268671810747
34.6714774838964,0.953392768436618,1.27195959301238,0.308073712788353,11,81.844807889561,1.81184247843843,13.4991269462355,2.94764916789147
80.2739019612122,0.788404922987379,4.95869392674163,0.487152611660416,26,84.3084569570024,2.51176165698336,9.5936390441015,2.78026355285291
198.67331329439,1.56154353812281,13.2701538159948,1.51497145370584,16,98.7160902201345,2.04044793667286,14.2060398152321,1.03387913170699
23.2966194738689,0.560478680982216,4.06685838138999,0.682092273836252,7,28.0724325998407,0.649783304323296,8.88825880349774,0.704352666452332
225.882105333013,2.51604024687912,13.7560917284426,2.63807528658279,22,89.8237646901544,1.79044247553205,6.3053396513987,2.90174474519024
11.2618123031924,0.555296124553393,5.44963033674044,0.879348271791373,27,10.7245771757523,0.365259442123982,8.46940699285102,0.818378387219615
26.0194762453153,2.00740877008177,6.23156979362533,2.4226167911619,23,40.6249880795903,0.598423546020869,12.0034610929673,0.997580098621196
107.477131486139,2.75147506379751,12.3174079801094,1.29399021476053,2,38.0909821087918,1.01681734396571,10.9455336755586,1.44160202197736
8.17995442562549,0.350699758124114,5.1980234078301,0.574749877319669,10,60.2439771411211,0.803444594761089,12.0419289817777,0.96337668526127
101.089542881438,1.54797707456886,15.3312312268883,1.41202756744692,10,68.8369826127316,2.38926261970812,5.95462200443853,1.96728147328312
92.2385500925648,0.872106980212909,7.72925937586444,0.611538959548927,9,58.2570669492008,0.442598017714928,6.89823157306701,0.587325476070365
63.1518354459218,1.13325464878465,14.4914679283451,1.26804901169048,27,25.108546436427,1.30651126778582,6.3842491239931,2.87545436665341
11.863730848926,0.423986002997802,4.64081169414027,0.624465362720056,19,108.320170494104,0.521504338543193,9.09918140799499,0.736099924495152
26.2142202235099,0.388605043676323,3.96829736604421,0.583066581377019,14,32.2122480754858,0.414178695540225,9.69814416347911,0.678171965099583
113.067266545738,0.55671692351911,12.0729936534285,0.803725972355393,13,72.4396175517958,0.779435841182983,6.02269921685185,0.602673718824569
116.560325958338,0.648873718381497,11.3844790093858,0.686885631370858,27,50.4989645890055,2.4776810628903,9.77185124868841,2.26218415486
39.4561817952669,1.34211313536351,13.4017232158398,2.57830808164019,19,19.3756987993861,2.60424646060994,5.81880345021584,1.73217430369879
215.595741265754,1.92832886136171,12.6423743899121,2.37024532723257,29,47.262026823315,1.68145601111613,11.7886298454911,1.22926608572765
41.8119326802662,0.580967395012884,12.4791047126966,0.747357799682836,2,23.5410336173609,0.545745896786549,10.1382888483365,0.895112822576235
6.87133220040538,0.350915620068488,4.39533876674357,0.741812595169247,15,50.9682502107053,1.80792777223941,11.004816811355,2.23389334417488
97.4228458273826,2.60036588164366,10.8762225763764,2.24325930936954,3,80.1262188577626,0.758330445865027,1.54350677323066,0.364578225066575
90.4725356878012,2.87770459501141,14.0206427713314,1.43126417842455,22,90.5702592761738,0.62144434825074,1.6047648843304,0.344814115914076
83.2411255674274,0.924241674576588,6.44405343954416,0.715592257793717,13,79.0512126427476,0.876973650011314,8.2260761237009,0.636660044662811
28.4337801714145,1.42403787901809,9.1541251486683,2.96600370085526,7,120.224934456534,0.979679017804648,1.72087768826607,0.325360291111672
18.7531481457241,0.676895404486599,2.29820656900871,0.427323209778006,3,58.5234159128738,1.05207650050645,10.2672449286966,2.50378142849442
41.9900749805852,0.602927384479426,11.1293437819449,0.676136102814066,11,10.0841812727819,0.335698602731184,6.1014596683598,0.534979603696582
88.9325769191214,1.56383192304244,11.120091079338,1.55526796921123,23,76.3225718675564,2.92302982442314,11.8284076218529,2.23034146261935
52.5611845435931,0.520362579828229,7.72307612692685,0.981776862278598,5,62.1358049874486,0.469879413905665,10.5238514748842,0.678893390545926
105.215371697435,1.10659880610748,9.34032085885672,1.05824436782774,8,30.6527984990943,1.93944235965673,9.48642093057767,1.95419475868923
52.7742695103958,2.78960646873666,10.8407524328271,2.55355885106703,15,39.0304033062915,0.70394393983696,4.66735814358577,0.513043754229285
39.148284599748,0.47421898554686,10.1139485060263,0.636273522124395,22,21.1309360515873,1.07277821600006,6.93956919401388,1.50159062904282
182.152455620317,2.78139903560974,10.5948564168154,1.9958376705991,23,13.112163962382,0.53428042502162,0.829560474778644,0.306397502883649
24.3002502237287,0.509912104027425,12.6370081956379,0.757357601256511,1,45.9142838262472,1.89241024125745,13.3276481310844,1.0558903856531
28.6154286315015,0.967052151777842,2.5145504555793,0.455975700591019,1,44.2701336326429,0.955348799151782,6.63456394733565,0.617919960108079
53.4208632342647,2.08162698337181,13.5465975701902,1.02585788165423,18,35.2535959356198,0.445498221799539,4.90389988256074,0.618970708156682
13.2301425280445,0.323646707120961,5.01086928090949,0.514221933159687,28,99.935300476089,0.984155802950877,1.71916689735056,0.307563859191113
40.1431436909978,0.947105906815903,7.78417170512287,0.596710925827941,15,40.6377092906561,1.81277079313795,8.92315330687489,1.77069641055307
69.8727059184178,0.865084279995388,2.77593123387799,0.357188592847652,23,37.7595863729254,0.762864906783327,11.1813994900298,0.783465607680442
9.30224080654405,0.304414874093152,4.94799418631465,0.44129273392837,6,29.1281278430937,0.640077712744858,3.99264644399301,0.430438093946526
12.142564121062,0.361182172416287,6.27692973285454,0.926938466970086,5,72.6980689731599,2.93094523369962,14.4128918636547,2.16609677893988
24.7329951825128,0.490007415068907,12.1201483670754,0.957992632101227,7,7.874762538921,0.31651428843878,10.2725414304533,0.724819978787235
51.7274493835709,2.26917835575623,11.304473419317,1.0244782571924,15,62.3056294374983,1.8252158945902,12.3491027514428,2.39248505936841
57.7689437373733,0.78324213890639,10.4451824961545,0.661896170532367,6,81.9634266012676,1.04576909568444,14.0325550168236,1.37136977360613
166.877583938917,2.50471790839765,13.348396348945,2.45018037948547,29,48.5491538305438,1.40937760645132,7.0635872591558,2.96336874517747
86.7529568621682,2.33366071330204,7.09261154814625,1.5294619426887,16,19.9552285110999,0.840882415728887,3.06855076555036,0.472784185791627
26.49162175653,1.98646690075913,6.55352850081917,2.870623900221,4,35.069358655775,0.779716642809721,7.11142830811419,0.667948219698596
84.7532176363151,2.0506753649044,6.19964726862872,1.35728777928335,24,22.5390814283925,0.779830467348686,5.4750360511271,0.647053712843483
76.3958340726464,2.63903603069112,8.76310336636511,1.71155739481693,28,28.8783272449371,0.527441021298218,4.31984717306699,0.430572475953117
130.475998485833,0.582737071945417,12.0831939716812,0.828432696300896,13,29.4921738189318,0.584887828814682,2.18590689542655,0.453307665701449
153.196291387046,2.8654641169266,10.9744229230165,1.24446352269834,1,99.0148191728919,1.82574584110561,10.075948847031,2.02173794133555
76.7877921763337,0.794446744137867,1.44508492435515,0.362219801518921,2,29.7429155071732,0.47745487543178,4.57963189141285,0.496944683274644
149.759221238015,2.41553653295685,9.9339978231404,1.80601494424972,19,8.90559409258097,0.36668684629773,4.59639340301968,0.515631051954604
37.1962408268914,0.975693453307961,1.77802793056148,0.328262565831167,5,16.2867911295938,0.464960664479161,7.14100125551948,0.83252531052304
51.5803504246715,1.19141400672021,13.7188596620866,1.88253951692516,2,17.0598712700722,0.589293998248754,1.39709166614325,0.358698462349591
59.3483488428526,0.641703154406882,12.017927276995,0.858621513207757,3,22.7596787766618,0.561091894743601,4.71569187612495,0.689306037183606
184.109606858661,1.23045614470755,16.0937005353674,2.43017784836816,15,38.9178477693386,1.52127127738058,8.63302291948538,1.43197176918044
197.73740180401,1.72009971959139,15.0423535773024,2.64686021553706,28,198.935797947589,0.895073365013437,12.7879194599848,0.864850851840512
58.6838126376815,0.516796329345769,2.31693480698513,0.330410515206706,22,58.0448718800755,1.7263671964796,12.8776965519225,1.41763719629934
9.81428938289758,0.375357996056877,10.3126602577738,0.79711379616132,11,64.395707018795,1.55301940869985,10.6047585357285,2.96704319150947
20.8728156387242,0.55593024714929,1.32733258571423,0.318256966127048,22,98.5849532020216,1.36909691825642,9.58984885007887,1.60436850221224
54.0527646548828,0.714452449561646,6.45692919163045,0.942076938186972,15,49.8816463670237,0.777966984503397,5.53281427733479,0.806958711766126
29.4971219076684,0.875482695122153,6.67725181956475,0.723811545513185,25,125.729941273846,2.68166247682916,14.2040628619984,1.38729544253703
62.8975268631167,1.98278628480296,12.1136565497379,1.15660640748323,15,47.9073016619938,2.26926946831574,5.46700113021076,1.15415134136097
61.0953847735453,2.87312330588706,10.1159274925084,2.91160379045438,11,30.4516118835699,1.86648324610953,10.0179341911397,1.9782834534569
119.043610656588,2.53241706215483,10.8094656243345,1.14946180739285,23,84.9898941959136,1.89167653166024,8.24047088861862,2.69086782851005
18.5720361294533,0.324814150242145,2.2673359528147,0.344531517085633,7,92.4670771614807,0.975438064184592,5.5531660989251,0.533963659086821
77.7197226613428,1.67881168027764,15.7064096558082,2.04172694309189,23,159.692715631858,1.35505100072166,13.194984109364,2.4976558351497
24.6212169433201,0.890971773816635,1.03187072775965,0.339685293978628,10,178.819195794732,0.970964005726514,7.41857824175462,0.68179093314207
90.8853908276025,0.813897091530127,1.25138692912851,0.302709683136719,19,26.7522092301343,0.435259282595714,10.0170364773796,0.977199092906677
9.62370761263992,0.426529305816982,5.82920796100497,0.900976628847892,20,27.9646398586042,0.510618573345927,6.33658475880989,0.941463182786482
27.990286715242,2.45738466481395,6.58064090623549,1.05946781377495,21,10.3986644824586,0.309144586384608,8.12009079643185,0.560497324380606
43.7381256696399,1.92145928224512,12.8766921166696,1.1174649243496,12,185.082637701458,1.82349888628703,13.9684216195724,2.27203111877825
63.4057356713997,0.887452817836238,8.9114812774914,0.720735966553464,13,23.5993255980793,1.14638220666715,7.14640291899676,1.71361708605188
63.8969857071126,1.93399289994582,8.03770407807837,2.65366877594447,23,82.9181072228403,1.3609002816983,13.8034986427453,2.18287272238944
27.3918765539167,0.526579193979031,4.19194100951553,0.54721604604016,19,156.459019525941,1.44771022669029,8.52151450873776,2.12314809807611
95.7884224075015,0.558814916539961,6.10383487884898,0.539803703076283,6,68.5625515714721,1.19208171654828,10.5188094730013,2.42804855533143
11.6800420324509,0.39787993361043,2.65935677253993,0.398316837706414,30,26.5044203761724,0.606314943770912,1.69291106567628,0.315868681906493
103.573914452298,1.11539733422718,16.354349595192,1.42849252464654,12,19.5485254309377,0.529671093262362,5.06537462917784,0.661638176832229
44.392692310453,2.27373617150243,9.52321782568613,1.92795988186685,21,59.880108061734,1.88862569176021,5.97911132013339,2.39831172622436
21.4880176486857,1.62145401027336,7.18691796211662,2.56450197398286,28,32.8142296800608,1.80460793439625,7.27782978992146,1.81737227561246
56.7477569826067,1.08991574279137,11.6180862130938,1.57214930844963,15,144.851761605067,1.43474046810625,16.3339976852008,2.65942805359986
69.3082913368374,0.548925709345372,10.4533620854822,0.658838686110011,22,65.561173959816,0.905230015368167,2.20054151162328,0.342626436025104
23.1143766970411,0.54150629144863,6.13971856024365,0.925217590454401,9,33.2226831828174,0.564355779624042,9.62022059090146,0.653944189689105
33.2971519926382,1.26458034339024,7.16623908602171,1.4712135676548,4,19.6907711605485,0.541752326695423,2.94825617868128,0.415065585021692
67.4408145500253,1.26927499259979,15.9094682018987,1.36828292488372,1,79.530785650657,2.68720831584994,8.38167636684634,1.74926420976752
15.9836808919806,0.789851369118585,2.25679490678714,0.461974304684182,19,82.9579102114343,1.25671997439797,10.2032692759945,2.04833707758272
51.3488222411677,2.56603941982933,14.4996627868423,2.83362665120022,25,7.57282851427017,0.381646522130672,3.55456413482395,0.606739938333122
44.794109517644,1.02679633906165,10.7445483794221,2.27474559739484,11,19.0228186396981,2.15496512795229,5.91339175186477,1.17015652031105
52.2585445913342,0.678623966515758,8.68643474614553,0.793068390503858,14,56.6414694791808,2.29559986362965,8.01943503486727,1.77186396423718
52.1073971595374,0.9214650069625,8.01673098827365,0.707919999612731,11,93.0717292003894,2.02846725850011,9.31621994834686,1.72172323307131
45.6183377455144,0.721414942002862,8.71949701461597,0.914362483340216,18,42.5942017672811,2.98465511666327,13.7516074245152,1.44680306343243
25.6555309310219,0.70901794833151,5.73285421191961,0.884784880798348,26,10.6643757232553,0.413440967166678,6.83262980726414,0.716674067188199
59.2367316394781,2.97458865537484,15.9390144027576,1.58619490110851,10,42.4162203113663,2.42149814672598,6.3645710399834,2.89635784421551
38.6780808522039,2.28683207343975,11.3201173768229,2.08505493750824,19,45.524964650975,2.82365444767995,12.216974574568,1.26883278517695
7.72139689333966,0.326598757867671,11.6746149049611,0.917291697518575,7,124.808993489902,1.02251983999729,7.39439326002415,1.66462314735649
27.7914526139101,1.48379184649844,8.84384222867362,1.79205559975356,3,67.9182911002118,2.67895404032144,14.2198313291439,1.16082937580813
30.2331837479044,1.43676096951764,7.75688434239041,1.77703906507456,14,28.6865216621798,1.23392651392449,7.07700032135935,2.21691664563821
47.0745081716853,1.53185207337535,12.8660580717673,1.19012515427021,3,105.82791024108,2.69828161487124,6.24098509389651,2.31742370803658
79.2479558310814,1.0622943599336,8.86951317006156,1.03247669541928,10,152.058615958363,2.69458828006556,11.2265533642456,1.67569791268748
9.43475008482035,0.389599520904735,3.71864271320775,0.552165000222314,23,202.272982138111,1.29724813063694,15.1021964292039,2.20281381850469
57.8375631383119,0.96780964674761,6.64845326142421,0.640341901562921,1,57.1844408319094,2.38421452296037,5.89437149274312,2.30249614833197
49.0392718584492,0.973165941555353,2.15869212197372,0.389676581751814,2,114.398214989537,0.573714057805777,10.5591036375337,0.640793859563419
65.6534195308278,0.55844899856634,6.99461118720385,0.578624701127029,22,46.7173013138068,0.78570077970711,7.7205815798994,0.762070503435658
55.3830889134448,0.559111961112031,9.51268013197982,0.781502305576699,14,61.4157734978339,1.52033744840659,9.81374761857946,2.62251707156602
30.0258272784907,0.50438781442089,5.54384367200243,0.448585685899946,25,36.5432639637981,1.68759757155313,12.0286123281415,1.55861484253365
63.1079482827585,0.922403599489389,5.1290564868529,0.659825039015244,28,48.301861002758,0.91506279564527,6.03932611655925,0.675551848655211
58.7524869972055,1.04892109044024,12.0146903753899,1.68957074407841,17,42.6614627057923,0.383736258811496,7.80563051769187,0.6859574969709
217.912511005084,1.44277970252483,12.0388328188511,1.2504796509251,9,34.2330846314774,1.13270047672593,11.8818345449607,2.26705820595672
47.3002526275075,1.65329446017445,9.14657921607458,2.85525014221041,11,19.5281880143667,0.495738492677194,4.74729122131333,0.433796971982836
68.3385948748542,1.90879508716255,16.0516449403659,2.77828879495583,16,119.925525150922,2.93316770539056,10.2363855676952,2.05251083843128
36.7903545353628,0.766734907852483,4.63786512241406,0.689727658517505,30,24.7979685094955,0.724931275520978,2.26661491229143,0.394246142949224
40.2862522358567,2.41006228829515,7.04396187871935,2.71561581738657,17,35.2503457157785,0.775477977384768,4.95643105352087,0.454729535389082
88.6980159185444,1.39587977193966,12.5664581342934,2.51984966704317,30,38.7734657613104,0.946309923032061,5.47907668142091,0.486292820090623
48.7242394465716,1.49756457191963,12.7700427842113,2.03865818219108,2,19.4348230574568,0.67614602110036,5.37929986489493,0.639987222630596
99.770371647105,1.70137228084004,14.438877990665,2.21674106650706,7,124.993513188405,2.04527659448892,16.2305439720838,1.43705962457823
58.5780735338289,1.7407547415813,10.1530188541745,2.90564475484832,24,121.813021778724,1.90902370144224,13.9725209285508,1.19842532003767
48.5518334216458,1.14342880279463,8.58396517712075,2.40670149337345,29,71.471600361108,2.79379184507882,12.8926620184976,1.62027565469315
62.5664635298199,2.22702592651188,13.3932203430638,1.03352214640681,2,18.9237609004909,0.459538459160434,5.27408056526972,0.703719032103435
98.8735201130719,2.99982388514177,8.60171100085356,1.50339172947782,13,117.765303547584,0.939280292273065,5.60572732106673,0.579898149504843
103.200524370745,2.77591526873574,16.278810217468,1.69659379204084,11,54.7934252377098,1.21570543268938,16.4942906600632,1.99701990131215
132.1005185595,1.11174438162869,14.8881521011905,1.53839882145899,1,56.4893157750574,0.879933515677548,3.13339106921524,0.360322014851028
48.2902773003625,2.43047259925794,12.2614390193361,2.43666886959256,10,193.386922107163,2.33249080709089,14.7892568597537,2.64516708136604
56.6985107442386,0.715108091405839,3.72769546956702,0.468326344465828,28,82.5432262715629,2.63256009511267,14.0330888937923,1.36416936036857
26.3168483055018,0.533286839322392,7.67437099085446,0.833737945699343,18,81.3370489459217,1.93160145036818,12.624144951106,2.86491888470293
58.5735506332854,1.80589110515466,14.6853167337781,2.01240244399452,3,59.5043043975307,0.724815689838765,9.8886788238514,0.763117330970684
10.9951953780273,0.318487684444316,13.065756964123,0.854815549980457,4,35.7226811894047,1.85724126966811,6.29449372033094,2.16957799940647
20.1631920807934,0.533885553695308,3.93482804883097,0.525120851992142,25,41.6815274466117,0.875720327681318,12.9870629020921,0.862139360783247
26.3651214790882,0.571047846088486,5.32414506618315,0.659401937776888,23,47.439210506075,0.684457601689871,9.05700448133274,0.759470680355808
34.1932682051125,1.34593170452416,9.03202365091415,2.78908054665336,24,142.895569148746,2.95334759375324,12.5310275597541,2.59967587751487
66.6423369754319,0.973387847258069,5.95478808548147,0.698972418487011,11,3.37829320565208,0.345551587198161,5.01068192653921,0.981327987718499
23.7731652771856,0.783589165085041,4.29270462100818,0.614122499617289,17,115.082650980271,2.80750783191597,10.9999964109012,2.5933971802251
37.4232249678112,1.32839315257383,10.5980086128997,2.3243578199866,9,163.727479681835,1.48546440812446,10.3540563671384,1.36116436248797
22.2559090960731,1.81689088809839,6.72429057287633,1.0694359148703,16,113.361273365374,0.49045604213317,13.3506840734007,0.918863994629219
118.812690585237,1.38560005023159,14.6184342822595,2.93393134621996,9,34.5601780505861,0.666027336947284,9.24339826888225,0.751248452784984
18.835962385814,0.705685513483171,1.80370476752892,0.412286992520938,13,108.286861084294,1.30552227085081,15.3088211641743,1.89170886516314
28.8586574773777,0.444403436839492,10.2967536692225,0.858369065077124,1,34.2064736767923,0.633244550881898,11.7737751491426,0.695608233220378
57.5603932872203,2.69430878317302,11.4090973396605,1.4945516971394,22,36.7582869366003,0.943699091332113,6.61143946040891,0.789300067181806
121.432161241008,2.40406904435863,14.1858553911923,2.94971029868958,20,33.3061397266509,2.2217507295576,8.32751661379126,2.61331429654926
23.9649905811319,0.344744723522402,12.0959876862644,0.764258977188901,19,35.2638265179232,0.988223032608751,3.86285578058285,0.562962633778296
30.6306235517068,1.27835844794463,6.81649995284468,1.40862395393891,4,27.4774691707717,0.781374804934893,1.99056858196077,0.36349891747636
42.6412433538279,0.937654081341515,3.54142403323621,0.582173642747785,29,120.318607811096,2.89853507440458,16.0005620620338,2.72683932660541
78.2852612412544,1.89108957215278,13.0520635657376,1.83119189678339,5,40.9051632044362,2.61767196104865,9.24963816464605,1.92789589691606
106.176004198956,2.85869271361944,13.5324495605404,2.51772663444553,10,65.1708077876325,1.72624314608485,14.9542470762306,2.49120649065416
6.45963635125657,0.403014525862735,2.13682686235796,0.443537603187332,4,65.4572945535797,1.69090387434185,13.001408107171,2.21797666919397
27.1426639816047,0.612802529322355,10.4647705185575,0.911297459011451,28,156.2561223957,0.5814633435271,12.1929082822007,0.87185991525128
75.9368296500921,2.99830085869965,8.79554357545764,2.6100544073093,18,23.8239862710914,0.480236615168436,10.4943797180258,0.831358352134367
47.8982932949112,2.41177750294661,8.97007480921103,1.8192467275202,4,14.1074830527166,0.582172340373792,5.5769799550217,0.832456717980745
47.2414653702776,0.49939587331861,4.01608763991849,0.386750210172827,1,65.0427949420251,2.94477945182021,11.8941714629688,1.28885486735009
75.1763395165599,1.45017696459824,8.3790364752398,1.3332436870336,24,91.8588611141826,2.81613224241702,14.7496148543466,1.89264306975116
5.29365542867114,0.351071495040399,4.3919133157754,0.784206574751977,14,28.7209655900139,0.580402971967712,5.53419964109487,0.939373911911036
76.2546895439803,2.30301158223329,12.2941073314831,1.83939755257073,10,73.7431015113988,0.561968893309296,2.68597622342029,0.403258830612293
113.77939711924,2.94130504824808,14.2165949098342,2.64885116088777,15,41.111506726662,1.27063124694999,11.1249024237809,1.11085058186021
76.6585319510314,2.24495714484461,13.1720037270193,2.61226168719988,29,24.2215431544283,1.29138330689756,6.7535883343211,1.07375581671861
77.7852840236262,1.1511544775825,14.851902741885,1.05452281125717,15,37.0370096779137,0.607425842371738,4.29394133451357,0.56401943667255
68.1094102855205,2.12782959744864,15.1560390494723,2.2072041981841,1,45.8611000278514,1.27676029380287,12.3140389252733,2.63157766192837
24.2375478824744,0.628392309482475,7.89711136665286,0.68547080010138,4,31.8498547907519,0.907253042536787,8.53926985735825,0.791745726349048
39.4217284305449,2.21537325402847,11.3491331963308,1.28963117601925,27,53.7674118911788,1.68342168009613,13.8366655452957,1.28609335647341
40.8765350838605,0.586055622574222,8.77088156839346,0.93637749382315,18,48.1807022835664,0.633915311411955,3.43677028428382,0.439323996387737
52.9588609860515,2.99943996947667,10.2564348023671,2.13326515700235,9,41.9905189003866,0.792998891933442,10.0284237245982,0.794414146529046
25.2121300981008,0.90145163207178,5.47235720172997,0.571289484566096,25,88.9563198681685,2.22295148693903,13.2173941927993,2.2597178780624
4.91347284156659,0.304774866105005,3.50731024956856,0.433754076288947,6,36.1219283920703,0.58322371334687,14.239786189122,0.961416848114922
43.5035035238857,0.890651230839741,5.56266709326475,0.824048452208892,23,9.25852183761682,0.440910713220223,1.91074271732538,0.431364486943952
62.5149737027599,0.931262312819835,12.6281847545294,0.905687558835186,23,185.332307675277,2.48507850717925,9.54319069347133,1.41232834898354
65.2630440447788,0.551357190996388,4.65643059376394,0.686436788753179,12,35.7395703758381,0.329823776022519,6.01323889868471,0.454593836248613
39.5323628919996,0.983549532661018,8.49675619708916,0.793034418144382,12,73.5538847904903,2.92117379894853,9.16890253702882,2.61096273321493
82.2111890799179,2.62263490290136,15.971416334851,2.56174033344657,2,88.3471188616282,0.623853684165056,1.67017668139677,0.307245880882852
183.368685192018,1.12227183270182,16.3081945210794,2.01207045007639,17,95.4615093803153,1.97396483254368,9.62766844689038,2.78177763092867
64.8664841342694,1.66946819131624,7.60485615435461,2.55782396005311,11,178.567386305805,1.87746240098189,11.9617240998548,1.30747446761474
33.0580409379218,2.25538494895004,10.7921341518749,2.27275164380594,9,16.5691825111313,0.874483021730239,3.45879287103005,0.588920081840297
30.9871636275099,1.05726956284708,8.30579801225343,1.54337164273659,4,64.2873466823306,0.842071442569247,6.57560282845973,0.499471764027901
19.3470741557078,0.629774874402118,2.33152409577112,0.409390070815526,17,49.7865997675266,2.20888303938538,7.54738429565474,2.01830768891093
21.1799128495665,0.814876530337531,2.08197993725325,0.448920975690427,17,45.6279421445806,2.016307814488,11.8148692071289,2.56421557921706
166.294095213913,2.51211387450145,11.7038711729865,1.11212446007372,9,122.237848559259,1.71743381525827,15.8231727290484,1.72812832061082
200.462776892904,2.50806347374025,12.331040342713,2.61381533350682,30,7.99041376271339,0.401143044040758,7.04388642584902,0.838623270958541
32.0170625984123,0.449922611318749,4.08196331625242,0.462760852588664,20,14.7708037706157,0.410351894535087,13.3142052171034,0.957589171832282
238.581153376695,2.66165219854109,12.7555324255152,2.4333532663323,3,8.92090391806654,0.368622409228595,3.34129647245953,0.388266462289928
12.4370078538777,0.361893023507341,4.64734575641631,0.842637653820477,24,40.5296665701328,1.70457963792728,8.48991278826782,1.24375561467153
25.6642596795061,2.16311081202842,8.39503356321298,2.44894786505608,16,137.17434338808,1.15643679274188,14.8774285322828,2.81370836780431
26.0802313802852,0.694632540000995,3.15772410342282,0.427305786412785,22,27.014668684149,2.71420998876377,8.05661709616168,1.29228053980688
33.4402680120253,0.780830473864668,4.99874158208434,0.450117826950222,10,44.9202592561974,2.71985375771837,7.55767630209983,1.67319752625025
84.6031958807856,0.680959380732961,9.54945134928558,0.666261622687677,27,20.6307311235007,0.438524337253824,6.54694086420525,0.94237265421025
52.4748752768504,0.988913169319714,9.58931859018518,0.941235775824089,3,35.5064315912176,2.56235662678416,5.23445724348362,1.11697789194483
139.416414347304,0.791281675357016,2.64034500432695,0.339183326280304,15,101.01207814889,1.48682292097302,16.1016455862451,1.59478355100455
24.7601862626082,2.9051117026104,8.19112899448859,1.83775817627001,24,47.7740113378164,1.99317110813627,7.47599851243233,1.07599672142668
191.240101706296,0.843352849329907,11.931657861108,0.960187305074676,23,112.224260164156,2.49541285117735,9.37925121789033,1.51469017918533
37.4224267656187,0.935961380390296,4.90900360445754,0.457633956291933,3,48.2994144329438,2.85459775894857,12.4512555217581,2.15191957083852
61.3009823316625,0.683016161770799,5.54070860864336,0.439312336174145,21,52.287024553636,0.731775776099541,4.77360298050542,0.85320620622916
46.10505796809,2.00654153010015,7.25588130937706,2.18653055256284,19,62.7478154011914,1.48933735871364,5.42881164930706,1.27682518802486
82.4658473497775,0.992136596098213,9.19216767630408,0.663862485076924,21,64.9303346082708,1.54973882684763,10.8127902447871,1.95507800183781
25.7323963781231,1.74131282975686,6.27297126527427,1.47636421878453,3,72.7494185204547,0.534699618635999,1.69944288366369,0.307580368555645
31.0149287622542,1.8650101321975,7.56558937987585,2.69527147245329,29,33.1032188241362,0.934850374301243,9.12960273171252,0.934823478199444
82.9326249077158,1.47529364541899,13.8434398617785,2.63281203286471,5,29.3234704822403,2.11161022096743,6.66554978291258,1.78852874205142
93.8684798418396,0.672907915381766,6.49703391033299,0.643745346154241,16,24.5315006223102,2.05180853443728,6.07047604399629,1.21152592031116
60.4355968830246,1.21375433350056,10.8630001127207,1.08513680132168,13,25.8030276729226,2.61219753787361,7.91028544395702,2.07898553236261
40.5962266252178,1.87688630638735,5.96141409742517,2.33556067365896,26,70.1616476111236,0.585838827200009,5.79787336598127,0.889573641189823
105.031111545495,2.0259634856681,7.04098580679044,1.43577237950743,27,61.3673221021617,0.616981211206703,5.7921244669291,0.464349489786013
40.4700533405592,2.9176249308949,5.90325699526803,2.29545004451572,23,54.5985906981392,0.754594217173118,5.8407812607165,0.580349534918571
10.2467360638111,0.310686071267285,4.11137571330333,0.396499762983357,16,46.7794396649353,0.688815770199541,11.1683938256558,0.907297623016513
45.8486792899291,0.72993000012479,13.4136482881433,0.847429409006071,8,18.4667952329419,0.420894469831663,7.20634723184742,0.521432782966748
59.7058264144368,1.91090723989939,13.7563127593174,1.94834942819733,7,46.0889457520167,1.35443896144915,13.2302691889095,1.29672678499383
98.7911939738765,2.69091975563987,6.92956353677071,1.00090584847702,2,69.032636375596,0.627669151576406,9.10137135712501,0.623082896642589
63.1249163891101,0.922924437341091,5.90234480004066,0.530895467720373,29,63.9099657411999,2.36603804283999,6.46933154653766,2.73350917124299
31.6446361245843,0.744949941910084,2.27982826164212,0.3500778470337,1,46.0889862595989,0.641652843506506,2.54824983118937,0.438002186570015
34.6737988939015,1.00604652373061,7.26148547284691,2.26979534900198,2,63.7129420961473,0.961450635920812,10.45193701429,0.68996024130065
26.2606611254118,0.708350573770852,1.70728467686618,0.407968908131528,12,32.8738100229472,0.90653379830431,9.60084914599573,0.958461513814941
137.994355884153,1.63235740639779,15.6121108766318,1.1239703557905,2,4.74114789807645,0.311757006447716,8.0556740770662,0.670049516052723
91.2533157890296,0.945725218367413,9.49842781962766,0.683554479291137,22,34.0062804942177,1.29910281251145,7.00825850437857,1.72264565155785
66.2182521168217,2.65923521673043,8.64999298168142,1.26149642155325,16,78.611246529469,2.23266624656753,12.5083559282573,1.97067887219304
39.5873906862664,0.732968156749676,4.04433902982177,0.582941542424852,17,62.1900834687071,1.05723447597463,8.43598968711953,2.90857109256431
61.3997320713749,1.33645686683148,6.4676317821778,2.18657710225529,21,17.7228547874273,1.14496330002076,6.30916814952886,2.80757953779057
57.3927837291903,0.59142244548886,7.8041912062737,0.657187808164681,8,50.0458803559277,0.918588201317251,4.82932392183537,0.901980612860595
65.4005702983846,2.97660996776903,15.9119196978221,1.83116105473158,26,28.4458341615413,0.516458982515364,5.35544746017375,0.923047375258417
17.705301007135,0.483932733476873,8.07028948129669,0.881232857624701,26,46.9473600738627,1.95229113648584,10.4822006514943,2.34687318400038
35.9055190123101,0.693961733617224,5.25165593246879,0.499796629531697,7,39.7059115686179,0.881305483513588,5.89755486506088,0.874451440764653
47.6702501850443,2.75302546679265,6.92565965156196,1.43397599035225,5,45.6404135288582,2.84656073321123,13.2852724721142,1.6144212120262
47.9616202706784,0.67806405009094,9.58045548347496,0.993377129586698,24,93.9534524312877,1.88361646730002,7.73370336881987,1.03301737183323
14.4070954626935,0.468999917424336,5.36920316901721,0.583730090850103,3,32.3347865760542,0.596235540024229,10.9109692014386,0.789927085943813
76.7906415432838,2.69618164729097,14.3850149325284,1.46851766543052,30,28.701148544697,0.95626985493602,5.31977967649831,0.72765290042571
49.1295768194703,1.86972290766802,6.71562540209196,2.00384769419051,25,38.3367482897891,0.845636886751886,3.8569919488627,0.42281107682211
24.2417713087429,0.394401768858391,6.64849007495063,0.718205751862292,19,84.6326283488358,0.932060481038347,9.74143145558064,0.900578137766174
34.9545583484789,1.74911257586453,10.9061559975243,2.30093841195097,8,77.2504815884006,2.56973811845227,11.2376252104886,1.69382915365925
197.772657035163,2.39453902881104,15.4677872633137,2.37555310221075,6,20.2652528921639,2.16240093629294,6.29317779840609,1.67728386340673
56.4822544002308,1.2629992505792,13.825502407598,1.33030239861138,28,137.247246953896,1.51442425436302,14.4956524476864,1.35737032219097
116.319085208922,1.97915470276254,7.60611615523549,1.09297405042304,16,96.2630739146001,2.06105249487735,11.4117207362431,2.98167867015238
20.7206781434017,1.01813078585293,5.74355671015292,1.23763754110916,26,46.2680729481309,2.90261233056703,12.4767799955979,2.81993969850136
112.635721666949,1.79439497094424,15.1444489030767,1.4862190399475,13,80.3579850298289,2.40441666818676,8.10501567668255,1.91511440522077
33.7914336780528,1.02564447368187,10.8567130256625,2.713710131519,7,68.5540168469897,0.717630603201014,8.82885050812954,0.813151371677046
30.2777991810154,0.59392714289567,13.0357387769897,0.841248235389165,1,62.3905747827391,2.94759806145275,7.74910686930537,2.19032289608958
51.9436610059296,2.69908229875548,16.00831109869,1.57040073929571,26,65.96755466965,1.70017756106031,16.2952442774385,2.59167497739111
30.3710947797193,0.737964672194954,7.39847871639623,0.905536748991541,10,175.015688174741,1.26627491475811,16.7605399211837,2.85583268054214
45.5191935027158,0.893207087364563,6.14554144389078,0.682635301653168,25,53.7184164201965,2.25816372997405,14.6096533147173,1.36809254669977
130.747430317141,0.974902401811214,10.8951760900021,0.661507664330898,29,130.419259782753,0.966110042713442,7.2116765256732,0.64832122913814
26.311715135054,0.93353356731234,2.71881553193867,0.490132591411182,19,27.3473567272478,1.41165951013912,8.53649014201418,2.51065657842496
43.5795510316781,2.61142259440818,10.2880698604423,2.13284082935221,23,181.838132067031,0.889509698166152,3.92217703583345,0.436942398859493
87.3552440092722,2.16123196446178,15.1561826409717,2.20418431144737,10,18.4514447853242,0.937897581425888,3.57154163694468,0.633314499296391
131.581138685026,1.42490688549617,13.957718003393,2.32383044301182,10,17.4800505791999,0.517325776398338,3.74075068242602,0.455288962615254
155.481628096702,2.57718783600511,12.6685290222805,1.49684597329487,4,86.597028315234,2.23879050188497,11.055380543085,1.45512439381401
82.8391578121557,1.82784782500564,9.70710096000186,1.39803456143298,28,132.743638147008,2.56700581664775,16.549667437989,2.60219032332516
26.7179389489755,0.469632417717273,2.27598912138275,0.329641795549344,14,51.9632445942633,0.523177365340715,5.42120054907785,0.562857792674575
48.0929251240361,2.74848799663179,7.46980643839108,1.4625996091519,26,69.1262204729192,2.16998726190162,13.4209817045301,1.55942808254775
112.993602600209,2.51722972495692,10.1455967458407,1.30538322298848,21,61.2310750634684,0.881027737842354,7.36503652647365,0.730124167844482
72.5359348839574,2.66002806366126,15.1425151897386,1.84905779027039,21,68.1224413400255,1.30052657509662,11.2517994418371,2.35635804593896
52.7381016002734,2.8509833554026,9.12478150652953,1.58760271651476,26,37.8727578230718,1.49455393597675,6.22033141818988,2.58821058258293
57.3091553108818,0.796160517701393,12.8040279307756,0.820754203765245,26,124.64440789718,2.34731788272324,9.28904479227009,2.60046957707661
65.9550609571694,0.585689376231028,5.39270988778591,0.751281988198076,3,90.8887050945501,0.936320393167115,6.54433417210985,0.970800830804796
67.3708202187496,1.5329058509159,10.9899808709033,1.21782950722544,20,90.7641410049231,1.60146093678325,10.188746287478,2.02586142333321
42.3786873858679,2.49710863350586,9.49337340408144,1.50596145672214,30,57.2596626288354,2.63589310789887,10.4318132720601,1.21110782845895
44.5033893231033,2.60078343160245,5.49559299236717,1.37060554445757,18,51.0070736598797,1.00962423227078,15.5707663153074,2.05755764339761
54.173757813692,1.3681877413266,10.7991097855307,1.09012552296974,11,13.2258415872252,0.459237034549296,4.6021237152459,0.825968575240101
43.8672081782729,0.633125344191974,4.32138965784866,0.480437230042802,28,31.1151889753775,1.58833144159161,6.30783555468082,1.89031787160695
22.8649853106534,1.10093049645206,6.69831087332463,2.12401219513251,4,64.1746051501839,1.21234727040909,7.69053352608168,1.67667293244019
156.522883391963,2.14157202720634,16.7642896930903,2.9713294890692,18,50.3258017241568,0.568474347265045,6.84438595357962,0.490183657801032
58.7018424284354,0.554639518803392,6.09291925885892,0.975699068828273,5,83.3863439748493,0.957545056409559,11.5855144473002,0.786157109622243
35.1881906084478,0.378406470354644,3.78971369192597,0.481415947221185,10,32.4818007072303,0.747181263738138,7.64294761336644,0.582522539420766
48.9975263318243,1.50612438724575,11.715330690787,2.94275054128338,16,33.3599477273981,1.98075386361407,6.64833543377415,2.65896067389473
119.172357887692,2.59739048008866,12.8917387958505,1.13216102755167,19,11.8540073425021,0.616754288187269,5.49959704392683,0.919385018226307
74.0184751770745,0.421947779940143,9.87308960887335,0.718590002166973,1,53.9286846607041,0.989583441714273,4.54346209314668,0.414650973427235
44.3738205563537,0.579569429463297,12.7287694265768,0.944391369596338,2,50.3257184482232,1.69003332615974,11.1728030853394,1.25591676373625
12.636626742029,0.443629916193876,6.31999073550898,0.721744348138471,30,51.3989169049168,2.16153340227809,12.8065975306095,1.54420928744045
96.6359932222541,2.18289055532179,12.8489362992744,2.25922317107519,30,22.0866805340626,1.86402438782508,6.5838882575315,2.02789549664608
147.48446209172,2.8346952254881,8.82384448376157,1.92346716609521,20,58.7686550585337,0.781688618533211,6.59982130997108,0.928264025471176
40.3539331833449,2.89209958986678,10.2052689806119,1.66535347075224,18,82.6001164264837,1.17659582350486,6.99031373934708,1.70340647237763
43.5944212965919,0.849391742886447,8.51150399109475,0.834487533365256,15,58.3989888706113,2.34444917400518,11.9774690730343,1.71224741039148
63.0777507685083,2.71890634496144,6.75911367330535,2.14462374246805,24,18.531398277068,0.820535601219018,4.51280638110328,0.627951850286472
104.143449131446,1.34779728236341,10.7848981964317,1.24481769511388,18,127.94673925982,2.53670359920864,8.78632889844154,2.77555249666958
22.979992938435,2.26992240957216,5.80237133689304,2.35582450407576,11,86.1381552481088,0.469975662821484,11.3193907878305,0.903797923050188
42.2030001718805,2.94635194795746,7.20605540074591,1.05598248622001,16,35.3313559662253,0.839043869650478,1.32318032339799,0.309392853093464
55.3202065176362,0.667247692157898,1.9414001112029,0.422018291016512,13,99.2322382740017,2.76703070142876,15.4339190579395,1.23401710995448
40.3289664657348,0.391879990422595,7.72285686607324,0.749245582068966,3,77.4047929237818,1.92798658764046,14.8818473246495,1.18254570241419
83.9264479761785,0.716847023776435,2.38134793386745,0.343585364234623,7,87.487033023893,0.71772925937644,13.0346976016783,0.826187306684562
66.8382285870067,2.20863653571536,9.92364028921628,2.08686454774365,7,134.971479804547,2.31248918857794,16.5971183799466,2.91043865122749
82.4759146232704,0.813470899765615,9.83774649011968,0.599223478987727,19,36.8215652241997,1.53675856985714,6.39818165520162,1.65780262504771
24.8398644458349,1.24971505016417,7.33727435824624,2.38860229150701,29,146.769046343336,2.04248481717916,11.1061812043487,2.13090535309363
21.0126139639538,0.382001170510487,5.09421886321955,0.685264305215523,20,33.3885854714893,1.20791377029443,6.38219153820677,2.87636394027001
130.502184957413,2.18197864169053,8.54532414035784,2.46168126773797,1,140.75099441033,2.17227831456405,10.6215607484496,1.20453801253072
51.4674998503282,2.49166890072181,13.2101979526531,1.69290666188273,25,193.460569298872,2.53673595484845,12.0200076204381,1.63576365069417
22.0431646196387,0.365784728263785,8.72173758347148,0.560305526325063,27,82.8776853268866,0.822174498826879,6.04317387825353,0.527732793933026
107.431930567631,2.15885930774106,14.8122898469028,2.18455369807607,29,9.38231468643583,0.364618568895406,3.90858804697144,0.468065617331448
92.4728531310035,1.68173016638003,14.1904448154057,2.78762123823711,19,56.8577046765384,2.48972921509377,13.2527750165166,1.27124927216103
40.1098593692445,0.6893149671135,1.21147266674531,0.350402300114917,8,67.8121069317565,2.85806697816242,15.741339185547,1.38217489788447
47.5753483440458,0.445341578167112,8.73183435384358,0.755316797144295,8,44.2097635661601,0.89081644099371,9.126332525077,0.932348276894835
63.8360359226497,2.4690237993546,16.0716382860254,2.92528213453507,22,114.071117320394,0.514144296354955,9.25940379852742,0.699487832218505
37.2552283341519,0.850184757952264,8.91680629848799,0.86175431298279,22,46.3005519489668,1.18978890220402,10.1366355344189,1.17312313359214
53.079856082953,2.21788858700754,7.29405298008786,1.45204603782946,16,22.6694907433454,0.613777610011115,6.00761902813404,0.655379385828124
7.55961947337685,0.32855872236201,3.51105793201099,0.399409855542786,13,22.8230381466071,0.481329117707977,10.0085452578015,0.799040035528691
100.836563422582,1.25527170401395,9.329796978498,1.6737528083545,1,17.2534791890289,0.556408390944911,4.15618466299217,0.536389167988828
34.0160173536373,2.2473643942797,9.80923850595036,1.96788513950402,10,33.6269704050159,0.653283468852894,9.83279625374126,0.856381949846149
119.578087521293,2.48385589764124,9.72404458491793,1.28728903079753,21,40.6936881111547,0.58535250410434,8.46311977910675,0.892158671126604
26.82957600344,0.536283175698043,12.1138588057208,0.83474918528152,26,30.1039940845059,1.37023803935698,7.4412303276598,2.5196929622721
12.3459762833068,0.431914428963061,6.82647200010648,0.60870091952634,22,14.9368246622482,0.398099651747487,10.6154876379534,0.924071694117484
69.2742757466392,0.747532201753444,7.49128814207942,0.585923804100796,13,54.0444983348583,0.644322553779242,7.48278074948894,0.856183277940323
91.6614827889788,0.728251276142091,10.765121280432,0.691517673791713,6,26.5954467998801,0.626699417633907,4.06872263363683,0.450879542782527
113.905833201394,1.87576049996188,14.5096575704198,2.12234336391462,17,53.8083070286106,1.9035850016196,7.03142005275116,1.75275882164483
53.4337793376648,1.08630730016906,8.29832191221289,1.58331763965236,15,62.9376233092844,1.13006595339342,14.2974592876805,2.17974739880101
52.3960928506627,0.789507357396652,3.68272372050521,0.418295363941982,21,97.5128381291437,2.23599715109782,10.7672369877673,1.16142899365034
62.3939716422303,2.79931652637538,15.9797152973998,1.23741190488752,7,140.947357960197,1.32014241562812,9.36895498405594,1.81755639745034
4.80899585037567,0.369947494313432,4.71048854078491,0.837067290656121,15,42.1500093957043,1.04804042689249,14.011942826577,2.03687484367592
54.6561777342244,0.993315677990005,8.61710624574134,0.948214408856025,28,133.605555152168,0.739723841234095,9.35142497843029,0.990226683158318
6.07478233874208,0.33424235766379,0.850624624973244,0.304861195476114,10,31.0848374155191,0.842457075416113,1.71862594005038,0.336381490259813
36.9804894883627,1.59684324245456,8.57329468342191,1.55023881241332,25,88.5289218212081,1.74428150055738,10.6375229499074,1.92569102714686
223.070307357944,1.91214172787572,16.121061221451,1.81099679855666,1,11.0213892353391,0.391574119022612,5.70734513373205,0.655827844589905
129.280017098707,1.91356720782577,11.3180342695764,1.0648496047916,6,65.7045693489116,2.30804414809689,14.2523049354997,1.01498209563818
8.0539609320419,0.366698973276534,7.77669714249676,0.790582329995798,12,39.632835122886,2.71293518030955,6.99344106846022,2.81283615123552
254.431029284144,1.21848468610353,16.4075287144082,2.39527859312368,24,55.4537188362056,2.35327628487501,8.94506500932072,1.61124758197964
43.6633292606869,0.662584963322974,11.1186533776981,0.840510439150152,1,43.0225749034966,0.402743786301402,13.7712016752197,0.861987045805015
89.2157775583656,1.90136550187622,16.1079794867546,2.60432666747221,26,135.984725111576,1.48660201688173,14.0580344990056,2.84700273893083
50.5646094823906,0.542884882899303,7.7194551091006,0.742822144444675,8,107.695154287975,0.685819115675018,6.98257377862363,0.653716009602622
134.100627033648,0.860744585764062,2.24856246232543,0.388638442529689,26,54.882406776744,2.72529983275173,11.6055313752369,1.22618515824454
80.7042237396588,0.951038672175963,2.9230677725547,0.387104506358475,24,116.991837437361,1.53762847735494,13.2681850442722,1.89938626112806
96.967247519514,1.87468320492373,7.13181654762095,2.69097911358369,7,45.3061317103219,0.995694132869482,13.9950310543594,0.878886232248218
63.5243248316598,0.723216184288296,7.83010758354977,0.531763756194829,22,22.8306141127806,2.42598440530823,6.18037926967982,1.46173390256361
14.4541514708636,0.730099038362903,1.49134133886181,0.398105210958566,9,38.5850520841237,2.00151782429044,10.8044015857148,2.9311240681267
64.0208307624338,0.965603558419143,10.57350450176,0.927721800813319,11,36.5818677270207,1.96213591766247,7.85065819006959,2.38526423482871
28.3467398153609,0.951559598090377,6.14957690288234,0.742274499951531,23,38.2803201017067,0.885422066082225,10.9948127748042,0.99237950054759
30.1467953279182,0.583901287375256,4.09549200695403,0.490662687104515,13,76.7682955348311,0.805200327513674,6.78227176485087,0.515547135552575
50.0715847461776,0.857659803733539,14.0652161568858,0.895097908458674,1,34.1816691063627,0.761784749648824,7.49997059950704,0.894377761473453
43.4020543813309,0.888571865594352,12.406166294006,0.992999296690916,23,43.6089758000189,0.384555106029277,11.0817020900068,0.814943238000902
37.2568139450082,1.10178764713777,10.2585165030538,2.58896120242355,4,56.583396962367,2.67431077163289,5.81103498178633,2.36557658216117
36.5657106547321,0.596402154369984,8.02019438003332,0.61614529595225,5,45.7671004228472,0.72935708696937,13.3216315677369,0.909421638214524
73.9273328351863,2.97676026177997,8.54988884073291,2.37361029036656,29,61.1106282114053,0.743373079019848,4.69207399855692,0.459728095239445
45.0740224536247,1.36754162849454,10.1777109926542,1.52961285162679,23,78.0899042355697,0.614569614477966,8.98492471130763,0.612003005307378
72.2507104721085,2.1985965843035,14.3219784104037,1.7477352118776,12,56.1236935375444,1.25081355979221,6.24207685561442,1.30136586850555
98.1626942225105,1.23070127889992,8.8706156834571,1.09813577901786,22,43.8587547023123,0.938421699967186,14.5810971914621,0.948869604408606
17.7191469073216,2.84145342029221,5.41385631369904,1.17788423144952,5,23.7289338712271,2.83559157511242,6.13281557749013,2.46569378846968
279.976654723153,1.29606944400782,15.6070170354132,2.98920813104744,24,33.3289840926621,0.510069629444441,3.11804503979526,0.419603723515515
53.9233448701873,2.63262119243518,15.0299861759468,1.26544902506105,22,120.971216102841,0.645387549789814,3.80052705152804,0.381518367894177
48.6345792334485,0.945634869345025,2.64602010438756,0.388816324696407,24,15.0750452602933,0.719069183994945,4.37715610139271,0.779981939151235
157.69973361727,2.38695148056561,11.0928412365608,2.60682496014582,4,43.5035058728194,2.82905030995043,9.30013415088742,2.76421795270413
52.584209582235,2.86115950665777,14.6541259901818,1.72884734488383,4,119.080252252989,0.797147102140311,11.692252772184,0.972137961610234
138.106929695586,2.69149348303187,16.8732824187041,1.91984172957417,2,51.7012587032916,1.4905740320543,14.4716402779078,1.48668637230071
177.246220778213,2.05860176972073,11.144105817195,1.32946834561174,17,48.3873104449105,0.655385966953913,3.44076693545665,0.402219040544473
20.9646671752659,0.637309137386623,7.52684609792698,0.776878212852565,12,13.8390375027045,0.752481225047679,1.27135899332189,0.375072333195166
39.7582798318694,2.5335609595205,10.8170045024167,1.19826564333088,10,70.8434878853782,1.67102156473161,13.4159518899167,2.91344219071038
48.6799493371789,0.936054858787026,8.33869751795017,0.738044749257409,6,12.9597286122661,0.458628194468645,1.2795660520442,0.33231834349805
24.7464350225654,1.23995067318532,8.54126100057292,2.17516194769595,26,27.2993194223688,0.849813815173143,8.53010426488185,0.953358981085604
28.2889486132925,0.752833235157015,7.00207934512494,0.624995765275218,30,40.7079200216843,0.79184128530526,11.9296936553358,0.995952229396935
28.6692433392845,0.455647368636403,6.08306597423262,0.492267075898461,7,39.9986914364021,1.38328296505982,12.5238246095284,2.58335440166198
27.1337556371938,0.849175394623064,7.45097511534729,0.886035189177044,18,103.277843439982,2.47414880552074,16.1657841208169,1.38990070007756
28.4189681812538,0.665808418601448,8.43913839678488,0.65651623708088,5,30.3424381555162,0.510697510357994,7.51193730352113,0.774219941816055
89.4043534823355,2.81640316978017,12.3910320164226,2.75879132631105,26,28.4007509352727,0.412567595500983,11.3337327574644,0.670706299160044
58.7105529285557,1.7164575346828,13.230093822634,2.44079039124995,16,33.8102075751999,2.02161361484481,6.66643130427328,1.95861787546289
66.5274998207741,2.58109254675297,12.8190040299174,1.48889447962878,26,13.3027219251923,0.449401331962091,5.81122005646147,0.669855779789751
87.0164722675631,2.85432222478442,16.5809137388617,1.99692200244151,9,92.4272998848687,1.31956397376976,11.6245676879058,1.94428790839451
165.436524180794,1.27745984336706,13.8417330929771,1.33494564761414,17,157.548298468685,2.46708252684342,14.7959342690214,1.10554895092795
153.470789389166,2.48256683804701,11.6489825707126,1.08936593840527,10,38.8475297696681,2.27118961762777,8.36286018500282,1.88324007837471
29.504476143332,0.968232705619217,4.50735173986416,0.56171182833243,2,144.09169580266,0.874385329775087,1.88679503774469,0.327727280657678
32.4519059153153,1.44089003455247,8.42813643487591,2.22315299180889,2,30.1305533834287,1.00796625543869,7.70405852045548,2.00810181059285
81.2438141514416,2.62618055085589,8.17240150658222,2.97597622924148,7,160.776758398068,2.56462082207768,11.9046787011553,1.00176163992814
63.4921129334795,1.63627850531032,8.0116667992487,1.24364091823219,18,45.9936690144732,2.49714544794244,7.99511186129521,2.6815134143654
72.622931647011,1.16072927664438,5.56493944522633,1.22759162290602,14,38.2100187044329,2.08977526344197,7.21466748535182,1.28895996003265
193.394431937424,1.68123762433874,16.1541040914456,2.62446810814272,22,31.4484027302073,0.444406724595475,11.3658223466272,0.774092824029077
77.8554225137668,1.4780415250171,12.5638215528398,2.98266270725828,14,26.1085588076057,0.544727781978239,0.879170132012913,0.336582223097322
76.8951942890536,1.03665502462465,9.90082547364759,1.8159205405203,4,41.9537904353634,1.25706484286063,9.04826377985885,1.65446221789026
141.948134681824,1.95565144385698,16.5453861222458,2.2553634169927,5,35.7580541327667,2.2217684884632,8.65285336331426,2.93058827465721
18.6736377724453,0.666196573403414,0.904573943031868,0.321262303510904,18,131.518137179606,2.80089078058952,9.9516265688962,2.33308787392403
26.7294095059174,0.405850674210096,5.68380012547817,0.536418612145627,28,28.0096486427774,1.7477128802697,7.64530729353613,1.80504274833848
97.7316629451139,1.20386371986888,12.571204416782,1.04006919343898,10,105.410329484702,1.61078152854864,12.2130282007644,2.63296561855945
148.074979786927,0.941456624258316,8.56464618729662,0.682863224333272,13,21.5026625298462,1.20718097671498,6.42743133403601,1.97966963457209
8.46560791333543,0.346832922475546,5.78665344547462,0.516580433660784,21,56.7835787172856,1.87530510144897,15.0473960426358,2.09569027391036
16.3997613868067,0.420248315028841,3.02065894829601,0.3971601761161,5,58.0977105917705,2.47688314751811,11.6584485878825,1.06993908214042
7.11184832227932,0.357640348051905,1.75538269198991,0.356051544818223,20,33.686936227499,0.438257824525866,2.55675610229199,0.354442107209695
155.63104908545,0.98918379224344,9.42193422873993,0.588607432355384,23,31.1062588344703,0.628222870062552,3.49750834341499,0.402692485543888
103.323162345226,2.64827831033806,14.0422874670601,2.59589607648494,9,258.453308779621,1.34527801209893,15.6148438665088,1.98540658784005
32.4736779189725,1.77441146575097,7.939835401537,1.18194013397496,30,45.7243304183561,2.05100451447719,8.82977850865888,1.69260495917295
42.5217057408062,0.930558509611525,5.49808840675801,0.503808071816156,18,72.875429600428,0.821561947481241,7.65843799291903,0.667382214238659
252.421872169868,1.39045764037602,14.5024608284664,2.73226590582867,13,96.9366448192067,0.525081822741646,8.62099427779899,0.656006332740535
30.0443985399168,2.76964016596915,6.06996956200876,1.97590416786201,19,6.29989026509425,0.35198110792857,10.1026815593631,0.993552672782437
61.2129188047621,1.68412381668644,8.87443272100775,2.92533326235497,21,18.376012183265,0.995582130905716,4.97690150586301,0.882183838524525
118.06789963976,0.876628608497703,3.54484817944827,0.389865739661624,7,34.8452170854772,0.845133174352599,7.8044917534028,0.892513462252968
50.562903482941,2.77370582681138,12.7922640962346,1.79557035343645,4,221.655562189805,0.864915212249243,13.072052268175,0.790635542867705
36.8927602420045,0.500682209134268,8.49320522069092,0.801204183552199,19,40.040824295272,0.923507254008986,6.31098521813941,0.995418437790794
46.4378354788486,0.592890109412833,3.55826670730709,0.559744517462855,15,45.7302828544985,2.54113722868459,8.2447903178262,2.70397170580268
39.3425510329082,0.461210860320856,11.8829320787533,0.975700243710683,11,19.1104451222567,0.385609577270384,3.92253084618994,0.472647675502934
11.2879355971216,0.482865181754536,4.29459871153424,0.66484284302989,14,33.9653965683254,2.97124125843317,8.52314909102168,2.07552629762164
27.8752507925808,2.37614675284296,7.26508697805852,1.81307968471895,9,52.5070362014832,1.78271448876155,9.99621060260593,2.8586452251914
65.1940738777543,2.5521025275329,7.53702695869393,1.07633975680441,4,104.990403590305,2.03980548056266,14.4637358996279,1.16622453909927
106.972662419411,1.68495941862485,10.6907670044328,2.4355688357667,2,94.3305234189759,1.53555380940802,14.6890757715159,1.38851643757537
16.2351259603884,0.502860691157982,6.54533382266953,0.75061081636731,6,23.0910862618257,2.56179342186281,6.93795392460093,2.16096842770737
32.1500842217903,0.561004807170377,2.4799634225895,0.338407275260384,7,15.5998561274057,0.389139681006115,11.3566216075507,0.7636708946
115.461510983223,2.39777052260651,13.3296638684105,2.90701653430755,27,37.8453846167181,0.448370271538036,5.09973670736131,0.450271730840655
47.8920676502026,0.472710715443339,6.28674253135076,0.567189943331144,6,181.290522961783,0.839740588362911,5.53298820023667,0.438325329554973
48.9488530105316,1.04931046249041,11.7216025589304,1.03762727431588,17,50.0706668869768,0.744807589393684,11.992568017609,0.794076596413126
34.2254357162085,0.615733464442371,11.4690573452301,0.926698036255963,3,23.3405624445002,0.838295971359348,6.69117607523125,0.973952434037418
65.4427758667072,0.793728360521638,1.85912782203606,0.328756294418829,20,43.9229287955604,2.38141332566349,13.6663493664806,2.35756080139119
22.3214278119964,2.51877107357732,6.50839851075631,2.26971965991278,15,218.927634445657,1.39890982972112,12.7348766353562,2.89905808260044
38.7168400847659,0.914739854478207,8.91659382051355,0.598925502456396,7,46.5144094500308,2.14095313555713,13.8053113613256,2.63000503390889
27.1535286964418,0.99070895732383,1.41377519074362,0.369810444679188,20,40.2759187403816,0.603742382492295,4.68428361081348,0.42812943518716
12.1262216480954,0.546240261859981,4.33404614707918,0.606927900761091,15,3.18272554369119,0.320929085843479,2.8990582998794,0.529668240053548
82.3652496844466,1.25364408847108,7.26048631964592,1.16847146741029,25,80.7891304226398,2.06985060246635,10.4479910370896,2.57927187135526
30.6709720292696,1.47375554701139,8.0577697179542,1.93258938100951,26,65.7374573388469,2.13981743629871,10.9881032257346,1.61979944813683
67.4404488860494,2.69439471999511,7.87916204359528,1.05829622559668,20,10.3556033660644,0.481105234995475,0.671304118540741,0.315543742534176
6.89946811875431,0.340850107645172,4.25049242955407,0.458974883292025,8,25.8059462608184,0.364759931548522,5.6236352401092,0.633315835926754
51.1242882377328,2.82599128913628,9.62466559825134,1.37314045441637,1,121.699778997844,2.80948823468879,12.1895316394926,2.88070811371401
87.1749539846431,0.576404573329913,12.6491312100022,0.994745747681957,24,103.805176470414,2.25567457324314,10.3314421894701,1.41814507986215
51.726484129594,1.80895678351404,12.2515971315071,1.52838665833034,29,58.0195845757572,1.25729931944163,9.19517066243145,1.18790226112479
46.8859623793187,2.11759957041137,10.3373720681835,1.31924200285483,18,27.907252945987,0.402741934806177,3.17425172595493,0.558868490129795
99.1851174549424,2.90794889096648,7.67626576298554,1.6560174576482,8,16.478892840472,0.426169647193106,3.21940545709921,0.495764732592405
32.4195883321772,0.727122549494612,7.2547966484818,0.534368337155268,7,99.8429879843502,0.87928051043244,3.62778301909413,0.396767092757981
58.4492489058221,1.7895125042264,15.3921348952196,2.11858072455747,17,36.4251223089252,0.707005674546129,4.67243930331506,0.847058053293366
50.9764434381814,2.45249152355307,8.96352540387625,1.12487440042477,21,51.2059322448853,0.901003861477868,5.40864174558402,0.590541683722154
180.468056196486,2.17363063936735,13.38158076613,1.65542417173573,16,90.3784852532074,2.08108198108361,11.1297832831985,1.87880333001649
6.45411887609991,0.305593047254103,2.71193287858986,0.409132496261253,9,171.125330749262,2.40112804933865,10.5769843915042,2.10871729259884
9.39842400543566,0.490518694885212,3.93259543469459,0.572487396119131,30,100.925587080118,1.79392589575425,16.3182491140927,2.7259320486205
50.2877393280088,2.50547065806194,6.87373707870469,1.63110223837513,11,37.7345412378403,0.773807425761083,2.82491069353381,0.379617783373661
26.0736755777315,0.555741743376923,3.8024302733606,0.391083114394358,2,64.6704663356866,0.606459965727493,4.21184760248934,0.50665641412157
89.4252389445382,0.559083208887742,11.7151612142766,0.977273204741713,12,65.6752280640071,2.99062103962019,14.2004389790851,1.53668934315144
27.243027678059,0.739795742199667,5.3394574529787,0.549636837756159,11,61.3749748203073,2.60639792829325,11.5171853309509,2.19958023245665
46.1552140754418,0.705055279085473,2.40598499576454,0.387038671168682,1,54.4618625525813,0.644710561261036,8.36044079736929,0.642846663645718
48.1955955434881,1.01470897224885,10.7770598057711,1.4206422973383,23,99.8571960435052,0.987594877521633,2.30005453909287,0.435089998424924
15.7420413684048,0.377055396395996,8.58042185084041,0.697206296242688,29,13.5807611233728,0.559286276722488,1.16377256159247,0.339429105235676
3.30507508180327,0.31931900232775,3.26591847026306,0.529424830050917,18,12.9406803504872,0.308749195504738,6.00828042253497,0.461063038470272
66.1865652541491,2.95833980936022,14.7869173688607,2.34893945284857,21,100.127238647044,1.67134249777977,9.11823363922271,1.61262008403865
17.7719228815198,0.450175123304106,5.69640565894328,0.711519113324623,1,16.1580338893786,0.318663998725924,5.29281401575001,0.507934138003673
38.3153750332824,0.89897582647515,5.62156987338242,0.584039768191318,28,37.0198783350764,0.686154440138802,12.4760776499127,0.930787486547215
55.8670061755146,0.95719654598489,6.38470840900251,0.896868908876558,3,36.079090365595,0.795344385183437,6.82850337650273,0.847532224430069
61.4234245373193,0.543052616745642,13.1741558287781,0.949954877103687,6,31.919845083551,1.19868178766296,10.2801538138957,1.26917427849799
33.2679583584527,1.38665513785875,6.66314185718881,2.62575635100343,21,197.812383813502,0.858719380669451,13.867633027551,0.862800922478167
79.3085575784201,2.16825312094478,12.0518860436099,1.59442404363822,28,35.1508589675856,0.947037585285363,7.16554880666582,0.576887641425808
22.8931894668958,0.529740369645681,5.68974575258134,0.540427635055459,10,55.7273080759467,1.66774890505429,12.0747822409574,1.52655318333138
78.0073514000655,1.30629390687043,13.189912346508,2.45657773520363,12,40.5053237811452,1.91430626268542,11.8516767498764,1.60490949034969
41.1209214688099,1.13858230344952,8.64978146754913,2.12525558005113,21,57.2433646030453,1.01235382471856,8.39251044918717,1.05330325756468
128.404867106339,1.56100487520329,16.5609971318169,2.39936779378947,12,60.3771162967532,0.568072970271347,2.20707207969275,0.34838918147677
101.984193841233,2.094438913081,6.66696049822885,2.91043657379261,21,39.8778259502839,1.87777510321772,9.0313598747581,2.67996705562128
126.030426942939,2.91768515423346,12.4284679473266,1.71569935041229,5,47.0098365940529,0.718857433767115,8.34379339824701,0.891296444508265
90.6825837459287,0.626963955980403,4.90774557211964,0.532789444760057,7,39.7305028619773,0.603458424185357,8.50431393161094,0.546886627302866
42.3760316598585,0.587491663563036,5.72707036516838,0.672882044298977,11,91.9039661479325,0.73057579612597,9.96215375632365,0.971586251445114
57.7642810118975,0.943005475836292,2.12133462834084,0.356111301407263,24,9.90393286051398,0.417716343547264,5.79774286860073,0.682076212654123
63.3635084031297,1.55663378954195,13.7461387402993,1.86131858089153,23,28.6435926264814,0.498150704013437,10.0016200648755,0.963264764952912
36.8542201051943,1.23062852287175,11.3138711406737,1.04748939219738,2,12.2466291095223,0.449815069706545,6.76131416462622,0.826194071153457
13.4633407012957,0.354703812750809,13.9453083261799,0.903539698533076,20,51.3461429604546,2.60991072490879,10.1501759674474,2.82677479112562
5.58849651264831,0.301934077869393,8.0444887677245,0.52839613726174,8,138.55719152987,0.570610339052541,9.26182316538941,0.633595940592837
68.8582608551125,0.702799736926149,3.28245449780801,0.403872753250077,3,54.3652133299032,2.77897908330175,5.64783796816297,1.21809230537141
56.3717197122499,2.1935730087557,15.6975482275352,1.32982499766077,15,35.8063141696483,1.90301626759962,10.3684956802729,2.01945008451169
27.8604199172472,0.668189079701102,3.84961675428434,0.654173167858318,7,67.1497170924905,1.68032878967888,6.22324383522285,1.06262303438459
82.8371915504121,2.74029070370363,15.3360811110022,2.9278732604264,16,22.6473220792092,0.82550481210753,1.23533647643555,0.366425455411656
208.304639944755,1.19893776969798,12.2487406491148,1.25783784607414,8,29.9338556099712,0.621479350776521,6.73794258370602,0.870905534051198
74.4113880839735,0.802048047098189,9.41489830301417,0.957489058637018,8,96.7009133041202,1.88082830702355,10.6723662918958,1.93350790923964
17.7007326398497,0.451814649103402,4.26515350505883,0.560797772213361,6,44.1716827701889,0.554568992023109,8.66716673819813,0.902472356029479
21.5166829524827,0.716965430901959,1.01184345842156,0.312407050745352,11,39.6909055102701,2.56818525457637,11.1473391487988,1.02328058862439
177.52881203211,0.748187248897105,12.4486140046671,0.806451245507741,30,151.235546454696,1.76049404681949,11.2807667073152,2.4497010916233
51.5059900869868,0.690628198311519,4.79916063027625,0.730542301855093,25,41.9624886597223,0.939742599743058,9.32498455586461,0.86414817885688
56.0493987160797,1.327062522643,13.1465795968815,1.15758746236152,7,66.02334103104,1.17353548372167,14.4339711344704,2.48815447729217
99.8041439369701,2.29473824514543,13.4363425344901,2.85477501264109,25,105.561472326387,1.13096090988319,13.781271362624,2.26876087079612
122.330374353457,2.49106375943305,15.3029352601413,1.26074200041099,29,48.0541265059808,0.587262485868037,1.62277518272956,0.373449972068281
48.5856908137521,2.1610622090307,6.05304263739577,2.48138182335195,25,37.6136010339407,0.726054829516816,2.05778949496904,0.317812471871311
64.8334532107641,2.69063540492262,13.0835403106043,2.58343262065868,15,199.852709889291,1.72601954488432,16.2200968335515,1.58604589389857
57.3393433518257,2.6017743465797,13.0392301251402,2.89073013136926,11,132.975491385229,0.865923744813388,6.58434471000614,0.77939604110785
33.5397148699027,1.46979090437127,9.54069000404902,2.84508221672469,8,144.387338974029,2.42364118000011,9.78224841958736,2.66432790614044
150.15394131359,0.911255001585212,5.17312707593435,0.453143641432376,13,23.1600460133369,2.91223150253507,6.94429111191424,2.1856522685498
94.0988634454874,2.9863593602934,15.8737137097662,1.34310292903143,28,19.0265579872788,0.887614869679348,4.84680955507941,0.670209845164846
54.8013468193329,1.70510228987125,7.33424064370056,2.06998099307029,29,30.988333235029,0.69970290988834,8.92643724498921,0.776882677140146
33.1526429348473,0.544803188594561,7.56861864482648,0.570688105504817,3,29.3815751473621,1.23926110816317,5.5586436227225,1.26008894990147
48.3111759265783,1.90060521233817,11.6892565503657,1.3222957388074,4,8.87681806583476,0.300344842689637,7.17403262223494,0.892488786774931
84.6542297211353,2.15940051857815,14.4352061800867,2.49679060553902,3,30.3368707547051,0.73855026865634,9.20769689059322,0.84391779281817
32.1076917260858,0.964056741324397,3.90414721093246,0.517852502804139,20,20.0890110739143,0.514120751898375,4.89789155075655,0.452450982851436
48.994071169009,0.760362152378608,10.8674094651668,0.813606138220057,3,33.4130996141946,0.928827648980093,4.12117601775835,0.438529074082365
218.745030370236,0.75870676251212,13.4599576242801,0.819368961428323,17,32.5865722242583,0.938869539217999,8.57383392640646,0.916197625565652
16.6801525887304,0.541901719808224,9.14744033448429,0.985476969441261,27,58.674510469548,0.982945999701628,10.8575851317467,0.954754152372448
38.5780924241536,1.4888553294303,6.54432846883733,1.88514206343394,20,100.14624987557,0.992704613783223,3.86983929738669,0.458866861347282
37.5610515380076,0.362875869888773,9.61404631346261,0.69511728714836,12,23.2960855038818,1.26216759061153,7.68127829854912,1.66380236317486
84.1098194000891,2.82379732210637,11.0961918389361,1.71770298317296,9,44.3472034019989,0.981419264452694,4.27528255648172,0.644245822545243
49.5341198295099,2.48973081367316,10.2128189592858,2.72434749327346,26,20.9123991875671,2.04083801389069,5.40192103933577,1.25752957543169
42.9868054738131,0.561446970993109,9.52177068092961,0.898875567172642,8,45.844920179153,1.92083384658971,14.9677560852373,1.68941430411041
43.3833408551407,0.829234517368878,6.96463719914243,0.511566061455535,29,73.0181819098172,1.62535927991877,6.50802760204689,2.63914067558114
29.6649184178336,2.5327077272903,8.889408264928,2.97236586773055,23,27.2451273159177,2.22616157470655,6.79616497786147,1.94187109999054
9.69493231158712,0.356558367361645,11.9401129909123,0.97889785975467,26,50.9828441662364,0.696981605062613,13.4634842964459,0.860971234693143
59.5257588069552,1.53068437921449,14.2800143759715,1.20956217121168,8,74.3639837304752,1.26110724256948,13.9085949910915,2.77175666470218
123.976411926909,2.56719245137117,15.067980310547,1.88729622279061,17,62.7211277683238,0.852748297940602,2.88854906169447,0.36833036042792
25.4408244921895,0.52296747525152,11.9185834983697,0.974424174760465,5,21.0004911571096,0.382340512557219,2.73563771101479,0.345376675144374
80.5083723114717,0.953646678348822,12.1338609317123,0.896110961338342,17,84.8007028197957,1.39308895781495,9.63770521970402,2.90775125700559
148.356788721335,2.26499676909916,11.4435583134852,1.77193289111362,6,24.878673547882,1.92119156572162,7.57494399591551,2.98992360292955
101.076709424785,2.97821188494234,7.69173857452845,2.03035711190845,3,44.1320188979185,1.6275021951283,9.73023012284438,2.29353692782339
167.823892417585,2.17655174717468,15.9469997130996,1.6226792022789,5,32.6125678453474,0.635608303799015,3.9590719357344,0.562658274078452
60.357873622445,1.43685545343964,12.2203277246308,2.02409377300896,18,24.8236147433667,1.35523280416356,7.23464400410003,1.71056091825376
62.2061051908307,0.930429521752281,10.4541187785117,0.73745566007334,20,144.502230551653,2.08253183777095,15.2956545309508,1.46536422555877
12.5795970491222,0.36930701033223,8.77883176142023,0.853835003878287,16,28.7468084086852,0.337089031858527,2.55339231065696,0.356191098545828
63.3885512014704,2.74573370011736,7.43412139945792,1.24861612845121,15,29.2995393836413,0.643467052054931,1.63580887357382,0.360410178620347
47.4091711011021,2.60283051150596,15.6378821736337,2.77915202015381,30,66.0243748638342,1.92887615034112,11.7621156881522,1.11152965749359
37.4655654025812,1.02924201829809,11.7071325284433,2.80530789313383,8,13.1961310569285,0.359546240379269,2.59199207956091,0.38862206094526
39.7556030599107,2.94196025732316,8.0145756920249,1.94363699589572,2,24.8334030421507,1.39212839514957,7.93063798715468,2.00868944970443
109.617652702641,2.14399203603629,6.05493440357821,1.08121149631532,14,39.5144651748917,0.58787188710784,7.53248958529971,0.841736666761818
57.0722456239187,0.606259775628935,6.40146711906503,0.470832506116612,17,66.0534109439281,0.928367614482637,9.10239744224837,0.868775761443215
209.214640231167,1.82362133910477,16.7394136088849,1.77569901010504,30,11.496788383358,0.355754343555807,6.30117910018866,0.624586658967423
42.4196917735186,2.71595511991092,11.2147995035283,2.15355415360506,29,73.9413116880629,0.750857548961209,6.20499059968918,0.921334358886204
90.0543788316249,1.3444137361886,6.6378181468373,2.21953714010452,6,24.149947048516,1.6862334539925,5.82967017220593,1.7848754045583
16.3094133926493,0.336210700075855,6.04313600374151,0.545349098577389,17,91.9361786226145,1.36545541363727,15.7981268519008,2.36468677607128
121.456045388964,2.95774271632483,11.7304902158087,1.00991274884021,26,53.1506700339389,1.33775322996354,7.4264193930628,2.10369888309923
29.3928584862208,0.773701891157876,10.3296578138317,0.868413794651319,20,87.0196273576675,0.911553904543371,10.6498260889206,0.644205227890623
34.8824086135065,0.64336549157114,10.1156522656857,0.643169063801619,8,58.6585173405901,1.62424334855495,9.10616446651154,1.38989702889657
106.449106291158,2.77209922029994,7.92668617125698,2.08119912157818,3,44.9943863762118,0.911550822488336,12.839044583487,0.92199255336615
34.1872673349017,2.84895715091973,10.0901849729865,2.55630590367506,27,55.2235516443865,2.27033618275198,6.72401085054463,1.32465237195021
26.2133621037133,1.31235499655235,8.19584611019108,2.43716857225007,29,57.7626983689958,0.669049283726061,8.46566889000846,0.596889888238683
41.7419743220587,2.71550277787492,12.5366676824536,1.8158166691257,19,37.4374161830255,2.5206402976971,7.94603337010661,1.43572712831554
32.8376611847764,0.977071652391248,8.18221569890641,0.779702011984563,20,47.5706447287394,1.0856420993052,8.74882603093026,1.85294756946775
32.6050873636548,1.92070320034955,8.40798770657324,2.22138810017699,28,38.7745933318078,2.64521441905369,10.3448784739185,2.7174383370768
46.6928617157194,0.487093170063519,5.04091571642385,0.550181687905156,28,44.7534094358622,1.16515567478437,11.0798983180301,1.10089308075882
38.2764750563118,0.732873675081635,9.74514529717857,0.840510750775073,27,56.2232055697497,2.35193655172051,16.6066584254169,2.71595022221842
104.449999945601,2.52560539598017,8.67090118586886,2.8850726835992,13,105.664333559393,0.855050748736069,4.91026486189165,0.567767571934233
81.7680748873718,2.38795532005797,5.91125727928834,1.78410725394412,9,44.5700389928766,0.833902266004529,5.35421961685929,0.472044440669806
41.3142927529234,2.48845812944348,6.2785231653692,2.23757280382627,5,55.0249302859958,0.660673702311988,9.6380647045817,0.827238792263117
61.2274072731216,1.55371277385199,7.07332868398653,2.59781482486222,2,44.5535675844161,0.798372286811706,8.41672273833995,0.977928883132778
86.2503896185459,0.799431428083993,5.39997554029418,0.682853507779261,26,139.620190936995,0.990340048536895,7.26608441462125,0.901410976777793
84.5168285648303,2.83001975145541,7.70378518412668,2.68543766029959,30,20.8861925868435,2.4262730456668,6.34434018742468,1.82351850652624
145.308858593117,1.88956781017595,16.4144237928965,2.86073458525012,25,17.6061428980159,0.444628753244055,8.42214344398674,0.540882924980845
61.3633514854687,0.508857859971638,13.7519770521539,0.98986110483277,28,34.7410634298313,0.470129519824406,5.21227976049554,0.459472685861273
103.463016861246,0.911591666178196,2.86535816074963,0.380369203710421,11,54.6884091846664,2.35173113323584,12.7447701094114,1.24186903085512
35.6877680815578,0.957325007214613,9.72853619384956,0.97042307457869,26,13.6501810125202,0.343993672834073,5.08806578657362,0.670621888365789
45.5763184703451,2.0302122451238,13.1393678461121,1.65158219395051,2,16.5515751130314,0.592031730759023,5.85791284751116,0.92931577571349
37.7156300538764,1.84662032154463,6.21516013710655,2.86302369697444,28,86.5670878278817,1.22551584982565,7.36469672266092,2.27099734282119
196.521669959911,0.81407580798214,13.7651798255776,0.893500511548914,21,58.9925827866713,0.954893607859897,1.70567324148403,0.327518774556012
20.7612781964196,1.92497695254034,6.35419996355708,1.61483023913645,20,19.7208525082367,0.408847119127142,3.05699914752699,0.390495675793179
31.5629720334775,0.491632083366069,8.88923051052708,0.650941812062362,6,21.1191895075034,2.35464850399998,5.51214849310323,1.42095872807771
28.0549834282024,0.740612654056902,5.89950736673657,0.525779964451523,6,44.4437407985075,2.49977522893746,6.42414083080489,1.61064388355044
6.24509502660218,0.317483165783809,13.2684484893459,0.926554574163072,6,67.9593384513108,1.78859635404363,11.1362771773792,1.41310847802885
38.5569755127905,0.574117754351376,5.17178411677176,0.797162843565194,10,53.2067014162753,1.98824991170033,7.95826546991789,2.61619697090551
19.7848810545093,0.454828027240179,9.90052863880306,0.834139019731699,23,63.7289490261646,1.58524614849131,13.877329558797,1.98368789419681
98.0098530131201,2.38837248139381,9.30016115518246,2.65762051242843,14,71.7545999540972,0.846596120691548,5.83329790860112,0.462158468980239
49.0225684609946,0.761198417442637,6.41426404540611,0.612656772949565,26,87.0787082825803,2.43549449032928,11.8010848166219,1.93282391609074
67.5061365318653,0.605587996429403,2.1128774211883,0.425312268482965,11,8.22746152958817,0.355907903126907,9.56478619010362,0.944869993544552
69.36249674243,1.96598770441987,11.0551680882712,1.97385125059876,19,6.51481537838056,0.308870452155082,0.954839781972306,0.333405976275025
21.8014389761447,2.20424134046953,5.82410440434116,2.00498171446494,7,20.5039523410965,0.887123540206862,1.86833726953153,0.391882562047833
12.8714293989375,0.325331206305148,4.07552743390611,0.514435292011211,26,60.7888112425694,0.875504393235444,12.5462329829198,0.83479954580738
72.4023739778451,2.83428362787049,13.1188968115178,2.15107788702697,26,120.59879317719,0.779859244551033,2.73249544693748,0.431821867987322
33.0207738264661,0.420282268568937,8.54577305362458,0.60789383365066,29,86.4723891833313,2.83334437646545,13.3487704819894,1.84014907562501
49.7964540922454,2.0562424314453,6.35626183493846,1.48430145500633,11,18.6723574086511,0.413236677362058,3.92323014095284,0.382859012447845
64.745299317469,2.60095250474258,5.65855628997704,1.46027751747652,20,110.893212970476,2.01203703284445,13.163553024475,2.18303078136528
69.0113112736692,0.636122984791783,4.44134035896807,0.407247156934709,4,31.3885642445686,0.464757084177804,8.22413022486113,0.952495369729526
12.2411265396566,0.508954500257492,0.595214330143128,0.303487128863828,24,38.903248964491,0.433214254111838,6.70487369841283,0.943244389089567
30.5923121595048,2.94660041031027,9.5645848349631,1.30109699008458,29,39.6143721448265,0.616800670890196,9.78241260043611,0.769649850912766
39.1349140191278,1.64053254013973,12.6400011055872,2.17630488842068,6,32.903030254568,0.859708294118283,5.17469157780295,0.567501531856785
17.4730811847398,0.793025229121694,5.08588987127624,0.857877640512995,15,24.3003905590865,0.407303587389001,9.89727358983251,0.711419747949269
39.304679205051,0.766531460450464,9.96027270173473,0.761121520424972,4,30.7138016254105,0.738625616399831,4.308665973374,0.559132836803871
34.9202928836605,0.66596408521301,6.56412556232542,0.662437271650596,25,33.8843923151265,0.924164689279208,11.3736956622968,0.96079403556364
43.5788879485074,0.882549016624085,8.67093336003862,0.598492657512417,28,27.1638297852346,0.776376026519825,5.95292553045554,0.774546531971778
180.272700242713,1.2885534500794,12.5029597975703,1.04604381386973,30,68.1443606924983,1.96898155309885,10.2830807954962,2.0493233387778
51.5899254222231,2.65263799235592,14.3419932175617,1.38947740957117,17,45.4776689024844,2.96891141749089,14.8691713040735,2.87364196869365
36.5037945500697,2.60974660317423,6.71027532053891,1.34778347234168,2,95.1973287819789,0.577286190034102,6.36028246688509,0.667286348361828
30.0680495896719,0.734008488562715,9.963638782006,0.877836360130321,26,48.5608268704028,1.1425844179976,12.3319009739427,2.38650591321948
202.678677044623,2.30444489031481,15.8560423657263,2.39786269514192,28,32.409908681779,0.497108614934261,8.98399056455377,0.808016399277416
54.5926783574612,2.5789673887148,16.4639888805365,2.18905762890504,10,8.82631035096157,0.399943455059451,2.46969812730459,0.380086315264361
171.613500266484,2.49218098384219,13.4757339758489,1.00134927653012,17,47.3152162687209,2.62916162657366,8.9179906025755,1.9804724556728
97.897998731849,2.67893324930257,11.4036658376535,1.17245386267768,18,66.8698818340648,2.7334147395464,16.0233250190217,1.76970621121669
34.9767393888277,0.647849074995748,9.95000963361783,0.649910954123916,12,58.5142335317388,2.08723341574979,13.100547395459,1.66861968208799
46.666078829387,2.78881626899519,8.39709637865691,2.83363481583533,3,96.0080918409029,2.82903025818869,6.76840758033326,1.96557329618998
101.843519882985,1.14535436921899,9.44944771435066,2.57634384567896,26,29.4883973823517,1.81505075845077,6.53561192576646,1.88030604456462
83.8479331278389,0.726517715535641,6.6090684991336,0.562597968397783,5,64.5454953629183,0.495794178218871,2.51298901301104,0.426253637864548
49.0405639366844,0.512189084034716,4.31752870825134,0.53878212152358,16,44.945808285151,1.3732619129845,12.9578437241273,1.61395580910319
25.7397974191289,0.635974161155094,7.61223796276156,0.641711133250274,12,64.3909635011696,2.98605299456439,15.3804693782165,1.28475107373061
26.7155960342716,0.853585028334545,2.11360160864464,0.429969335016178,14,19.6740145333852,0.422408540684994,7.62041116376494,0.671917475366005
78.978051031989,1.64088125942053,11.6183145888414,1.60230973165444,3,28.4594655030002,0.571502008205731,7.42855323137506,0.505499996921149
28.3577789288512,0.543299139676957,2.72583731859228,0.385609123241707,6,28.1179246266097,2.0254476452837,6.4130434921652,1.28471972773584
13.0194841212066,0.311267883295084,4.66848937854667,0.437543976445628,28,52.6758144700043,0.547435976088621,4.80165923478176,0.751936143932082
202.099412626238,2.43785684870034,11.4464096451433,2.79444364035834,12,148.000037375857,1.16687146473685,11.9534850459776,1.62646437466223
109.284632525075,0.896093018456383,11.9648890023322,0.956176152908397,30,90.7719604555949,1.03303929810099,8.50769201308701,2.53377570127634
61.5170282686521,0.639838807366922,8.82735986052227,0.81826947159479,25,108.742159413268,0.7254174818688,2.00062403174276,0.345464914641274
12.4186945709078,0.356996362849988,9.77702743231232,0.733656489375927,8,91.3082455094537,1.93850863095315,6.73607636604616,1.81193814822375
56.0233094127313,0.565890445117085,3.02852432118125,0.395927889493726,12,22.2760495719627,0.486938072160251,5.92020172998846,0.909888543463283
43.7001787180046,0.730147470299897,9.93956648691964,0.612822428517954,24,92.523134088578,0.866101610040613,3.30087224077669,0.422783042491298
123.407198363575,0.866977658979203,4.42362409945287,0.40508285277706,1,56.3732333725215,2.11587106408337,9.04239185878305,1.49577587208385
32.4451025917307,1.60837750724781,5.66787288433849,2.33569084436023,23,57.1537981634099,0.478639829751701,10.7295625653538,0.771668680376156
23.6328917996744,0.459248335621022,5.11936698131023,0.917357238198733,18,133.708560981234,1.96064379952193,10.3797400570044,1.51574798746453
9.02086366028379,0.368855148731728,1.06435004951727,0.321742119803283,9,100.018649558141,2.30626361230505,13.0751036634408,1.66471388477557
53.006894728172,2.6801427527672,13.8593607444282,2.8033821054287,3,58.7822888817882,2.51263882365151,12.0355290665521,2.87365575612215
102.143091640499,1.05224191812305,15.8570232171415,2.8462288448959,17,36.8601286425117,2.75110189750776,8.26135238601402,2.94684140288549
69.9212614830961,2.73920144518366,8.10659840680557,1.30246373222484,17,55.9718278879241,2.24308954210505,11.2511735514871,2.73432134846871
50.7781161552,2.55928707181943,13.3542602569382,1.6910744731338,17,30.4286801173324,0.93674070038101,7.79365504670043,0.962616352527428
25.3953036194087,1.49399889694314,6.44544836279717,1.41069225770854,20,97.3240730889084,0.89669859910104,13.9961110825694,0.885010503044001
51.3041066097242,1.96949717190463,6.86982170798277,1.74061384907631,10,43.9143800614182,1.41790525117108,12.5736252586352,1.10822614045755
14.8318651568568,0.35370025364521,7.39271180242757,0.497877759404189,11,179.377604361373,0.743432906813732,12.4636398821838,0.904831939563613
44.4132119809188,0.422830476946422,10.9519646260613,0.664644811859434,21,32.9332729219818,0.545852656993121,5.26498221628556,0.629739621015777
41.3438337099131,0.430056763975629,10.326244966902,0.742439294943603,27,22.5522754724554,0.566852921043879,9.14941041414663,0.887913720504203
46.719005078184,1.42354850962076,13.2672779793417,1.03934869083417,3,30.8238998412478,1.04140650843126,7.49229534937086,1.92630300746082
43.7204837978745,2.34707807119435,9.10057987985003,1.55015395800655,19,22.576528639398,0.493742130535739,8.15268434347712,0.822407194466391
31.9761146809779,0.532085094815967,6.47494864731888,0.538465047973582,26,46.7097969564712,0.527744413075286,2.13173418646167,0.349189446612189
38.5559576699528,0.920450980846591,5.45467091540654,0.506269058653378,7,68.6900551296155,0.478941149559856,1.61537284045709,0.347632363280126
36.1559689387584,2.44002385713006,11.8826790001316,2.49320926405155,8,43.2807627509522,0.424343246371079,10.8166604484852,0.893668289294532
35.9735271158629,0.97432460283179,4.48962558373822,0.550295560099969,11,48.5208188476449,1.6751641644922,14.7883299716524,2.20167176537755
120.461813035553,2.22081436396442,11.3894017512376,1.005400695085,12,84.4465731655356,1.42407949021575,10.3637414322232,2.29046090912755
57.4576824655571,0.675875805615525,7.93361762360602,0.554558553719356,1,51.8924897052554,2.13532827356283,13.5957166961019,1.34211534769077
122.10492309472,2.83371689514848,13.6978668883219,1.46992027054634,5,66.9776373055485,1.18973347227283,9.25818715892513,1.69099444612563
143.056877245586,1.00554075375907,14.950234648084,1.14480757577369,27,62.2100839756308,1.98527044383318,8.28119011561429,2.11116163082458
121.189109020393,2.57938764623661,14.4546922348888,1.66166931468507,21,87.2726558823662,1.90481183545886,16.8499426277698,2.69402296019593
14.0497370359898,0.578067220166555,4.07804953481448,0.544594807600617,3,46.4308353127345,1.18560058288084,11.1523193987061,2.92006163510178
13.9202655003121,0.306888416695106,8.78122552660984,0.760435820548436,27,78.1709951404886,1.46571564407395,10.7163740371166,1.49106874999399
35.7062027273014,2.09139874029027,11.3671907575719,2.36289259860675,13,13.8943931735877,0.488135614068776,7.14658514598509,0.661291298031798
78.0105914244365,2.25513945455823,14.2635556577943,1.57269974125818,16,66.9819153203001,0.870287553009208,6.06231832625018,0.915916117756968
7.49345490565314,0.307794787128903,4.21662964834952,0.628479437590159,9,49.4162984959044,0.960608243349053,13.4895654020911,0.852398971889678
92.251148722762,0.751243649913805,9.57678507469994,0.883491873707558,7,91.0896949690759,0.98371823339821,11.8543324071964,0.866993394780766
13.8337366499897,0.466164786685286,9.70455891182933,0.943827416763392,14,103.083479179657,1.26147324857582,12.6919982366944,2.83504348550172
46.9603888663129,1.17582105498699,8.25639112760617,1.49894299257574,9,4.65848525050398,0.318367830199505,5.42282247542178,0.500529035838312
22.7787275220303,0.426794486662976,11.1687026986887,0.715315937739894,12,49.5906697622415,0.667523289168323,1.52034059833379,0.336843731461576
39.6059710547731,1.74870447824709,10.0922886167529,1.89673114759828,1,46.7245145524368,0.940359756667927,12.4321882732152,0.960898835736507
41.1012642923348,0.635232028415188,8.52925488166752,0.826674291955065,26,35.965324427011,2.27857093482633,8.79172924659672,1.09604545336655
84.94157469691,2.01206591315577,12.5508970046339,2.52125658363773,8,25.5695690198404,0.362546105986352,12.5357348972107,0.876287381120113
42.0300871595586,0.898365995940754,0.827832116200352,0.314888436545023,14,32.6564474088013,1.76975567783063,9.12231709903484,1.5039401195718
23.1374343202494,0.465616423066227,6.0632275279328,0.608680644715848,15,149.981909469239,0.907015708190074,3.0103889434691,0.351391834709741
32.2638804176315,0.883099440520195,9.62104191550665,0.940962364634663,9,29.1483042903107,0.686818368481913,8.07056191356192,0.764602446343635
249.053612344632,1.64920151909444,16.5448258923216,2.53041868847921,21,23.4865219758289,2.07017415728074,6.00049827281611,2.09559444647596
33.2377862675034,2.18261381510842,6.35693648531084,2.74679245788592,20,33.2687688925135,0.598023932843267,11.5665478693939,0.743058664819263
49.4204398638535,1.05242548427697,14.525549667364,2.27121141592748,7,63.6131525906386,0.792726337758297,6.63766735638115,0.480272700567267
34.9418391324486,1.83247078709929,7.24020979124269,1.73586693022402,14,69.6484780635097,2.60490756485261,16.8602148166949,2.50471979231992
16.8077981833544,0.848658156285499,5.35810349320712,0.891357126646103,9,24.810677919693,1.29556123206894,6.85564656358353,2.92508485235105
12.0847761918489,0.404618634039552,4.51186425674032,0.546210250239528,1,14.4588624344886,0.633835579669726,1.28274468831157,0.354665028922765
55.80079593886,1.24409904452203,15.6730694024694,1.7525229898941,2,93.5029998832201,1.3408203831276,9.38858614490899,2.64814549627938
93.4472602334066,1.17255096151778,6.2481832155771,1.28335177747182,26,94.1741674538216,0.705577499293412,13.4954721832507,0.838251097096423
16.8220383737709,0.379405465364675,2.04333515483765,0.323934978149612,12,87.8551200939304,2.74516562717542,13.0864780856788,2.40868195003231
47.9493566338047,2.76505674016579,8.16707840356915,2.47316695169621,17,42.0236547867777,1.71394376010207,13.7783385381814,2.28618044778781
49.9993241999642,0.715319199714409,12.9474659256293,0.909643003532687,10,44.3665658579644,0.90248089740175,1.44712658229804,0.366954700224959
52.3222165778363,2.54812197569836,14.5292365469586,2.43800978979224,4,67.6965658821121,0.702624549074238,13.6638108479752,0.923710637991671
18.7485143487977,0.347848253746857,11.2050403480225,0.914106035907819,24,12.7696897452252,0.309781094032924,5.01927047618442,0.465357875369475
7.41918088575267,0.31921492497583,14.2745388833633,0.91584295452791,25,44.9420293277001,1.31826914492629,12.9853646136252,2.63272635804511
61.1053786491258,2.5308163625155,15.7351096957466,1.43836727119256,10,22.8562954750826,1.28436356321654,6.71681073199294,2.69714510557673
89.9149087782228,2.33187991997686,13.9085051704455,1.91376265281841,5,29.4423817237789,1.8549267562046,5.45650752389582,1.23496149353625
51.624569077798,1.26770416726788,14.3826510412723,1.99542397199837,21,35.4313709663206,1.26598726338573,9.79387425026477,1.21113535541688
39.1863857669278,2.40085071282361,12.3967520358659,2.73510222195444,30,26.1455277350954,0.881490071759548,1.72411809700119,0.353401377582386
34.1945000615425,0.58191768669624,8.33041602791604,0.865014704584273,16,53.6830092682277,0.891327291538511,3.85766066282475,0.479697907495827
84.1071313878497,1.97067915299013,14.9311010409701,1.5706631213394,8,3.4556675000858,0.328143414335345,5.71646093726619,0.776321487911999
35.4696260397856,2.39648193167616,9.55709337746015,1.67553414916564,5,22.5746397541703,0.73696639667577,3.99618544440437,0.503315509592821
80.3959762878489,1.38490318711242,9.58247576828193,2.95241515142646,10,34.9330932462475,0.397609235241014,5.23831681714234,0.714645738994344
35.9771943595994,2.14911208251958,8.64169145263765,1.23942752701607,30,54.7503461276563,0.60072212839332,4.7332155864797,0.422273667773508
27.4974022177919,1.85667236643921,8.17251607686494,2.65699933495495,9,218.244925784442,0.802796899688449,11.7384065685977,0.782556424308766
48.6901190225222,1.48963966903351,16.3467343560094,2.66723378748919,5,75.372910289178,1.36187611359406,11.6902746911832,1.97844822369786
31.5037599480663,1.40454760650673,9.37465851638764,2.93647373559437,16,49.139384813976,2.14280252092974,6.79630006851066,2.74604867064231
33.4989475614344,1.58368696252239,10.0412866132504,1.37273330960732,30,53.5368230870999,0.769726457460047,5.79641209488301,0.48231871691284
63.6977621622511,0.699506985598081,8.31618187821102,0.728696793762572,20,29.6620608223357,1.12851214961296,8.63480938090981,2.8032553598672
65.8830095267441,2.3810858241089,13.6720370626773,1.98650831216193,2,29.9313800815455,0.491115800808945,6.92742142685913,0.762646612357341
9.41433691145762,0.352639371219141,7.88578948871765,0.718434669506454,17,31.7181327770121,1.8739536149449,6.91714345059713,1.72605689670035
98.1829496905123,1.28605668119637,10.1122618578294,1.31979482980175,28,64.9846926432959,2.1387879896014,15.3244816686686,1.77689394715461
87.8978736439513,0.468857083419156,11.3362320055574,0.683411668830046,21,65.1900387440467,0.650197864106762,9.37796367791915,0.604909334288314
94.4721208287973,2.59499849719981,11.275401896852,1.18894325619678,14,27.815554053648,0.725620816548498,10.9142397945344,0.946422334115854
33.3147035823364,2.8401905199337,8.07244430311329,2.09534587967591,28,27.1447881373063,0.411387133165509,13.0416867443048,0.919273509145794
191.342891964842,1.31607522319393,15.8181856028286,2.4339933644435,8,25.0010601194703,0.910053516570545,0.875999244818355,0.319747146720957
99.0882630654193,2.36721045145438,6.63488356826186,1.77609823572211,3,44.8391259227382,1.52427904809948,14.3628710507304,2.58097874912338
20.5394345079496,1.18109127684677,7.17142760343396,1.61299214838822,2,32.7618642749076,1.29364697578855,5.73006098238889,2.55917753587088
48.5644047201789,2.71357623305144,10.901523380741,2.06508548365336,6,22.7749051961881,0.571091986437586,4.41477510007734,0.661166394993074
8.36458556616657,0.513450090938206,1.72664602326217,0.41260604165186,20,52.0171798570395,0.796312821657001,4.396723748279,0.420656091187457
121.62843617489,2.8665499669425,14.7736303086052,2.66597660114872,6,65.6434428422416,0.616503416928079,6.8424948022045,0.658199380201987
51.9066603905188,2.90244271715552,16.0675438148255,1.52765605659264,4,57.453916986224,2.83357316157668,15.5795751493229,2.75645215358118
21.9530302864443,0.313721152263941,9.9630729830562,0.931898759869759,1,27.2365261460334,2.77402035570755,7.79903501127446,1.20789992512869
45.9297894220563,0.886704446704018,6.00286651951116,0.709344341196548,24,108.308364499017,2.2454034910316,14.3733646512245,2.37305783701779
166.334171616895,0.941025926369189,4.29213669628666,0.398371114040783,21,109.477806826922,1.38414139095446,11.9617220011398,2.13217273709209
124.829218813941,1.92400675017277,8.65861419941961,2.08890577271956,8,43.880808655883,1.05734110288012,14.2345502601159,1.19804355239676
16.766062334939,0.47145511804571,4.09084594116534,0.606891701479354,29,52.2100259411832,2.91648614467206,9.88251470440606,1.19123199503747
50.3117637302791,2.81759637079121,14.5892227758887,2.49747144001419,26,34.9070556406468,2.25165052061268,10.5229458181336,1.19296538609897
64.9983624575182,2.59317806565891,9.86957961463484,2.36904626357663,20,62.0481594677155,1.1595348932413,15.4481308518166,1.81704931185474
101.167654061303,0.891638759708868,7.95996501119787,0.743432032485642,3,92.6087654501103,0.54286781100083,6.13426238863052,0.641576580631493
34.5484215821868,1.19970302884568,8.95995181738394,2.50394189876366,25,106.934015573583,1.61519201294351,11.3108059804299,1.859658064095
29.9520227968958,0.531055377869616,2.53705656293939,0.381803706416195,26,58.354916987702,2.54809249637329,12.7656888017198,2.05308718541337
177.152808738545,1.40903472750012,9.14653648851683,1.05608175798738,8,69.0483020545876,0.956911010382435,2.28257883850312,0.341041114480197
153.390040251208,2.67264877835509,8.58813772009843,1.27143636336766,27,60.5144704264183,0.44394030454495,3.04063708405873,0.375430696269389
148.080171836301,0.783030997842155,5.12897333839155,0.488926313390014,25,49.2790645370264,2.43468276447266,9.3948572844406,2.1917709766711
57.0389107349327,0.893046914100533,12.037384645085,0.71510811120632,8,33.2313574968725,1.18624991529492,10.7062419421695,2.00216767514024
45.1784518233059,0.875970821021639,8.08326400114093,0.545600922313364,10,60.960010715258,0.809283580825488,6.97917369697329,0.631858501496616
100.720972675972,0.661999175897801,2.0432753214684,0.328945828993778,9,52.2331908578093,0.474994161634604,10.994737358309,0.719729760380377
47.9866178086689,0.761497093597086,8.78177395925364,0.890639117187557,22,52.7924705676125,0.914776987456112,8.60241459923057,0.647647882593333
24.0709253355689,0.474137049751909,7.97526828707633,0.601779095462297,15,66.1647342468012,2.80223390434952,13.7632114590386,2.90304490584651
19.9039979756075,0.868891957273482,4.55108850465549,0.758320877751845,17,10.5053277426112,0.368816731386292,2.89223746548081,0.382309114253396
28.9492260273387,1.16782208280054,5.87312968825188,1.3630621458718,8,58.8902552292931,0.396096174380069,10.5797324660851,0.720563404648733
176.599798371988,1.85041146929613,16.3396578800114,2.29997706720011,8,129.598035458723,1.80773972199266,14.1768364972408,2.49707731060265
38.5605395294674,1.1905514141459,13.253842236853,2.09481008530669,19,95.3660860662188,1.30573418929976,9.03597894189371,2.00318960723863
10.5721652870743,0.362392747007617,2.26206241198273,0.339275501518312,26,93.5370023300434,2.07076218573515,6.37510204865723,2.38325378794886
94.047203686159,2.95524708385118,16.4418382306823,1.86780902988475,30,51.0713347322823,0.672131717246917,1.25337647718523,0.328689721494797
209.112968450729,1.61341408298595,16.2219043567412,2.14997470794885,17,59.9242555275328,2.88097686610706,7.78436597694271,1.50996826116373
61.7320334206854,0.456915699111711,11.3995732671693,0.898870417224597,27,122.857629296761,0.86015534980683,8.50779305379294,0.92777110101278
64.9164544985207,1.18782737431456,12.776651146479,1.37603755737993,2,33.3037756958205,1.16495541619305,9.29343777834523,2.84713894429971
75.3981881912011,0.628462386104474,11.1609888861105,0.832877805753506,12,33.0225971874949,1.28284035935559,6.1081338848792,2.0075729122887
108.785181116266,1.62331565634086,8.43004765698893,1.69330018543488,6,148.577181412069,0.80415451053269,6.98676112243116,0.538048996210407
131.315378519383,2.6335283258984,14.3505087476541,2.67433527920356,7,35.6257028663486,0.629842165648497,1.74288998252443,0.352849794579055
10.0756679526859,0.482539856326055,0.720050663448274,0.310349729585719,7,30.3753164915932,0.56423370243484,6.69256463978544,0.615509063566862
36.7221598953849,2.11954816844126,11.0143049185253,1.9602393979278,30,86.5047155578584,0.909934205667395,12.2709448412149,0.734692466250898
59.018952073705,0.540003218079993,10.4260699163693,0.655545550640379,12,24.6391199607369,0.417408664002952,10.7143794669625,0.789066448944403
50.3634026802747,0.763101590118673,10.7703932433564,0.843077542693541,21,31.8953430605849,0.64798769475992,4.99366453683922,0.476007831544309
57.1922989544416,1.88243739025658,5.50421277404746,1.0848320321915,21,35.7127229445038,0.392801973907535,3.99333297312578,0.406461988006749
50.0957161587708,0.440495354596189,9.72469271019554,0.759527938821352,1,34.2461667691533,0.718340915356645,1.78914586129297,0.336648411005573
67.9060329396935,0.634143282364407,10.1876710600836,0.838134087056587,11,73.6782087669861,2.5570257894452,5.55809384562338,1.48182432180649
78.5979492291856,2.73599548339585,15.9667476873969,2.08869833256753,22,15.5795637620326,0.837581485702688,2.44159680756987,0.469014921296308
7.32021157710542,0.375556880340079,9.19165540859577,0.93459300204227,10,19.679855274812,2.38631501111931,6.37043127827362,1.50252264576367
6.56584940015903,0.354759063094151,4.28822435091451,0.756996301369957,9,28.6486668786051,0.855806352046379,2.15101085107441,0.376446057662118
150.367438156816,0.963106095716418,5.64430150111565,0.471901166929704,1,126.436233054283,2.83057130226052,9.92664695367647,1.25662008299648
16.0267769384822,0.441812377210829,3.00386925328683,0.360631958119554,23,127.282191128201,1.41968213923096,6.96067976399408,2.9890532923521
132.942550239966,1.37581768239505,7.44219493179772,2.106529530961,2,55.2377561592798,1.20272647376511,14.1591251395633,2.75964812124725
20.1158867343785,0.513308894926383,9.75681092186651,0.925192044389372,24,9.51076383801474,0.458752030004652,4.10197327184116,0.620740678730465
122.443393381838,2.35505202260438,15.827732725365,1.87217773732179,5,144.403987227492,2.82768467113903,12.1219556818331,2.30049788751181
18.4218260494002,0.79947004117089,5.59760905249389,0.77047126338173,12,75.5747232246479,0.476024868140884,9.90925627667381,0.953365683258873
44.529286681212,0.774987193950168,3.28617408578359,0.439919581349918,20,83.4092447996976,2.68466913108826,15.3267103991103,2.57860530632972
105.957480690589,2.68329449406398,15.7197193414722,1.25257562208307,24,255.406167144847,1.78979483106889,14.6224465640971,2.48127171279501
58.0350152789555,0.549675752632598,4.30182229487748,0.731723478730572,30,79.7432354587241,0.952346908830536,1.66182838391982,0.302804713195999
88.9396072132084,0.749169210724628,9.26649594646622,0.798438267641109,7,193.483583749932,2.94974184426437,10.4096291187028,2.30926606706138
54.6030994836709,1.21858707128355,6.26273277154511,1.87579204711979,26,45.5361066192605,2.2290897322794,8.16584417877328,1.21058876743638
8.11221056716646,0.389905071498116,4.11167024098865,0.490656302731791,23,16.6487878391547,0.392740302540774,8.75183385249057,0.761486593374434
16.2968184050908,0.436105314316167,6.80778748615138,0.608753132333263,2,55.0966315671502,2.688092665171,15.0708114823642,1.76977443782991
187.518713543224,2.66062849850008,14.8851257392725,2.38596260754763,10,40.225625389511,0.908517758226855,7.81876651684403,0.708069649827781
63.8196717706547,1.98876598368924,12.2356460384355,1.7668418856981,21,55.4836869217743,0.582563264192278,8.3505555184492,0.708747864075992
263.043301903726,1.91675062703012,15.0851904520745,1.47849369821975,26,61.1567511157207,0.819131927744085,3.90880696217184,0.565644101115817
118.019556622481,2.97509865285947,10.0910017415397,1.12730587721886,2,32.9769288143422,2.28725382001009,6.78877456462267,1.81935290124428
31.9831222838987,2.56357025429748,8.26493761916897,2.0868722011475,23,16.8974299370508,0.406150095614541,11.194931474593,0.721599364934451
13.3170857172936,0.59079674905327,5.25737225644229,0.695518912467938,25,37.0683742720664,0.659107223718115,8.8984505197068,0.980357525891034
81.1596949515385,0.848248458524829,10.1010449000169,0.778332837230038,17,12.0308329683164,0.571443038963083,5.33842107953157,0.785821988357211
11.92523314529,0.355788464467366,2.28858649556691,0.408804360444354,11,106.917946370156,2.86100782971759,8.80022668356612,1.15455454088451
50.467474924746,1.17857070161299,8.15443556383784,1.17202576415732,19,68.5433736565671,2.74961454139124,15.1620787944312,2.61191518134529
51.7471836620008,0.730287946539787,5.11842218015719,0.438094093443731,7,42.7146016449733,2.26746556354111,11.6278673588408,1.91605407451678
27.5924257407898,0.500531673973462,8.39274273989119,0.54441372635707,12,48.7750278145264,2.39287315508532,13.6774378421383,2.53480153382309
13.1358024072969,0.497442408781125,5.3694178540146,0.708234852989098,17,157.020140859609,2.67392178227031,15.6812290956027,2.51368528796785
26.2381008405318,2.10408634868815,7.5338285466813,1.15559881044599,14,50.2699480077375,2.55143972670555,11.6329963030117,1.14105802875875
198.484760599943,0.756422196606363,11.8072327957013,0.846585349630158,3,36.7864614404373,0.646674511389195,6.82545088661002,0.533331756638193
257.512046641668,2.35624960749829,15.7654835970502,1.94828869612208,27,19.1477642823203,0.479813381440949,6.06641440835536,0.898960342101174
48.2329823928868,2.64125667494985,10.2041088565483,2.12030986343598,2,71.6987191735453,1.41019857932273,5.64037389822875,1.76607168175069
26.1107427865768,0.732232711838082,5.67136945710462,0.755223364352412,10,197.070416914472,1.53083664961662,15.1414428764082,2.74490407253297
35.7988916557573,0.760406304931738,4.96023335652502,0.894855110232107,3,86.7155451734556,2.96260802066908,10.8125585692309,1.53597155995729
70.7856710799832,1.98023460987888,8.3140442449964,1.25603002229551,14,42.9471799541318,1.81334579332257,6.66642513714073,1.3962097081983
83.0315172733236,1.30474658693591,14.3925690423669,2.0491004101407,30,36.9188898339218,0.682233336471016,6.62742150091722,0.477967204809508
104.622610326974,1.03066107351677,14.3076632616936,1.58854962164205,13,38.9147730554732,0.647501332784497,10.5701676941096,0.643895369286593
53.245250997,0.748529209801506,13.4659929308311,0.938434243090817,25,94.597617886304,1.34085089115016,16.6982030896472,2.13716717024349
21.9775669031127,0.562074570662795,6.94603093898469,0.694125709087871,27,20.8985903731137,0.726059469372841,4.15262146971762,0.634797990155288
99.2008636922045,2.72194278172071,13.6606027856901,2.97994774639976,22,28.824987100748,0.558318404414692,9.28825882753293,0.717731023054115
43.8706427735554,2.94421023146041,7.83285471142211,1.46176002474814,4,63.1616755993167,0.858283887771764,7.18832848495892,0.64364692272091
69.1153857680314,2.94461012007333,13.2872264226843,2.30494443026444,12,43.3750152975018,0.904742778914411,6.12391342657947,0.772976953320705
43.4330809690928,0.935534598945906,14.0768839225535,0.931201394942642,10,16.0501297326224,0.390837623685038,2.78683357872232,0.354922034008444
43.7444500910045,1.03083314189245,11.559759750159,1.13128803067234,20,105.328074241981,2.51671813836959,13.7956088568632,1.93596503100564
99.0124285097257,2.22720178753259,11.5981070404072,2.15794587529161,9,195.736256964764,2.58834387772068,14.1560247024815,1.26352865661343
44.7309076186843,0.813690371593509,11.2663878345308,0.777841983067344,11,66.0797948565478,1.03709706815258,10.8002452301509,1.13123889872749
23.6067760682418,2.53598669409075,6.13655153795634,2.06097370457953,11,52.0419468738699,1.25575932309622,14.378361721036,1.36421089200768
59.7709356069982,0.996253303212745,8.69549991898442,0.546028375624477,14,136.933909892488,0.683922445849482,8.86141926027735,0.579714366374979
14.0221535727634,0.357710750921286,10.9973195053298,0.670911210521303,21,23.4071785040213,0.561814118581316,6.9445954886317,0.892320172399079
49.4857731912175,1.69946946469398,15.1261194495684,2.09085137850905,11,28.9073635454716,0.841162349179277,6.22125098664071,0.744673765027438
17.6977783109887,0.332820251115907,4.19285379972829,0.528238662663846,3,235.822739801964,2.84611050546223,14.8191810159824,1.52665880023561
79.0322654589702,2.5157169967732,16.021486354021,2.9539847937084,14,38.1934973896529,1.88857782875305,8.7030387254345,2.41967418708594
80.6434531322109,0.633103852490556,7.83715146793799,0.673388504892074,16,87.2542709481447,1.69789761525127,8.69518021604331,2.62857863808811
48.6449318818508,2.03705410354189,7.5248684600606,1.26106529630141,15,187.284507639274,2.92394506655847,12.1807097677345,1.73448614111347
46.3360603817391,1.5801500705479,11.9996153392253,2.88920072000016,15,5.90446843964413,0.329758295469199,7.33208833637844,0.65994519204256
28.2479273138099,0.600288462054643,6.72734230199681,0.619928142908969,8,54.5112093501737,0.928354651359571,4.90127522111769,0.613519247265253
47.4448323942922,0.741661810127906,6.63428026566572,0.475574921222795,11,211.721920181003,1.92790531504606,14.465631945037,2.68150857516452
25.970232555877,0.676055329791629,3.97396841198535,0.466102845430812,28,39.0166009874133,1.33247632656478,11.88091493699,2.39751781179946
74.4197339205375,1.08954530329898,10.6626161964502,2.7834122022759,4,104.488978666208,2.29459534637127,11.543430502304,2.62213099079817
54.8919058827022,0.621831386056453,5.59718646209615,0.531170306881419,12,42.1430645593552,1.62822537749025,8.3974872380868,1.49711259068571
104.382828954875,1.87001478953672,15.9564968720918,2.2049303347709,24,16.1296776279592,0.443516900235461,4.99303402057852,0.706822690990666
151.000735881735,2.60797997456012,14.8513021102556,2.52593651505455,11,80.8653270721798,1.33394014167587,15.3789922672937,1.31608297772687
125.928975188781,1.31680506600574,9.96051722176038,2.55338029095584,24,17.1289257701174,0.477283642875199,2.62735040872427,0.405862166742104
72.6806977640583,1.22398051968354,7.01548317921304,2.44330046758832,6,155.973931454435,2.14307546603995,11.4113211069235,2.16176090193752
42.0434443703002,0.601176822841004,2.71846017799374,0.410629828001427,30,48.5676276661184,2.26846779244025,13.9940109126429,1.61852732702358
10.9616748528528,0.393869506087408,3.36121359458392,0.478235287521963,20,88.3308585638603,2.60823950245614,15.1396692851292,1.97178702158331
40.6135004778053,0.604135422327323,2.07706446160774,0.375280027525245,20,25.2765118976229,0.526495214589692,4.52249806932307,0.807402319980193
93.4453881243945,0.664330072093223,9.67294747897622,0.859380523642367,25,63.6436287490918,1.24125535829124,6.60680369338271,1.36730323108142
26.693139629161,0.741873991752661,3.78740714564932,0.429710422333652,24,63.3602126362287,2.90879456720658,10.2273758917707,2.22791320280253
31.1669474435035,2.55144268294779,7.94166735248357,1.4958099375081,6,17.4880476286285,0.624221351028831,2.81087944834524,0.434616726939143
50.5227779351519,2.11650866035475,10.3277931496136,2.72945822861868,29,159.257818864176,1.90650762640495,12.4447148402434,2.96107291334967
11.9769161191681,0.510128545600835,5.82734063723688,0.754571177855236,18,116.623994794347,0.852615399079723,5.8743008670695,0.633888036165327
38.5578287912994,2.95681375293689,10.9934573949561,1.51923897165614,24,95.8890934149652,1.09424395141309,9.46210622762149,1.70687246580937
60.2147775804155,0.912348983403198,4.33303329314561,0.517395516286605,2,124.003724683995,2.22751907963731,13.0000724833456,2.42108724433137
33.2249349573528,0.630016362341298,6.39551527756663,0.781421678246471,8,105.843637101825,1.08149563929296,14.6117319214762,2.83107089011883
24.2038591548871,0.532190613861518,5.65405127547714,0.450715871312089,24,37.3703853360446,0.909160027826346,11.290276526281,0.953271859445939
36.9171697965914,0.839985795057696,1.88662583245658,0.349567091255221,12,55.0041660466067,1.0581526410239,7.69069607212832,2.40553346003601
50.6848920478673,1.68398178511262,16.6506686374315,1.6354595106564,18,46.8865770414889,0.763198722178438,8.91004400745946,0.759102959235443
19.1305690613045,0.724463626000345,7.24415793236075,0.917126936736201,21,21.3318013250403,0.478923645140581,12.2518569518243,0.927715633118347
43.8652582976506,1.91655687184449,13.1287728504268,1.47312079280866,10,20.3475280689408,0.759837488470831,3.45725838214863,0.560285539886586
98.8722278726707,0.925683588072476,2.3504227007389,0.397473346299737,26,208.792042029818,2.59917252833753,14.1536497782837,2.15941118767566
10.9375937738233,0.407794424431448,6.3120228300284,0.710299601288224,14,40.7978074896855,0.738919052818843,4.2455630660002,0.719005151011898
60.1059310179214,1.75073887959756,11.9212286054878,2.46220022932222,14,43.3932238304299,0.480197548086116,9.30154032410009,0.66403048180838
50.6084135100894,2.93052358192287,13.1689823225185,2.09615387894457,10,255.724425479795,2.01715196913572,15.4417779978541,2.78286180038282
40.7646673580944,0.518076208449393,5.01430943434079,0.512752079714233,18,37.2228505032635,2.75235139433906,10.9255197496161,2.46069062020359
78.0806495857685,1.66557235080921,5.83171802515749,1.24464492637433,30,51.0180091709607,1.67504346794661,6.05482600289804,1.81296228043155
110.146198706623,1.9676734422197,13.8271511455937,1.33216312575688,14,33.1568872913235,0.545496262791366,9.72798188130678,0.754170165227789
35.7952662421385,2.48583297676616,7.27385406444069,2.45247066267019,13,35.0931374650095,1.77364541637063,9.88220874607946,1.76886304408011
6.00506756371213,0.372446457251827,4.81295640181426,0.841751690775011,15,96.0644239433131,0.70797541852512,8.3827478462413,0.616341144719012
92.8125545628836,0.89078827963786,12.0834896567343,0.811275016552051,13,19.2022561166011,0.742050078425878,0.992899787929472,0.348316215268397
44.2007261360799,1.22505317962646,12.3087731999704,1.76541220956701,10,39.0141536471805,0.47196495986148,10.0096081626541,0.902737436748132
66.6195860261833,0.985920052171491,6.26692087894353,0.865305986501583,13,93.1675924128927,0.964574143248881,8.73855136113187,0.939457555097114
15.5322711269385,0.423765485345952,10.3167252066362,0.687782908495124,21,39.4434419696093,2.54517828331189,11.6272649817339,2.02647155722586
46.1685895645035,1.45950821653262,10.096074632811,1.32058583527456,21,125.089817335453,0.96141746542563,6.47756094594701,0.86134445494663
20.5606735514203,1.35439925897393,6.47209764870912,1.27958293788733,30,23.8683771080936,0.771082401613456,3.22906834986082,0.536149318811313
83.0834839289675,2.45730031024498,16.7135996715363,2.88921004588179,10,39.6898759100662,2.60855454479264,7.14816696565476,2.8273532290451
70.2188858277179,1.7509975538083,15.3835270235342,2.24793324268451,6,93.7304743242023,0.922465831336838,1.7424404115754,0.318111857207625
15.8833686615687,0.329977394300664,2.58720314897293,0.358433359479141,27,43.6400693448111,2.13966271361225,9.10132377071268,1.69195433012259
91.145688552261,0.962471415794462,4.98363698051277,0.42999722345716,7,49.4955662362734,2.61507011250424,9.06319498482799,2.30828893756776
90.6475589796187,2.80417711433236,11.4797960978285,2.78494672639373,23,61.3013293728767,1.76644761532674,9.5796513978241,2.32069775003251
108.383550203455,0.960596007468158,13.5353923439437,0.838794847848539,15,42.1032846906127,0.876917738096889,6.74834665944276,0.670076095374399
25.7769245111948,1.27979889836255,7.73964544232195,2.10508152875312,21,113.256986350385,2.95121990093072,9.08986903342545,2.08513594510021
204.598925455411,2.22053940402077,15.022058099998,1.40323239089668,1,90.5886277578696,2.57617458638588,15.2203501522088,2.26382062596932
30.9254255271869,0.998985518522789,3.41512408521793,0.60150587486015,18,16.2738727560754,0.677692379872501,5.68830491666367,0.727534673881206
23.2781454851445,0.508236078918085,8.90883423465489,0.765646635525222,8,83.1608268584096,1.52193399734984,8.48098782477519,1.99929523180231
33.0999453998334,1.89334220762721,10.2937512836757,2.08885631807234,5,52.1721879102795,1.55202685286603,13.6670793165528,2.6462099247519
12.3683133353406,0.363858882554092,11.2622524410821,0.828774622864841,26,26.7069300344719,0.714634624037421,8.23593391607268,0.726194897082781
28.1854681100345,0.844699119808568,6.14186665782179,0.672654379463359,17,71.9521857216911,2.57298845678771,10.6689958561529,2.67102920982429
24.2820779367149,1.29963470668812,6.23007059365183,2.23013029116875,6,34.5042806861545,0.542949838260698,4.77394822926795,0.455355488982038
48.6169043734514,2.08626972034543,11.1895912880398,1.88539226378602,5,37.8048421416508,0.964387569296415,7.36606434796032,0.822544314317857
45.0665694281842,1.12723340696962,10.2929932336071,1.64673534851862,14,25.8672409665792,0.489751900752005,13.5172825533703,0.924820045891286
134.903483529143,2.55611064879031,12.1609874752197,2.41956734382606,5,79.1772939868185,0.751597499163183,6.29155705652411,0.473021493250257
80.1076714936432,2.94014159742061,7.66178527194484,2.91803001915144,4,53.429587879565,1.53955038651687,11.8531984363758,1.54859708906729
35.9031994823745,2.72252215607609,9.66017836406287,1.10095108865587,10,11.4514120868383,0.590415878611539,2.01441291604742,0.424171426566453
12.8266604645756,0.435137003125207,8.92239097365271,0.75615821462809,24,56.2299592213464,1.62548385177644,14.7924964506013,2.85855719834078
8.21004255427544,0.334875225193729,1.68929073430951,0.40399471312911,4,21.9938190999597,1.83565765935031,6.23971425057902,1.37946010887607
45.2767099656057,2.02954758081876,8.17657867109501,2.80779485980779,2,50.8053737956505,0.997733741369281,6.00137812810259,0.837553821499702
60.3372982916717,1.49315421900589,6.58206384506446,1.17350209520875,3,41.628548010184,1.61269252986877,11.5061856493712,2.94291858355872
46.9904086600627,0.981321707299999,7.77069379886124,0.579811413760971,18,98.4058006438872,2.02924878147625,15.0073417625251,1.29749947299949
61.984921242961,0.856500975454724,2.02223263215895,0.327071765699029,3,81.753902581664,0.590339621997151,12.1228854957928,0.94001112621181
46.743035331393,1.57643467573022,9.78490977639835,1.3253278544592,15,200.013533178326,1.28087956269355,11.67942737797,1.0596108481103
54.5834861849165,1.18511453268938,14.619797534856,1.85961976469271,18,32.4349273112735,0.980284740190524,1.44040873326805,0.321324150257711
95.2954493364358,0.981156464933021,3.80696849647909,0.436774608603176,17,67.8060042221199,1.98397288770422,15.0078487179216,1.06166875779242
57.8670259357644,2.42220892279949,6.53643751513366,2.33347041468977,11,156.986099470999,0.744141302971416,6.12122040968002,0.528814667779416
148.921824845894,1.82640306817597,12.6807502571127,2.33722508789203,7,24.1851694052827,2.27588230413564,5.71854862809498,1.1665111700184
37.699249667687,0.459431722472052,9.06869242862106,0.780705175241382,20,17.1348406939444,0.345352080408547,1.45372487396284,0.373368908028015
13.9591131202247,0.338359036685942,7.35920705151146,0.946290739703565,21,26.939048874436,0.532212410272949,4.93614161083148,0.438207139734596
47.5824005522693,1.66462394734637,13.4289403979548,1.86777827720424,3,244.800663251617,1.09818407863793,15.8643579049737,2.38330162081836
26.5755312749685,1.59372494616996,7.6218260632691,2.11983772511596,18,31.5757867882734,0.62014402465401,6.77375633883709,0.946774413749443
27.6116505783693,1.05515892155412,9.11631166632061,2.51508665851696,1,43.4952804444999,0.639954499368337,4.36419966034325,0.441210768503452
26.9677439931186,1.69846994255407,6.56022602170367,1.39459491850621,3,44.0085023462846,0.736905703649555,6.64251482568913,0.809919883599464
50.9542255811229,1.3168161219335,14.8630966798837,2.2733534223244,7,99.3488145879115,0.907369925158946,7.52209111334066,0.592683753482058
25.977793240686,0.888073537669421,3.46552310319433,0.490462393540267,23,52.6396626113218,2.80211721982985,15.7188194556377,1.35819126758356
12.4524661252733,0.473232840703146,3.831628971402,0.576346187060816,12,75.0458491682771,1.16917362162432,9.22271808621802,1.84320073840221
161.110058800342,0.630529455815592,7.14729704496096,0.491279895531057,11,98.8876979671334,0.613350837414736,8.06392183761605,0.880570348354457
61.507979125674,1.91673637958875,13.1434301576956,1.16690511411721,23,52.0001994080248,0.592028152090717,6.20579503354274,0.960571690304215
62.2727665954405,0.673422099690477,9.1208788822558,0.742561237763956,4,17.6570417870823,0.460823392232947,9.37812929752851,0.961455334164605
82.5733385805911,2.11463039281738,9.14664754184598,2.5790505995907,18,30.4566750053265,2.61290866958714,6.94736965908316,1.34708709612906
202.869343755995,2.86157146777009,12.3440797471338,2.73010653990173,27,90.5760280336102,0.522359388821265,1.55280546933436,0.305457713325245
10.6393817972158,0.313030710000832,12.2397435750119,0.747053595491033,23,195.785853973127,1.05606909198126,14.6793805394788,2.44881546250696
73.1039088578922,1.72653028847416,13.1704713089539,1.96460522642795,6,50.9038566006484,0.694280356008744,8.08445968338245,0.681715009672866
25.4937276207182,0.821064254746896,5.53869808434086,0.588569431175977,14,65.6701757707628,0.807972180928411,3.73298788046432,0.378312413139377
79.1188451433688,1.24024926804304,16.594156404934,2.02318605211809,30,53.4446571373258,1.92114753707737,8.42032363817504,1.93944110034173
137.723289926283,2.28730475988351,9.85326285197318,2.61970669311372,9,106.497202626182,2.63160035516479,8.87262558551097,1.06853652027201
95.7129737967055,2.7810415471801,15.0171472200638,1.28858255090588,3,66.4314405273726,2.9065965641121,9.44201259205524,1.6112189595712
51.5498854770579,2.94734458850726,13.8674632447583,1.4705965477471,12,59.9067484932249,1.60203617517603,7.14315263882431,1.27985885909518
67.5082205239662,1.55234000342077,10.5185522446428,1.692649867201,13,39.3706379477061,0.727692461206747,1.55863362512967,0.304645931585934
192.499307555735,2.43434195461548,13.7913895608375,1.38945790008642,13,77.379013851606,0.628749776272039,8.92497805358191,0.894677533082915
231.298797402555,1.14122487849493,15.9016163762022,1.97651513650512,17,26.2701891950371,2.80064700205588,7.26642446544187,1.41938175481056
61.5344822591246,1.59309831541132,15.6624026399773,2.59661795644239,12,48.3588626221731,1.47482286523696,12.2812607470993,2.25670914994081
31.901055716121,0.637858475517309,8.9007816472529,0.937641999842461,5,48.8698486804487,2.79830846942111,8.09563877193838,1.02376612907378
42.5225165192839,1.90620524744793,10.7277361104855,2.86047792702793,18,33.5065154706029,0.983797220404569,9.22828896464617,0.89658623219254
36.0478789279927,0.809253129691713,6.81868351480478,0.822354786901821,6,175.577127892893,0.693451968473285,11.7433479842896,0.856582061252615
30.7303268094518,1.09422904680219,8.90302763148343,2.97732296158497,13,53.3211605034118,1.19634851480435,13.0412007119058,1.49694599635026
46.0122585359709,1.48378379648867,10.5094178461195,2.56590819202211,14,69.6614470500731,2.34646077948169,15.1495888127167,2.80931545138766
17.406818387661,0.477791667019412,3.2078721389424,0.392224673121396,7,40.9172138238564,0.710359680488808,7.922571391873,0.646538766487739
21.3626009363048,1.60308865843868,7.05060671738741,2.23309793664607,15,18.8858386605546,0.487530145120501,7.93452466501093,0.778466087313627
73.2213316763441,2.4195480461576,10.0394246002308,2.98824632557964,30,34.6556498878761,0.499823727713712,7.2183222413642,0.562980736609153
41.8172877708149,1.36244196001869,7.67373658193379,1.86530683571109,1,36.1579383540982,0.601400953246551,3.78123737685385,0.5988860601692
63.9958650432187,1.94900073922021,13.7162371487099,1.87450394611081,16,18.0247434991964,0.698181249991505,4.79204973382102,0.694745549623144
33.2323887636737,1.95030212867213,10.0088023971461,1.32833493757078,27,43.0095263329488,0.591896445926162,8.43522952966471,0.815995036040954
27.2651318782454,0.667979642038472,7.17024872563199,0.739420923772626,5,23.0588887789873,0.464367114274859,2.31441777933236,0.446954956595718
49.0754853704083,0.592650485221504,6.81597176950691,0.668739239705372,19,61.8956578707853,1.20502823579355,15.8975173010537,1.68453296008584
61.9419743074693,0.994006917621367,8.63828533796578,0.802845833957687,27,48.3566259924817,1.2123369072891,12.9115370928154,2.90106032839788
68.0033787313826,1.4718101826902,11.326044688399,2.28882831514148,6,72.6205767057183,1.42742139615263,8.46931827041877,1.6533181798772
32.6899151250594,0.433118378063253,3.95376923694121,0.471618266354279,19,196.534749482106,2.36875289145972,13.1924947883614,2.62093135898635
74.6409383537762,1.6510936482963,10.3298853031053,1.70311209214162,6,70.1411731200566,0.804974844148307,4.62261889618221,0.413122117264317
24.2876271267313,0.674635715377858,2.70769101808842,0.48102354971669,25,58.1955200709493,0.911216769236711,2.54959787567847,0.420815145545571
62.3093184246534,2.43994647307637,11.7535131029395,2.028769840012,3,50.2393760163731,0.851279627902445,7.75935731225009,0.622630218273559
56.3350416281579,1.30700081111262,8.6831430949631,2.11727815262437,22,18.155393815153,0.625769596011252,2.97823715615855,0.439419235788437
43.1065735224944,2.11959663738132,13.7571270955282,2.26904695025694,11,32.9816604366957,0.533201587826348,4.47727862367309,0.777515346883019
166.361269918158,1.92929355708743,13.1807748401907,2.5295071030813,12,100.873189800467,1.98057158364274,16.3135647257826,2.8676553530253
42.0310032227827,0.489440458870129,3.14396779912853,0.470415236169127,12,25.1456835262859,2.39479858822037,7.440531801743,1.06959458894132
77.5543889316791,0.71616081399554,2.90158295507097,0.40292492689709,14,48.4418402388497,1.55386388606778,8.85242990181067,2.24623918739125
20.842217558816,0.552991151657147,10.9504923680686,0.910728756592943,14,70.3642213743669,2.87517485564483,5.76975015388026,2.95553638229863
87.2803447097264,0.5924313195507,6.81781004120319,0.707502533555645,17,72.4386218685158,2.43001316948731,14.8956969989192,2.26706221860282
183.507730692134,2.40724471952985,10.9001828084894,1.4537662622555,5,121.350869307574,2.56934118155257,9.67481246488045,2.37786634680919
31.7464255825846,0.670917511005666,10.0245020035007,0.658198743445274,9,80.0391412858424,1.17401024066367,8.99559463356391,2.92722183440593
59.8577990315897,2.14227565371036,6.42704967678961,1.42684235689181,28,45.5463265191328,1.86173145488306,10.6151744216244,1.73896566136782
34.7883993002179,0.763642597561416,9.18093967927263,0.66403118973511,10,109.469088000307,0.605391392624648,9.62643068126169,0.859203758111569
115.468378594817,0.600302785323509,7.20598914145743,0.495600834442127,27,46.6559787382402,2.33206756053778,8.10769889703534,1.61087875917132
60.932466804116,1.66320331934889,13.6385208483188,2.5694361619938,9,51.1590073884682,1.86288727279651,15.0943586013341,2.56341505467356
136.744773218803,2.17205300610219,9.61214471683614,1.11113099269926,1,43.9328660968021,2.93792684525605,10.9043107534878,1.56059030407332
226.523516103259,2.54568687399292,14.5247919398099,2.94143777455601,3,138.753324382199,2.04444738588534,11.6344390190705,1.2615982960958
66.8353537120895,2.09457385552769,11.9939709711925,1.28423100471728,3,27.9076096448278,0.515773489960883,1.57668470506531,0.305424084430101
64.9780336249037,0.887845485801259,1.30714226472932,0.375166762955864,7,45.5555921618959,1.60328029470639,9.41250173850731,1.64916070530466
97.8044479374631,0.926283327956347,1.78323330564312,0.342258021932499,5,57.4074658417145,1.07144214475963,16.0953176003231,2.20127113603764
21.4244140044224,0.444317354852475,9.80974445978472,0.85267593445822,6,25.9349584080563,1.61021935157114,7.19841094059894,1.05686710015293
26.016049832127,1.05075162200826,8.55433525531326,1.44555454094184,3,40.3972949620498,1.17634335827362,6.11659978282724,1.54093499938009
40.8529419112766,0.769810425955054,13.9297085149884,0.881685601672534,27,3.74811029197771,0.342548457215632,5.8385646021527,0.801939081144683
39.8093292901313,1.97631270760321,11.1715345216995,1.34959610341985,6,86.2394285100234,1.80622010274354,10.6140086433129,2.13429255870468
29.3403076093715,0.979335676655986,5.95567863558879,0.861492958276252,1,27.2558575332308,0.728489870124336,6.519065623107,0.552228765518408
26.2594964969448,0.484086974658314,10.9661804786167,0.914493102857125,8,29.843602532741,0.898415300253254,2.72759652297876,0.464665596099355
76.913511164487,2.6649701284179,11.1798549669381,2.41356426737293,20,59.1841701898606,2.86760306315719,12.7553869344177,2.7011015026454
227.598226934889,2.38089783523374,16.9243153887776,2.14520866988093,10,148.756053056817,1.6129595160155,13.3447568589136,1.64847447129018
40.6327240859262,0.868251921767908,6.87216853836225,0.519381420090296,9,35.3844352760926,2.6700825013678,11.3257243023432,2.13808296797047
39.2383283462953,1.5008340973526,5.87776475052261,1.40354901183503,28,128.729596269002,2.90332461968912,14.4480711632337,1.776353141314
13.785130944233,0.726205474627372,0.983071431988113,0.345089953618256,6,30.7677122726582,0.580305639475695,7.71408731530722,0.590020247129492
111.577327375852,0.639063696516775,4.34212802667436,0.401376844946934,26,5.15308632055207,0.307538279668031,4.74338589054745,0.658230089736926
63.8943667204589,1.80726641071962,11.0488564060258,1.37117389630558,20,112.481829283379,2.57936682966145,15.4139193946314,2.36485888195973
265.76329510003,1.0488232375103,15.6722770242721,1.96075213770426,6,17.4559351714524,0.510943646053626,4.51762544006482,0.470917665060435
42.2582998167471,2.54988495029413,9.47816600829107,2.6629513777695,27,160.627769816348,1.29657070609732,10.1618040288629,1.81207213190397
35.865262598788,0.877916687042107,10.8276497795618,0.875460801054292,3,107.611298568477,2.63317158653559,14.1712424451274,1.78081178954517
73.5948096969212,2.51354538780297,12.3125683975243,1.69054592730263,5,23.706984866912,0.665928271122375,2.27866816946213,0.469780485619413
135.910024573327,1.48908920210403,14.4080617720992,1.78492672337015,18,17.2625825122791,0.802746286337283,5.07650848595547,0.988514100162485
29.8743938952165,0.541242497067259,5.96591907741873,0.530122211091698,10,91.4558356095574,0.71875836083896,3.80676620873999,0.389327953582612
33.060213280835,0.944571604937193,4.45806752483207,0.516175102204588,5,143.293476215895,2.08352990194277,15.8833648012624,2.82864150108525
110.674032029721,2.65226538101511,10.4653245202629,2.69207938967788,1,76.0170131741403,1.09153391493432,9.02010322892638,2.20854989216394
133.830674592523,1.86443706688302,13.9310517074844,2.4614810237855,2,48.0782750264641,0.41981254804679,10.1278838838893,0.74264732576904
74.9429156709353,2.14100557326726,7.66011095775637,2.08557673480636,1,110.586957760749,0.606360327977674,10.4164955371305,0.685123899996225
32.9972178968598,0.526780956413216,4.89141995148542,0.450737557419865,24,32.8488899048539,2.87022689821912,8.40471346876415,2.37080388787727
126.295169643607,1.56443435078718,15.4783164401103,1.77101117569875,30,17.73951464526,0.927969560785939,1.00786533273628,0.348848778885836
25.4093671371159,0.377806675774307,11.3955992558525,0.800467831874718,8,28.2410234823094,0.446202215913038,12.420083384265,0.745379944045121
29.473264974179,2.07021714147678,5.69147378248077,2.54563180174861,21,210.551656369253,2.90878015834662,15.2485090625067,2.27480161404052
44.4808832352907,0.680292220796655,1.68428315086279,0.389075581039341,13,62.2117315510488,2.47502525119832,11.7747810131772,1.58763353944424
37.6352065122579,2.73897762603195,6.23937076999683,1.992925392343,27,92.7137563477303,0.576936587558442,11.1669641721237,0.853120431908097
10.1983675909966,0.394955335047971,8.20574912437444,0.749391055338712,7,29.2417057640644,0.487545473947582,9.66634775597003,0.656722469373977
33.7926324057502,1.57038266402918,8.96481957597186,2.04668786201168,18,181.649383943314,1.05348583886583,15.2360339479516,1.16098843780947
33.657006566494,0.800391686936975,11.9324990581615,0.984327349018618,10,77.2782404427133,1.23010665375199,13.4123462597098,1.92920784955756
70.2820401909378,1.21473938385891,16.935165216975,2.15001945291584,22,51.9358380918749,2.46294478474262,13.2612698532949,1.9952935764288
55.8964825788604,1.44436334382576,9.60996986917401,1.84742081586367,11,68.3951383280127,2.04452195922673,9.92390526300334,2.58106548814476
38.9150933590782,1.03300995507487,13.3995610364405,1.48110520521843,13,63.0379230165308,1.68344033380199,9.10129937624468,2.0506401588375
29.6243869695385,2.91456489619315,9.67178386722582,2.36747820528796,7,26.962807878799,2.6152566128129,6.2472595983837,2.25610159449217
32.1166483920907,0.443543234839422,11.0880571775102,0.972664162802094,18,25.2551247338867,2.6759607415852,7.3387977116258,1.60761759644546
21.3047898338552,1.99410786474086,6.30831694384025,1.1284988965053,21,45.4034899386309,0.918364595118334,10.8504173640239,0.800224233648753
51.1780730515886,1.39433498427851,5.83680172083474,1.73673708096342,25,34.0344425508874,0.682335578916948,2.7020824020717,0.46529986481212
30.805584912127,0.494900559765875,2.97082922750132,0.487960710689961,30,56.5891519045935,0.790973209691419,11.6716998999621,0.964690973696783
9.6499660291614,0.303860834715985,3.15698421651009,0.432584222604064,30,16.6557022703248,0.385090849659531,8.2780253008206,0.823368257736759
78.5944394974433,1.59297104346253,8.11879589035721,2.33730452771388,10,67.2750253127509,1.55121008308983,9.86905700341738,1.09131629155961
57.4663821434314,1.68808853357704,15.6430170668798,2.34556373574,6,50.4139456857932,2.76440493544099,10.8654943167486,2.29630261715607
11.2967769429972,0.352679172134446,5.83301973281087,0.764916609590579,20,23.5697804149381,0.439124009667196,1.09912381813638,0.338598760739944
41.6803356299758,0.682564363210726,5.67915879929152,0.734468004600227,3,157.597876773884,1.12273310977647,13.6909474598536,1.62917380312545
28.0700387946355,1.12261353517999,9.70159535555481,2.47411709508962,15,248.976690718285,2.96328727876556,15.3287949669177,1.08593926905763
19.4035900880746,0.454966883677452,6.17614305963408,0.743889775577833,25,42.9117370488579,0.481306581238754,4.27887642798012,0.542880829343145
39.8246354206576,0.975723490143875,5.34854753804169,0.993441829471737,7,33.5694269080149,0.831028841818857,7.23155820339944,0.93577442302827
40.0973627412616,0.891889841022026,10.0573717404263,0.723573114874137,16,231.600609143703,2.07301657684027,12.9067002386312,1.01017675942861
54.7329866896637,1.26298383904788,7.68859082001626,1.20829125505273,15,57.0487017828408,2.79343511498975,10.5047074044106,1.03736294357469
53.7764364025492,0.356706522762697,7.02460076057471,0.510229860265508,3,24.0264074640277,0.645625492486867,6.13742281195088,0.700076481607986
101.327357750267,0.680102855953926,1.55315650161793,0.302971724887598,13,21.831203864593,0.661847762724224,1.5075898873842,0.332772943595176
54.9342662385983,0.573078258345741,11.9372346124451,0.781915249692621,24,25.5758097621707,1.84748050743171,5.72905307740196,1.89250413864283
76.3780304474604,0.897650128703525,10.8617276185868,0.652343472572911,24,23.7221162152969,2.5167529290724,7.563239391644,1.61840714361953
66.2386017615259,0.487811046579694,4.90100903997276,0.519264281937975,19,95.6761544498673,2.76516473181306,6.56024573515169,1.83497997733218
61.1921633984245,0.81272061111197,11.333452442173,0.939521780314704,22,60.3802833940463,1.6886018459589,11.2341466180923,2.19022860903466
42.8148440950951,0.799079402611606,5.28917554130166,0.912600456116641,29,40.7633338278145,2.90765430291211,13.0450029623427,2.06505611534008
39.613659203748,0.927793287026957,3.2843019168542,0.470254703669798,24,58.442406147209,2.1182637238898,14.382412307917,1.42726251304896
16.810988319642,0.714456861218744,5.43495452223329,0.765030156669971,29,24.9948174158331,0.655818720820699,5.87832765554374,0.563052309683081
48.5246220688602,1.09559009004691,16.5510626749074,2.93602757648615,23,23.8983561758655,0.490352404158512,6.9537784479454,0.76534192135408
282.501999109278,2.14213785982303,15.8828567355735,1.75778926996212,23,39.1103094779661,2.74989009704695,7.61756744688326,1.32237551652072
77.3048520903796,1.98043492345699,15.0122946030846,2.12398128722839,16,146.517111326702,1.63701259774051,15.411350346269,1.4324679572236
79.3146305606141,1.34161354436687,9.19235726306001,2.94529850750741,12,50.3475516842789,1.42446310619802,11.7261387938467,2.42569647583194
14.378165404664,0.536329994017743,3.46625568192219,0.570681875220264,6,8.23608488053176,0.356879469267035,4.76718049927556,0.566606650818993
47.3075932233536,0.673856546637287,1.80420840427806,0.372565680678238,4,24.7175188155287,0.82245920494523,5.82396756302818,0.69201253158145
11.1001942839253,0.336832723119369,8.49044856940727,0.962159631490694,17,25.8348696809753,2.68892009943883,7.87263259004299,2.8190614239845
54.9882938162725,0.82327255212378,2.48453568444356,0.333858906745488,22,36.4519582447548,2.21616687182084,7.85355136956271,2.21489018627286
129.538371465421,1.18091446610988,9.80778270545615,2.72802222366798,15,10.4616220619217,0.455038841963359,2.71864621565135,0.51246155530825
64.4834751980116,1.49855639048783,11.2025828850569,1.01975564882369,19,43.2402733972908,0.752904443266986,7.03987314235646,0.791952954900348
175.340636151511,2.12852429862291,12.6766699264932,1.33975881131722,7,81.5134443492855,2.91187051642302,12.0212860403094,2.79917009240196
96.7145533623398,1.38575241800809,10.709876574354,2.93211581054963,1,85.6310538848344,2.29928423504824,5.93520300203426,1.56229000880941
24.6395837112521,0.530476488928308,10.732556191564,0.968311060660826,19,37.9779915210613,2.60388275381196,11.7433410665203,2.28998042149254
240.730449595232,1.41782829593276,14.0650894423196,2.58733876440436,7,35.8697031409496,0.527570977740768,2.19896068616469,0.442120686270176
42.8274594685311,1.07813022623716,10.4806854295683,1.45246700861281,13,36.912801086927,0.776847598032331,4.72829699696941,0.720799259587748
22.0827324222239,0.661120366567801,2.75821055920412,0.411933242713027,22,20.8901314826957,0.413100085952352,11.2374662829236,0.812464177763572
78.8960377634815,1.18057179975834,8.40236478589659,2.31155382807931,18,12.4264901861415,0.563814753635189,6.40785829409148,0.952439848315517
51.0849533769382,1.88363337018489,9.55175326025251,2.85609146406771,7,40.9774706786559,0.653880155019415,9.39247742562267,0.64178959305237
102.80187817955,2.36032086359697,12.2709931048189,2.7081652914699,23,22.3285864550209,1.57974921441685,5.69679350818049,2.10128475269163
36.3488843294911,0.815928488931209,4.01270369713307,0.469350944413695,4,67.7289449633538,2.05349250840941,9.94292679895791,2.79528692708277
5.92686171210744,0.320515917902417,10.9079734338183,0.751421210894202,25,24.8618501838693,0.462327585931544,12.0287441743829,0.81178407507414
35.5444393260107,0.55629396997754,2.61039456338054,0.499936912946138,8,49.284803088189,2.30047912340826,13.406427338439,1.93345134847137
37.5935886847236,2.36777084104085,6.10731197193179,1.33778484502207,10,94.3471291243225,1.52990340560264,14.9792836338004,2.44141389449927
12.358007421699,0.347430697929017,6.90367895499879,0.741534781834347,17,47.8343569995856,0.778937118789467,11.6715597911618,0.919578838557322
34.3922194544513,0.945526936158072,8.51292284175944,0.817755767952805,20,51.9596949520486,0.614503602310954,7.8186578674502,0.875885397372697
37.2576333679088,0.642349931188332,4.76298680602905,0.433085184638802,30,64.8976948366728,0.739358087924041,7.5811786536052,0.818836376291317
34.8086651889649,1.8575869719898,8.63936890639177,2.962553146286,18,77.8202585411086,0.966487538777351,8.50034003238335,0.803564923152465
183.788452736897,1.46518089379805,12.8230982111628,2.97891966463003,20,57.2272353140009,2.71207006442245,11.2401746793716,1.14161299320945
39.8048692463536,1.6258239693324,5.90612280039525,1.11544568698349,10,92.7106928934068,1.01160163813595,10.01894804802,1.024955088649
20.38414958328,0.704334781889271,4.50381790342217,0.519350290118738,3,29.0638397200797,2.78880416201499,8.5689951415877,2.6797531710177
32.5434224167496,0.520451195521076,8.57398563037279,0.767744511976149,21,89.8223522860971,2.65051682959599,10.6343260870963,1.19254317902773
75.5815087603525,1.44682356195259,11.4165111209291,1.18261529800834,7,40.4393885771894,0.472648871349272,6.23999050877059,0.96397069187539
68.2345819894115,2.90885867960908,12.7645130224226,1.61961577599413,18,54.3155642080972,2.72126297206434,11.3168915213746,2.10199587419008
32.7450176211151,1.68900593050878,8.74660490464103,2.39915490015492,10,85.8815115123367,0.805282174339931,3.94650157568512,0.432386915667875
135.919797207342,0.852835866501037,4.16164517738004,0.453153863990735,24,16.8967827183072,0.351651760091261,11.6338403526761,0.800708994893593
25.801776720846,1.28025678968832,8.24857574754856,2.64177640247675,17,33.0729231566371,0.655795604970137,6.56703420993601,0.507070045877258
197.107185433673,1.6267846363125,15.3926102379651,1.90313554543999,8,47.5468271790148,1.3583090584293,8.62391225962417,1.32488425181332
112.149081338932,1.76011016464417,16.4658315880796,1.76705719111699,9,12.1889131173035,0.348123663661125,11.2352508023298,0.681005034338956
15.2530346505513,0.370748426468069,10.8851481459559,0.783546528632346,11,24.198491876528,2.55139197996013,5.74923780781413,2.35664327215154
19.198237430292,2.30972896217608,5.75075737369569,2.09287466197806,19,85.7524932144975,2.9587232534448,11.7773077699266,2.86857482878127
32.0818139207856,0.770819117385798,1.04936662527495,0.30188470885881,2,151.591401283178,0.918542581398473,5.9378709183516,0.507682571602225
65.1715313471443,0.998632550320411,7.8839199394686,0.756695600617558,19,85.4696049606895,0.917567816923834,5.6186448130894,0.639485671240137
130.370670822633,2.77319702882131,15.9178432057001,1.3017848581462,27,75.6470910382432,0.677389805022924,1.98676156702245,0.376053161197501
48.1768825736696,1.26454759309899,14.2203066769239,1.93057032960789,24,137.287355646475,0.79769600920754,2.9712683470654,0.354819328852578
24.8824001115774,1.74291673436043,5.28824336240618,1.06875973866875,10,70.6406135439842,2.06757690206746,12.2000312101182,1.30662968251868
65.1325871856191,1.24264137782078,14.6321959931922,1.17969926070401,4,42.2513700129558,1.67551167263023,10.5286963301125,1.34777822755341
33.4159604035888,1.19973090229119,7.47432946188679,2.54704518685902,29,91.7391344457653,0.727902482076116,4.45833991237276,0.465990382423673
252.980042841187,1.20540762308243,15.0698137088183,2.13355051684002,21,30.1691834967315,1.18301938701443,10.5367640665501,1.65638249456288
10.3708749365156,0.46686299701317,4.34218621432259,0.554744033712228,7,150.284519853147,2.92415636458712,11.9718472020904,1.90268512883818
117.572577685582,1.46774445957234,8.72887966223496,2.94504524590595,23,33.4903341287054,2.18124883680666,9.95836483354479,1.23692888906094
53.3287691068912,1.45609866038651,12.804422904831,2.36425520426749,24,36.2177850885727,0.588107864562931,10.4536732779714,0.782852829896376
25.0731129113583,2.34977747272577,8.33017064787448,2.36182174997335,9,168.415779254095,1.21612247559504,13.1737296752356,1.94093514783236
34.4226774085424,0.882467264520296,7.15048116245738,0.639216512585195,3,52.446512582727,0.783223689982498,6.01401712849575,0.956592205235563
39.6670592952836,1.33224082662159,12.3980133473612,2.31601786180105,25,75.636247711123,0.540908753166974,13.5093975029896,0.938935066828765
60.3866646843874,0.945619572809692,11.714714685727,0.93539423923469,18,54.5168393358809,1.99435094270049,7.8753780924838,2.47947039561307
51.4063520838456,2.30599049150964,13.2232805906824,2.49641375536207,2,37.8980100793798,1.10875903451539,5.85486508314806,2.51456684889893
125.521944421252,1.21460472569407,14.2075756054687,1.19945060672732,25,43.6726537771798,1.21903280068904,7.69828126523639,1.04848727548866
80.4278807784861,0.798104383027973,10.8295380741575,0.73612778385588,10,44.6391631729338,0.804072090414575,6.43760074276027,0.612566636813356
7.71216194518477,0.312284467113181,3.47376982574348,0.44250485384444,23,47.7239210569593,2.96839954527803,9.65566944117208,2.74048999151243
51.978101744237,1.32029878478204,11.3711002905549,2.09399805166606,22,38.8781495426384,1.00675976588009,7.5891007202185,2.2769143412993
103.756898101692,2.97646954711703,8.59846182509514,2.24812109908667,20,94.6977476677365,0.704260533487765,4.45331215580563,0.530050578249743
39.0485449815158,0.505013905252871,9.95107164280252,0.712061066103696,18,22.7466078947072,0.914553991639448,6.895390784555,0.80012275040719
22.1194929275302,1.68585597628044,7.21486670846912,1.49296066117894,25,136.858765210421,1.72592251463122,10.7899013916384,2.56771869458567
8.09623622209254,0.328801777966405,3.97317542889257,0.693207693096163,15,58.9195240960069,0.968099179040268,6.49698487876275,0.903874992184041
67.5645833318095,0.905899159876121,14.8300696870154,0.992096552852015,15,73.3735072934317,0.574454849916388,10.5811510057641,0.660345285282452
189.394843184034,0.830825790150725,14.5649016915789,0.970489998056689,21,51.1219058204113,1.01319499917162,14.5778713481408,1.04680375835857
6.86994772844456,0.335579941592722,8.55162490321567,0.957954434544886,27,86.3986325398436,2.81368260670248,16.6794566379248,1.91681883643353
224.732484829572,1.77229817706101,12.7881766557711,2.00299285204688,3,60.180430727101,2.7029974066031,14.4343192605628,2.92624711555012
132.707232149098,2.22717790835251,13.830662888742,2.85662398620226,7,153.811845641767,0.998292911606092,13.247601235638,0.817769389117208
52.2231765183379,1.56652734581271,11.0294699373136,2.21647197326661,4,134.05105548436,2.27122407609822,8.38996735620876,2.91913371841043
34.428680195336,0.512169424617828,7.50511389291358,0.588648501706406,20,89.0727504996552,1.61050078208119,11.1155111646661,2.51580757046375
33.9134192231316,0.380547056050618,2.93563405936452,0.462458418584761,18,65.9224697312864,0.830615349871669,9.04688753972825,0.742926385664182
83.0476395110622,1.27963098429655,12.1800463822727,1.01345632212779,6,31.4144054844835,2.654432108293,8.01990064759664,1.63072371567588
36.1687402136712,0.698309834821363,8.51678067187177,0.663390371883244,29,65.16915400405,1.49906378215508,7.59343491315295,2.38954905588367
89.6237938253848,2.97201626218894,14.2351739696218,1.40928173178327,2,41.9723345990568,0.645409159018157,8.15699658548545,0.579394730479912
65.1716660441365,1.73615420607248,14.4181720361678,1.46685376058825,6,56.3222477860712,1.85213960362809,9.83591843985686,1.70950799197836
41.1359230550448,0.477115843113541,11.1695881342424,0.82887606318538,11,88.6073700476645,2.28396424864431,14.1834749964289,1.26402474727345
85.980213718927,0.922022188951079,1.87678318691813,0.331128331670225,10,35.4734853005818,0.834711243408491,7.25406927887908,0.559284637929242
114.702371050713,0.761215125224876,5.23443160022346,0.458879793385697,16,27.8018098366653,0.351198065965571,1.73975473122019,0.323338128514945
115.037659353786,2.03545244939877,14.9443454319981,2.95895252783108,6,47.5923254934773,0.542783829525918,5.21478037630306,0.623869615637167
195.775748405888,2.47795786269077,11.121095099106,2.6879394396735,21,47.4548307988201,2.07606920645457,14.7337370220767,1.96276141827439
171.651635380731,2.54153132984755,10.657219899549,1.17674509501245,23,21.0292118381399,0.538157812111318,8.79949167255385,0.833497751553609
38.0576106882921,1.51671675622798,8.45496271091447,2.76126127940143,24,18.2577575043684,0.613593666776293,4.08715527997651,0.503918438585059
140.584814235542,2.37555317360378,14.5342601516047,2.21971816698504,3,47.2633759341621,2.6051045790699,15.3632656856767,2.08318385497885
44.9926793262281,2.35210791967168,14.0094647997307,2.26396912726974,20,48.3183299001239,0.440194939955799,14.1282444903353,0.901549313030424
81.1808001531025,1.95185953030359,8.82923407387495,2.329068315549,21,24.9935619024016,2.43165331996738,5.80539068396942,2.5507822924124
13.3585254889468,0.547938727045646,2.54511848074727,0.468372274954161,22,23.2280533759962,0.739805111042029,2.63537786297994,0.446512600496655
67.6243473837054,1.59378073426189,6.55195547853548,1.9559777372497,22,122.419834604218,0.775436076610344,12.9511824617771,0.784467595754895
44.7483647522999,0.440502335849667,12.3974876483835,0.830936040898795,27,36.0543489614193,2.73126399042301,8.06092100530953,1.39558034780926
59.1527316533927,1.245741533634,11.6768632748086,2.61524932834514,4,31.6331552375727,0.556762485355273,12.9097381721312,0.825573663436255
37.3809821324685,1.14493442606903,13.21615421636,1.83162892720422,5,75.5491060589978,0.871559930059945,0.953248721589676,0.309542109546343
85.5240012914957,2.55484443655154,16.1773949383866,1.6918003396966,6,40.5532833956945,1.1484647839533,14.047580420713,2.52592742563204
56.6096515159253,0.773579736235971,12.0932670925706,0.876511175055446,26,49.2233522460732,2.28620590997434,14.6084731048276,2.97942599612876
31.5852694684821,2.58545086498816,9.402231275506,1.7333192367417,30,182.410097100373,2.81194664680189,9.52133520869351,1.405618308569
55.2329993975955,1.06886297991653,12.8408176822406,2.74615220181401,3,31.3218961397683,0.586108598896261,3.01936005919361,0.365899907318574
20.6101876951069,0.57470509170494,4.16225212801798,0.682213960053906,14,32.2298130867642,0.653740539060647,3.42635459336447,0.441881258099651
47.0979266445779,1.78774054072514,14.2233115393023,1.31685138234158,26,41.0144668237896,0.474974290091389,6.06598356905238,0.520023853755222
40.1757998517832,2.70223782947193,11.331877371722,1.78152677694717,4,179.34511227716,2.44823561510411,15.8533746276145,2.63594771073651
30.2069929324714,0.76809438398818,5.15131062900554,0.596589912326166,25,44.6087391624331,0.535932604342109,2.24759753234648,0.339413736525239
42.1466289657167,1.57505344271942,5.84529276407125,1.09367431087589,17,3.08848363756614,0.311190955007939,3.25889324563519,0.450728032774576
72.094048367525,1.13587926922629,13.9708299349334,2.75565606396312,10,14.1305448258812,0.465892840897613,4.10342933880189,0.578104650120878
38.1823085664932,0.90165666183665,3.87479691930518,0.420573918926853,13,78.7851221476028,0.581190782804973,11.6240502457645,0.765523949821694
23.395800277889,1.40546659160573,5.63441785667638,1.25541674280908,11,91.9004708660002,2.82962770464594,9.70662542256396,1.43077680643833
201.239361403293,0.67720487257385,7.07265755828993,0.48972975151603,15,61.7040004834732,0.772401412521458,4.44489047714595,0.514886559792976
98.5344981780317,1.74909604486786,12.7427618232393,1.88933086879607,30,94.0077769636491,2.27388060779483,14.8953647542983,2.6088494781153
21.2202162353521,0.716335693081696,7.17377115890448,0.902452813268702,17,45.9537842629019,0.548386156583761,6.39820061173527,0.561850042854633
25.7600629172762,0.475505846358103,13.5067355468628,0.925117441423362,26,33.5662011765544,0.817707593163105,9.96614838482364,0.891057332931232
158.970023472563,0.919668452034506,1.92790487052716,0.351691220796448,16,6.56896540955649,0.335835752302196,3.29153122234395,0.401137170554446
24.3621580178107,0.506869466678357,3.05370032241837,0.392652741587736,3,48.9793040653651,0.48039463976497,7.45373635270902,0.578831159810966
55.4894829856894,2.23428277034207,10.8123990400907,1.36788465609826,5,25.6764077701334,0.380474387987601,8.57795898552687,0.657672321206501
15.9521386803009,0.561502286096117,5.33203567556408,0.64744663907328,21,70.6959531991101,2.66833516228611,15.3766703425267,1.50309127455175
5.80798897355059,0.368920665952465,3.07930422341592,0.43799929098659,14,32.8473211075837,0.412442106054126,12.687817479583,0.771180118157985
16.2352770566818,0.620890736172964,0.988858480001074,0.345937198719579,19,125.051908051716,0.836697975103712,1.81140215520867,0.367442491318019
58.1340671575374,1.23587324831766,12.3235129564329,2.45614371749275,5,84.3912289811197,0.534298796514882,7.75024084557362,0.542795683212749
29.0369371806381,2.23225764682763,9.12220239229036,1.44144211813143,29,53.9962706919211,1.64742378666956,8.4289746785183,1.5659922074966
36.5449187228905,0.864565925323933,8.62236137141375,0.827057238355483,26,76.2686081369419,1.00588950628355,16.0356487362595,1.43625946226779
54.0565133972776,2.87422294690768,8.42805098153735,2.4889782489303,2,56.4075323574841,1.43734055458493,10.1893908620824,2.61477966980696
176.102061678075,2.66627463843814,16.1287366737673,2.44995023411413,12,101.602059277562,0.827975550410923,10.3029083750953,0.624022872130271
3.88963427344425,0.30288420420546,7.95062402584608,0.63263624408927,25,87.8501564060493,1.98185836706922,8.23054501801041,2.07514156834775
4.72862147855648,0.34002255627313,6.52304509030508,0.992383914260525,7,22.4452217102564,1.10673232391853,6.96368765845217,2.15083410132377
17.639967925581,0.369310910106982,3.05335386344925,0.383541058063662,17,12.5487015739884,0.421770683876621,2.49230945822896,0.355313990827899
95.6622482982056,0.955459804978813,9.33047508507306,0.733280527533778,15,45.2434853991309,1.08298120745606,14.4677564869638,1.59140106101614
54.22809959734,0.690973059515069,2.87391499757898,0.361122885918421,9,89.5447732557934,1.74166731338368,12.5335627934378,2.68349262251045
93.8791166150311,2.14731683683209,12.0933802016843,1.22543863801062,25,20.553607705859,0.500885248009871,10.3696604126317,0.791187267708496
57.824848366437,0.895767883419706,3.18982049113525,0.421329448868458,20,33.5846632330113,1.68046263485158,6.58082795441413,2.99060605142092
49.059963353868,0.836849753165148,8.9672224751186,0.686579461700977,30,33.4158295453171,0.982943790180627,1.87962055368276,0.391505321194577
58.6695041108492,1.47222048561596,15.1117150967776,2.68144858597229,16,113.460368703005,0.622644942906973,9.97303436066574,0.876846208725487
53.2590395196044,2.35379815746443,15.3055064784889,2.54706061034527,25,16.0669090210613,0.526504011706066,6.80215168099147,0.811177667364456
10.1603469742833,0.431053826764766,5.23352135194239,0.701826429499519,12,62.7653703502653,2.43414547770313,13.8441169903613,1.48301576733086
61.368004840043,2.39841171789182,9.89047580369043,1.80794224258906,24,58.7597752259639,2.98587249418736,9.00597922408935,2.99876224946706
108.511292338152,2.24065939073651,6.85446905741089,1.08747778639704,27,82.0550190252607,0.859753767958293,8.67246654147818,0.895343409269702
213.226200366351,2.93906069606993,15.2707310500967,2.83025121390017,30,35.1671702539362,0.77180876305999,8.65965640315824,0.635271946054398
61.3629021166189,1.10639403864968,14.1867933234132,2.28094013778382,15,29.6447868026089,2.89188731030207,8.57845312992035,2.03937344575554
40.9900832459989,0.631142928806799,6.14867504013049,0.851997524180451,10,164.003036502163,0.790921055015871,11.4609627340245,0.733081168172255
73.261868397696,1.67127208460164,16.0577689039618,2.99490227308087,12,43.3856133562687,1.73217097829121,11.3309789979946,1.00061928368878
44.5998945457516,2.08443593268693,9.04247314168661,2.68622436277156,30,30.0074522851645,0.594246980043218,10.259263546621,0.750054481082648
40.8300435037699,1.17763788097564,13.7834318442597,2.12119265799907,7,220.421350787488,2.28616621192657,14.6876236467543,2.05150676801146
102.514690057326,1.86831243801089,12.4193622179109,1.67819823726488,9,61.2443896896,1.5279123781302,7.62116445983269,2.49271248337314
10.9715156346828,0.398172273706991,2.69493010077102,0.367699521492342,2,45.7467890228388,0.648304481139873,8.2403427905086,0.775164416543761
45.4746138168996,2.99419424062229,8.87861991034998,1.4172728195915,2,104.945180990962,1.92121088895031,10.6049266562123,1.21194834312794
207.813913566295,2.91038255003843,12.504144341189,1.09732063871288,1,59.203899963035,1.67555950893678,12.3790092394388,2.34759846686771
66.0417852430082,2.17698899612985,6.82232440070737,2.33362573925208,16,43.6565515003477,0.833581461911234,5.31494017755642,0.46441133997138
89.7056039309072,1.75311558352613,16.2143967457657,1.46817670609583,28,64.6828938083319,1.14273142162137,16.022773484555,2.22320541644117
77.4253561530095,2.75359922948296,6.31513191747138,2.392998255118,17,92.9299950773997,0.614753997567361,7.89585093577009,0.849852336693799
38.7438566699677,2.89870976215672,11.4055657837945,2.69294809029011,2,54.3204279727195,0.685087428303256,12.5389813347445,0.876552117352906
33.8856717146905,0.879706163296379,2.16039255266873,0.354033958720778,15,22.6992152446626,1.93888736467749,6.43926015409484,1.50892367384999
62.7887782736639,0.641444014756082,4.79187311131804,0.485135489362563,18,75.7433739327486,1.56777757888538,8.95724179336755,2.44426825477086
77.2759233537332,0.912458131386944,7.67828065312948,0.534692777304129,19,25.0383630484012,0.412588657548769,4.00070641101667,0.399284972736258
45.0492525252779,1.57680995071791,14.0085465492982,2.40229838186742,20,121.373895969495,0.978079783026967,10.4338004975325,0.937521178089253
57.0187542017974,1.5377065479484,9.38432110889645,1.01395919941527,10,101.452733971357,0.789836921816452,6.68361367304059,0.563117606766859
59.314929597974,2.88741184436062,13.1754929522662,1.40490652067652,16,66.7108275530764,1.72420337736452,16.8480423252313,2.47619922638439
82.7177866632331,0.78362947637104,11.7759540551601,0.946639319415849,6,111.343370817911,2.69762243135607,15.0332305001137,1.94002303595585
18.8458718755209,0.539962245193283,3.8675082018716,0.52056337118792,30,143.487552326374,2.36933614066473,10.6454836832347,1.71143197056122
85.5536581356898,0.476908246042834,2.63240249558544,0.38012565688546,4,38.6022698957833,0.788327378567513,4.30215345195289,0.6296620824626
33.8635686940291,1.85354090660521,7.77358104566543,2.14037102698314,1,44.4425740927938,0.503677682227451,12.6959001812274,0.875926825874368
8.81448459021231,0.34264099783059,7.77560803478022,0.559783132006897,27,121.361742795989,2.33318807113517,15.7642946365515,2.66657213400872
45.9305958511268,2.23655569611219,14.8192959908433,1.99349686115802,9,37.3595021647142,2.30164589003492,12.2700267974079,1.88806293156508
72.6696483636976,2.95724857428131,8.65075206319875,1.41760452101745,10,52.0511324642417,2.12064827699654,12.0979581301919,1.13672926939856
111.231960565073,2.39268402228305,12.517507702046,2.81076281899165,23,75.8581877455614,2.87101062268962,8.79552697584271,1.5808744269061
122.437172875577,1.84334653089991,9.23540124135713,2.93643752926264,29,66.6024497234719,0.728229800494161,6.15625646139895,0.728924532496809
10.564346974007,0.3062479436239,5.44816626701506,0.438876830883993,25,13.8048574894505,0.642818463675498,4.76112163670264,0.900302771556166
19.1226241575098,0.372087408868129,10.8652577479702,0.880235164074563,28,30.2832921911299,0.542884120398023,14.86415734261,0.989885588990327
55.2858809515992,2.74493036293984,13.0166176942258,2.94032008195948,19,42.8893225559844,0.694957426979487,12.9608770452289,0.950460786427022
3.37274173145875,0.306699346592556,6.50145033826029,0.907316020640111,10,70.8808006251323,0.670628043682724,14.6747628308044,0.985001088761803
49.6039109485341,1.83948559434168,14.4942182225679,2.96950517922937,20,104.385680522457,2.72472132733616,14.380531640972,1.23160016134637
8.78289123872215,0.392272911410629,3.76879118205539,0.52885180833823,12,156.70083989053,2.91633358019491,15.7948147477331,1.50747042171773
73.6129712422684,1.27796417410476,13.6146841578703,1.90147179725343,12,61.3574648459579,0.42491360148318,5.51910745925327,0.500661015408041
228.246698741633,2.8618810180739,14.1385589916065,1.85218199709741,14,117.860876563819,1.84637431909719,7.50052359796304,1.66760634111845
99.800617321943,0.673779641755607,8.06681287826486,0.722885967099186,18,87.4926508235826,0.901648899247365,9.87722678035655,0.90824123285816
32.770510504005,0.568471276915507,4.64067182502243,0.57370702034702,25,35.609994521584,1.54917101013675,9.32725461517582,2.21741929432923
21.9544463839178,0.729622798248467,5.32451607567303,0.69441284693481,4,23.8713526389121,0.692110780926339,5.06592445918943,0.698265252774541
4.26317043819697,0.323471745347131,7.99418757813756,0.952545628338587,29,67.8694402919899,1.0675426671031,6.22872735399921,1.33584425632473
44.1377336608913,2.83917307737403,9.99984672499231,2.08209533714791,17,30.5821396115283,2.00930364509855,7.29572761340497,1.46338300278011
99.1904771096851,2.28720318282229,6.56769955510844,1.87013290102487,3,52.2426808786594,1.14936537241379,12.2128808863092,2.59283306661382
56.7485790357157,0.876099937353774,5.86388399427011,0.675200481556553,30,44.3016908867557,2.21844460652441,8.20520807004343,1.36577673997512
114.64105397511,0.885737878865256,5.51988303786107,0.683061981552166,19,50.1118132266307,0.855628873543245,3.66565492529658,0.448660439751372
208.743320211103,1.2484266380611,13.4038972249745,2.20633941538283,28,9.06993953779239,0.334070355162078,8.77368633166532,0.820237887046593
92.7453367143971,0.800291123819705,3.656442908524,0.435606777246488,11,33.7788396510895,0.368043362068872,2.45431493618232,0.337914939910531
120.72565155803,2.73727047998537,15.5509305309418,2.45071795276773,13,69.5434212203877,0.711058495990629,7.25930106637208,0.495724638129126
27.9566620842331,0.636639496129237,4.81340086238659,0.752710392689714,22,63.8374861207849,1.78136084412931,15.1785608569506,1.75536382415841
3.99168140885532,0.328603987350078,3.35009564366185,0.465986609492799,13,243.530516709069,0.922251261804056,5.97723145221285,0.453431794271317
95.5219274311339,0.632137171920708,2.11712832371598,0.322049089341785,1,30.7480205889216,0.691893340751126,7.49070439418497,0.54181946932674
47.2010599093382,0.697793320117742,6.90656438743502,0.544866725270024,10,25.4971723821564,0.620086973746316,7.79814519273075,0.60415665822167
46.8471300512077,0.827100271042193,11.8994755215897,0.737326236163044,10,24.0082132289848,2.88086645961545,5.6155200247127,1.47719597392878
59.7454920793804,2.03995114415178,13.9548273812679,2.750479389753,4,53.4347406726307,2.59646985105841,13.3032223703553,1.76499962632032
106.070718016904,0.575579296346685,6.15611980303379,0.532747231722996,9,122.962323827357,0.663810363568076,11.9294873954485,0.953051123196483
90.5709381684273,1.07971245912742,13.8284736998561,1.08770413035047,11,50.0534447159411,1.2093727689291,12.8748320462103,1.35734291971928
38.6395102669709,0.975214519581011,2.64859696109162,0.365074549153222,16,58.5525221722559,1.28866005484605,9.89383798628995,2.23416959772797
32.6568212905569,0.546162470089818,10.3205401441443,0.788642935909216,16,15.4510672284179,0.362998765228085,4.8830416482548,0.523121504152865
112.497245539786,0.779792438357356,7.89849221913661,0.709099385374753,4,17.861522333737,0.407204961075021,8.47440030558426,0.547060275946119
14.2873576973295,0.38775290273632,4.66140162723669,0.610578840026386,9,206.161466442395,2.63971777901459,15.7392360745322,1.71546756898163
22.6103634698346,0.470845087859787,7.70065353437329,0.797757597810463,19,55.8438783353319,2.80674633577745,10.4189208574345,2.59648377929808
90.1195427979543,2.44804261638688,15.7417623529976,2.77909368934374,24,20.7836496577207,0.481742179692843,10.1858273161209,0.620391228201606
19.2548603412433,2.78636699112277,6.07512797716402,2.46314487585035,6,144.221921460811,1.34553682931913,15.8627151555912,1.31899259382635
41.6170202001561,2.70170984764222,7.71657337734195,2.49476054858688,9,30.0729642283753,2.30447885984801,9.29877465883225,2.93351880369311
158.783390986683,2.78068000463509,10.7648403857505,1.57971333524416,25,32.5129531651879,0.593266524408925,4.86569205507097,0.499962215886615
86.7410428289493,1.50869249012138,12.9881134089762,1.55761626588549,26,44.5062184422479,0.955666690867554,8.42883335561178,0.590429611874406
39.4642148556868,0.386718475972084,10.9673296621125,0.990272895523253,18,57.132331865767,2.44251856455884,14.3762024427725,2.4510884551904
4.92918676446871,0.303078630188843,4.04767064458211,0.400406698914552,14,29.83861702406,0.878109628296296,8.92502907625134,0.942947163563639
114.991677781734,1.76518772646973,6.5480701859037,2.08556667527219,22,35.8313887558983,2.14322013568239,6.65054436063482,1.60613861593453
48.4776567774397,2.95614545231491,6.18834817269856,2.53946766509109,11,23.2546630750452,0.75243854857231,7.707605130549,0.859927481416467
71.241453678974,0.845120583868861,9.67246082696944,0.651587123354145,12,20.8230741368221,2.32782167694717,5.43732556285496,1.16854846545105
90.888763251229,1.22387855055463,10.5714168557464,2.98343925202688,23,55.76622026526,2.77220028698786,14.4963675084025,1.75526414269939
55.1890657906874,2.08441441611808,15.5985077538775,2.04427487623787,27,59.5716561002326,1.14784773200978,8.51422367161023,2.83530322574073
56.0625490929775,1.75812262729582,9.1082530979594,2.73686175693338,27,32.2582745625456,0.869631412425357,1.43762208117694,0.354738733432418
16.3577869845597,0.408462837500868,12.9619347746585,0.993657096703833,30,131.134005073529,1.09009665855888,15.8745656155151,1.30876669824555
27.0687928526052,1.36316411710429,6.10895810965407,1.18331108341039,24,60.3115105930963,0.788379317280937,0.926875418430702,0.322418027237857
130.032741768262,2.01552740625871,12.6200885274411,2.79386106308979,6,12.4483099530391,0.425484973165122,1.23555612196636,0.32178953752504
55.05771538807,0.956532027264889,6.58376036936223,0.797972399675861,25,38.5435266425363,0.739803412816068,6.10877396966817,0.850145453152236
11.8248147281262,0.360010575584571,3.29338930498151,0.364453707238252,22,23.8796689889431,0.481914269621531,5.27007852341457,0.526760458994685
27.2456138309961,0.452948605113183,10.7827563216718,0.895512629960552,20,44.2222961713148,2.46834630105486,7.17177222580164,1.98563452051153
42.0525700096304,1.16368072599787,12.1069702569683,2.13272154207609,29,180.257232810755,1.23627632092146,11.0550379380269,2.4596803033579
57.3167720019648,0.920081328832361,2.19341152710127,0.466961250492266,19,179.522287912608,2.42694531567671,13.5183840634013,1.15031137724915
46.5545996354608,1.2357853618351,10.7410664605766,2.71057089346083,30,158.308552012048,2.56731752533796,14.1483607217775,1.62718733618549
10.2060465479398,0.393082583633579,5.1254801857297,0.469662323951451,5,56.1146201605256,1.01132302104358,14.6568961254653,2.40471803491347
31.6852803269214,0.313607446603981,12.6773490736779,0.773578300722714,9,38.8604579912524,0.725613487122852,0.909235076932377,0.307591484756414
19.7828887182542,0.97554127518359,5.05509744064882,0.898181072869496,22,33.6237808827864,0.908756025858891,1.94511107749808,0.39685789562472
20.6065764370784,0.423839276714283,1.7952183176291,0.328514687115367,28,35.8723878333717,0.593497173091669,5.60931860920643,0.557266839710798
24.7117070690414,0.311298917428085,7.62965772656042,0.56916786038393,25,8.07866899682206,0.47543794751899,4.01527636139854,0.679300484221911
85.7274503326851,0.975692637124395,4.99068779759275,0.915433733894259,8,102.765023843508,2.81392794535592,10.2671634002528,2.18029139964173
41.6479303662988,1.90749344697927,12.1064834850257,1.77494205545913,24,52.0855360141766,2.32351725973157,13.2975675233172,2.90084058614231
81.3753922877452,0.572726375029164,3.32051118271946,0.413968759629261,2,54.2415647295391,2.8633470088829,8.81433396823756,2.2756841518892
137.803123401098,2.40775951186782,7.35162561938351,2.57524537619136,22,151.908670913066,1.042413438591,11.1137393776068,2.41276249065002
69.4429831955193,2.49719906714856,9.75018035421852,1.47819451293433,13,85.1601943581123,1.56228105688174,14.8138430426151,1.24074790027324
176.987000866525,2.93990846543958,9.28640518282829,1.37130453696968,25,44.212024054762,0.926565664420931,10.383052286728,0.980798298872183
123.606763611516,0.652304466902209,12.8684601658498,0.950085060056965,24,26.8222828373479,0.478192530636237,3.57759493465155,0.392328640963533
164.659738650201,1.97513529630482,13.3032754043406,2.8989285628065,9,41.7653976797238,0.50199607100472,3.76906596438391,0.404080477189886
19.6977542928758,0.334984605184987,9.9982556448116,0.988122878746332,5,72.6166652002456,1.66627537212994,14.6504672758189,1.14269385606295
95.2729943366446,2.92616766628499,7.66115840308964,2.41550387012153,14,46.2028506583523,0.938162731228025,3.03531112351468,0.408152051703354
46.0762984165513,2.48955516016275,7.28791552665019,2.4597451431786,17,69.4949554882949,2.86541253470221,10.0963319761091,1.28312155744304
34.4740287314884,1.03344024290041,9.17842010766396,1.78372538090031,13,150.719985047558,2.53991777658254,14.95590532321,1.20507035209879
29.8633990095608,2.76508399652272,6.56005026355645,1.30640533368202,15,40.5570434687176,2.8974348177017,9.63078229104409,2.17292540272597
41.1359800621715,2.15243940539293,12.4049986507383,2.26384869239024,29,27.3891141753669,2.14520416233072,7.03578428202503,1.81719987594682
34.8421966971819,2.97489715257982,9.46048779631218,2.1845307896531,4,25.7305150962602,0.687843773336461,1.15213478731428,0.348203517946691
25.901555623526,0.658137665413614,6.16581169871684,0.964940747788323,8,69.69049896735,1.50457749934111,8.90197638008342,1.01574019542686
32.5456508333557,1.0822395868213,11.7528877151972,2.71280683303611,2,126.402710561729,2.47414650387796,13.0384221722233,1.92000109007946
84.0359275847605,2.91563204356398,8.02698830380799,1.1966176240923,27,27.604634037439,0.449540121717441,8.04339579209486,0.720166732822269
73.022898845768,2.48820305945041,11.8371882958407,1.39035475117174,28,69.9124129127882,1.253948655071,12.41686539569,2.84207706726641
35.7896677580818,0.896493990234023,5.43181672181906,0.74582298797765,29,53.1421284592633,0.870475343671264,12.8515155652768,0.900265311615118
65.6786769753133,1.71933559094553,14.2796739511026,1.44578780665522,19,50.5770123100635,2.39867526050297,14.8456839177323,1.67669827570787
27.4364517534385,0.366194877386053,3.82604206100701,0.405766543996392,15,25.1867211673144,0.494500987271159,3.19844360928363,0.515660139539096
46.4249013092997,1.762579078755,8.63882206415133,2.13827973734519,3,20.2635880299678,0.471183185930054,7.83910158387539,0.518249112304634
44.3150384408866,0.609013409245855,10.2668917837547,0.777047178749821,16,21.4330230480154,0.702868319618547,5.5845473714872,0.608512389423123
77.8759434590431,0.578308312635577,1.06134165932965,0.31806932887109,30,16.9587093331507,0.532917115072967,2.71116477679146,0.518241600280184
92.9507605314362,0.900128129540968,7.23694587238655,0.819029860317447,11,111.037344254049,2.57900362177701,13.0968789928494,2.81995482074789
12.6606135496711,0.422775497252517,7.99142837990014,0.680178349542757,4,25.6421033636037,0.380101156386966,4.70889015412623,0.805305670368462
48.2075385453149,0.87336454328299,9.15197730664356,0.616715492602104,24,7.68938670789394,0.36564786600474,4.25583669220307,0.442247464033421
77.794898235859,0.747408643497195,8.91684237300883,0.722565636174862,19,23.0078386188057,0.550724424852716,9.40278054537782,0.780920720210235
21.9333735935848,0.640301251449036,2.00455585490753,0.392114497987644,10,8.43001429265006,0.328544354525498,4.8571788067572,0.618040328454019
31.6684763630974,1.70371248693151,7.1577074529899,1.41254181173938,26,6.41157147394881,0.304530976269867,3.29859067040705,0.442199072206995
14.7366901164325,0.408045127122326,4.84790710368541,0.519161714641756,4,110.281499883512,0.884688591736268,13.4680521381104,0.83062629050224
99.3034825148374,1.84010640620661,8.90168907853973,2.16061041101959,11,68.3451859214609,1.54498611567446,12.389123314745,2.21119493432221
54.5427933433288,0.929929980902198,6.4235260252431,0.907156834446325,16,49.9339887095529,2.62863899669905,15.16692512529,2.11498103240741
21.0749426102199,0.564983997268481,1.55115080525698,0.37562868642687,4,38.1015293772145,2.28649230483117,8.33423716831071,1.83668959754318
34.0269305846008,0.683165549052295,6.02122526441775,0.716550044885748,7,5.75466924028687,0.301324333913101,5.27774836658877,0.61462685145929
10.860348196826,0.367991578665796,7.43538274211143,0.759129092754823,29,63.7095675804375,2.55164859881556,9.08100462345741,1.97558050250073
69.1090664675183,0.984516028232784,13.390431331896,0.819290548857472,17,23.116451273341,0.908943813521639,3.9994210401225,0.556851043096571
20.8555022612951,0.547705417447539,6.52051358256784,0.629383562691694,22,43.2651875979283,2.48903631875137,10.1060550205105,1.38793312796216
58.739757530628,1.64510191121537,14.4627204154293,1.92696626715181,8,116.29508890918,2.13211676063925,10.7824343053095,2.6135706340617
36.9910039117437,0.650152721806597,13.7007821529063,0.949223481788612,6,63.2824691282263,0.545436648269334,2.68886530567412,0.46354947551315
13.643556094902,0.335843797599339,10.3077414346941,0.665230469955317,8,75.1177117647755,0.55589746130883,6.85067980723506,0.500715843326679
69.7513589134692,2.22371708748429,11.7546594320739,2.98987211079582,20,99.8055484472485,0.723049294132801,6.05545623181483,0.549817290118019
29.243787911137,0.710818661935158,2.04374485848548,0.384914039320336,19,41.3300017440507,0.743839765799788,9.2680830714485,0.574882814647576
66.8360818177957,2.02662532262598,13.6755640612959,2.22793232587288,28,145.113789667351,2.00942871355744,11.7922874539756,2.62156802582427
38.1158669349553,0.420053391304326,8.15559427920846,0.612967666571813,14,39.2450688790328,2.21958984491125,8.53605636251906,2.09965551838958
26.6656059301378,2.5707367111113,6.91708884195857,1.08871815972909,10,18.8468244083447,0.776558247163934,3.27227455041916,0.50948495501792
62.4169945480086,0.396870539214118,10.0755096819308,0.625291392815155,9,11.9731872301901,0.458142261281958,5.94846337192041,0.618265482545
50.6275588756656,2.84100949643023,14.4304446725878,1.27387602098898,19,62.3350091464922,2.53156571958111,13.7187546368322,1.90878669738295
34.9298170221191,2.03127658689971,6.01582793974191,2.32960060639578,28,70.463221941759,2.92644700065382,14.9202515859514,2.3576147931465
88.6486573882829,2.13117637788001,9.77973163835414,1.46895983362559,14,47.4295725815767,2.05891749562072,8.82529696427163,2.81204819988001
30.8084156294344,0.417134208086902,1.14253033250885,0.319825975788588,16,55.1708401537473,0.808651106833901,2.0849482741678,0.327955879713753
17.0604357842043,0.719745558587769,2.87092374617448,0.486499726691098,28,38.2452327240652,0.461458169418491,6.52551018458961,0.783761067998335
63.4195654856054,1.30984075025917,14.6465858882108,1.16251260384247,7,68.4331691443507,0.600330333728233,9.75143323224564,0.725881492524633
49.9510315843002,0.912850043106962,10.1415362291366,0.833131695467316,22,36.989486320433,1.22998628532611,8.09621422964662,1.40212398869233
51.0056107704353,1.93451841618169,14.3188813063435,1.08092045565853,20,60.309078300259,0.687188319464946,5.04638188638954,0.439802922322616
26.1945627986689,0.817099085440045,3.37711029163127,0.445834903927673,11,56.2843299264449,0.736860659889272,6.45032562371045,0.975712085014876
41.6715499700323,2.17003245268787,8.86895025983135,2.20694906031391,27,110.578780076135,2.45502552484859,11.1602138239555,1.73148495831717
11.5214586758399,0.379470848508829,4.8307914715292,0.482481187810007,18,16.488919614562,0.416799152628893,3.79776690401875,0.495649033696002
26.9796714465994,0.524872915737353,12.4045321088418,0.885837292995345,19,52.8745452203324,2.9757772502386,11.3316350785221,2.93252654850882
52.7128097066292,0.470800166043886,6.33215034452241,0.630891504019133,8,37.0344181573081,2.60089875406829,7.59885565853609,1.25058816035009
41.2221031183919,2.92545899980026,7.58680642333166,1.54149934813648,20,127.86549684123,1.2525324945802,13.0227932463401,1.25221623166915
2.91900049562723,0.306057754897223,6.15287842479772,0.829490973385207,30,124.06984214824,2.53747632417537,14.1767612413572,2.74178220453734
34.6331346132295,0.750314997831109,11.005976256845,0.788520921381695,9,18.311442414875,0.514384144478544,1.52015716703514,0.350551626095634
47.3708484839868,1.29403310177383,16.0358190690492,2.36910778142977,23,35.303774947116,1.49704669476322,11.7798936500396,1.6400369491925
110.433461477387,0.674726020469505,2.08262585165716,0.321420384295938,25,17.722107497955,0.361180086767507,12.7095151217548,0.835856659855495
60.6428332719549,2.01809787666351,6.20227873544216,1.22367880823115,22,112.489169691281,0.767543358079139,9.4380185988724,0.891582326161538
42.9419144173353,1.87447412263792,8.00554690471448,1.69525572435764,19,44.2549910230058,2.59185930916304,12.1131968259944,1.18303772254097
56.3914310943836,0.82415348528215,1.9163546640656,0.320488728055624,24,129.495006854152,0.948742799232385,6.88597218009155,0.761079669667544
36.2241214258173,0.757217164035535,5.18927513264903,0.625690047226266,30,70.2114943168322,2.95730925846245,12.4136176113202,1.41386355965825
77.9529244898327,2.36619593543494,14.190841191981,2.95997449234864,29,74.1685650245157,1.09845067154566,6.72550965647266,2.52056649336139
27.1676032457704,0.905305589882628,7.11855242959275,0.983008570966773,6,7.47205391448641,0.329458952829465,5.27340705326973,0.638466125803347
17.7147253152597,0.771619424572274,4.69989876667938,0.821165867813621,24,100.538995292677,2.86584758182785,6.61217252599025,1.81085114791492
45.0290984752442,2.05456206987761,8.82911385727895,1.78531945254106,11,97.9863985686909,2.54511041196184,12.8222835586555,2.41561990049577
55.5958070030809,0.98693726296576,11.7563927906392,0.777316912936208,13,52.7074746770879,1.34979489013174,7.90155750379759,1.38762639983046
50.2732274064055,0.978311220462223,9.96003082037178,0.966318438728086,30,17.097981259994,0.387487382418315,3.36096201448726,0.366729143844498
64.8633325631816,1.54456153234838,9.21279053813311,1.70721514544551,25,140.485912484736,0.526838197189872,8.55884141113622,0.543748615485178
45.3214432702655,1.53610188525323,12.1485513866334,1.8467449534192,6,52.1848247358945,1.69724907741888,13.7424891753124,2.62822410271802
120.754100971344,1.61687073830893,15.0685886917362,1.42469643006601,11,26.3316692971589,2.05621229956179,8.58772321594631,2.63468835080475
25.4031896706752,2.33718853708892,8.25536778674755,1.76873604249744,10,50.0797561269466,2.19024033261498,9.74964654001532,1.65410744342149
216.80658475378,1.4247817590749,13.0396388898287,2.59928521219113,1,90.6207407251803,1.88985324632778,11.7530564826152,2.19581360693279
56.5727574791587,1.8570901339703,16.3763429140865,1.36245405007495,7,35.7116905948825,0.997972080196458,7.91017573442539,0.680854819119071
10.7461763266131,0.380811039334139,4.91548363603482,0.628881464423327,24,108.684277955446,2.11128646278401,8.52766273583032,1.90828644838278
147.530735255333,1.81907637799851,16.5929442781897,2.67468461936372,6,225.468287428792,1.38234422479184,13.1164467088213,1.89220521620707
20.1088175550117,0.654723358965799,2.17324920845023,0.37327934012235,3,22.7657721598579,0.682641935184115,3.45687429342017,0.444791652023732
40.5680203430977,2.63018477157816,9.72425823772972,2.44096743669533,4,153.318474884487,0.69002925969937,2.52936268030744,0.348402779999327
135.352310195392,1.44925924252979,15.076493799598,2.76251026170201,6,113.778000654532,0.574720341867567,8.38796798943282,0.731849674059073
33.0859690742464,1.00424860358456,9.26254996541338,1.4393085658585,15,79.7419214181946,1.98130074942768,13.5924390132934,1.16399726506583
62.7870750948986,1.64811298972604,6.1774417985938,1.34816742445283,13,45.2091262781232,2.23310698154603,9.3961869886198,2.26787564766051
31.2243301183065,0.374022965862711,9.95671023781423,0.778371449028771,21,73.6945934580336,0.602328142875037,8.51081279871605,0.744465566248679
101.397897364659,1.7614769664413,12.939446441734,2.04407240233669,7,63.5076962472513,2.65315086966869,9.48839248027972,2.08562250518703
16.1495941276789,0.338021580192557,11.5949949262193,0.701302364077014,29,100.23275537544,2.56893941739821,5.97685542302831,2.17479765082301
5.42892983439127,0.375668120275495,2.25169873919644,0.410731904597089,1,13.6507013419614,0.406254771674674,9.31338014525643,0.635915198109907
28.3863861405556,0.480691220050295,9.08749124617684,0.794114662028411,8,107.068257858104,0.958291668223419,11.3705050168363,0.846645503827566
17.8305824088202,0.326849757825481,6.12993414214224,0.929183823880813,8,41.9905532490118,0.999185538740159,11.8826233444257,0.843991671015693
82.2172028500272,1.86125434297889,9.59845587366546,2.77633276833929,5,13.285277210838,0.396019828778329,8.39170449466361,0.607598849027577
25.4568080160271,0.475673451685327,5.46946884575989,0.779850430365567,21,11.0490202789046,0.323910902050097,4.01934200924122,0.535029398668285
51.8885624879424,1.30139030784437,8.42363723939729,2.21493732777243,7,58.9873223136423,2.95685089400569,13.1468865023374,1.30166945548243
10.573148121725,0.301955656053253,7.1291352767429,0.826509993683151,30,24.9055472833587,0.518715537202351,6.62795915022371,0.481089111404527
113.008569711854,1.29793798157751,6.93922238724817,2.76032215740137,4,80.3440401923026,1.74504420442677,6.61869055856456,2.25212971909505
38.9524085802029,0.879549936206701,1.31616394553442,0.362597544169384,13,31.5015682121546,0.672347113755759,5.72317421613152,0.705533518781752
93.4839888478292,0.911131223978142,4.45141754458081,0.476025983472073,30,76.4650481472044,0.897213121443134,11.0077308528101,0.799571544347544
64.2075310274852,1.25760315464933,7.76767460220623,1.98968143012922,11,44.9473915650288,1.9451680786229,6.85938187734877,2.22359102184538
39.4051094686934,0.389085509672549,9.43718659382263,0.663707329262703,3,105.247041338497,1.95916122781641,10.7770023705248,2.11713388222693
57.5751597230059,1.60388410315166,10.3069310906564,2.31409658778415,3,39.4671671390341,1.90214121216838,6.51840902395501,2.36727431167389
42.4825999264591,2.7805610707982,10.6401531184204,2.50257215725448,21,46.9188585863516,1.3867107412312,12.9631055626769,1.20206558243553
27.4369558636963,1.60905585926139,8.50710261416703,2.73952761021367,3,43.1289363527637,1.54532345946224,11.6645618985046,2.92183168641205
140.570863798011,2.26668864355891,16.2721938916547,1.434076691012,15,15.35606714419,0.521954772852388,1.4183778873896,0.343854080743305
47.4572874652459,0.748213554056572,7.9812508214547,0.548626364243979,4,50.0220223323481,0.755836141518301,4.37860743635322,0.549858036987941
48.3998865043843,2.98816170456017,15.5805957565988,2.77283054919849,11,44.596225924608,2.87579827186768,13.439431021199,2.54664195290786
58.2647433332995,1.979719823225,14.6056506507244,2.96474932116204,24,96.9618687458545,1.89681829764099,10.8027448832034,1.62782620369448
40.214966205981,2.48170701552786,9.19872661492393,1.23302247451249,10,26.3428712859292,0.437986091263444,5.33105729541755,0.768585312978556
53.8948105235655,2.90998349343765,10.2320941401944,1.16884385502577,19,39.7333308987238,0.96398927378465,1.23812386648464,0.307708768993282
51.6160576886887,2.48792323192709,12.5357412566531,2.5044249423535,17,86.7519130883057,2.46939922772123,15.6278028225433,2.31060477451358
110.585182147725,2.43934212383017,10.1627963386876,2.00950756715984,20,49.7052098659435,1.5452071933884,13.2352028609184,2.8628755400569
32.6261428591854,0.808592743663276,11.0150286026631,0.95620557057131,17,115.628760558049,1.31980035498676,15.4011030563979,1.71520078735816
96.0114499687807,0.834702911417787,8.71461068496934,0.583026990371954,15,9.12970824416347,0.39259265894412,6.77431923395138,0.611897892090614
55.5020778956667,0.89118279439467,12.834907223386,0.993495290932173,13,47.2458458412893,1.50957011333247,8.53314567285364,2.3632470902814
79.0664505346169,0.803342402703824,8.57273402144198,0.810079676684715,6,26.1148586528853,1.04914615376072,8.65245217002001,1.67661818557755
51.9053860193563,1.69574587271881,13.4965174687252,1.1450055068948,15,57.0465013731857,0.915496189339131,8.38728651199732,0.927268785337466
70.0311191648476,2.75288648282514,11.5788601337052,1.31919005551556,13,31.9277966722821,1.5257949700468,6.4890932757516,1.99180225526871
68.4282335671735,2.02758826135267,11.3511797285554,1.31580819733552,12,79.2405083173521,0.870152160970239,5.22234122240796,0.54228099275866
86.9370645225609,2.79218169348248,9.93371827094116,2.03253789897404,29,86.5626099714118,0.896013769035038,6.62178443296309,0.880242382760598
36.7737177393041,2.90202275796207,6.61187181732428,2.88303520579884,2,58.404472135216,2.90377479591042,10.5560488055702,1.49711188003491
7.87173490534872,0.364307519004656,4.70928646921261,0.521616992665416,30,13.0949152293747,0.510739627346686,4.4552491026973,0.559329797623415
38.0336008283667,0.559084302863292,10.1482219073566,0.666303890875379,28,43.3174530108227,0.646156456370082,11.3668977564796,0.962116637829641
24.7284515031925,0.617791495905403,4.42216223499743,0.578836562136654,9,35.7567893048012,2.73328881760145,8.03323057646265,2.94721302746702
102.59699681637,1.0986364850102,15.7209834224661,2.70720174855742,5,76.489939379761,2.05001496686908,16.3215004742217,1.79233946837916
94.7956067515418,1.8356877133879,16.3327142464585,2.09778042455104,19,31.0999353541743,0.945732264312404,7.83423243534818,0.943879781678567
30.8327610798088,0.675161379868245,2.82982780389099,0.373565416829849,7,33.9474912665302,1.04916759142754,11.7757643694213,1.99186828617676
16.6105718546797,0.462262713809742,4.84895392065838,0.563213887088996,12,27.0813101828678,0.389266910965621,5.37024852192761,0.774283622006137
55.2657206278799,0.815315799385661,12.448432103355,0.87065791711925,25,57.3714492991927,0.708035421667227,9.83043940791482,0.864513149070501
61.8842105139315,2.40115190361731,11.3917311722808,1.14479819087196,14,11.9100135513456,0.454853624573662,7.96742025427346,0.777306535709377
68.4704654346675,1.6207151155098,6.37576788539663,2.75570739304172,16,197.149324566397,2.35990541216206,13.2329230815798,2.40352150296026
101.447824459833,1.40465221261776,6.73502126201778,1.44820401341355,19,31.0088553127201,0.944835569796558,2.34257568839316,0.369460500497471
26.6952407566672,0.477421961765139,9.10433285272676,0.854474135029196,17,49.9257920180138,2.20315939911354,8.0136749722346,1.84969992966773
168.079605342096,1.56275204403828,13.1718604468099,2.88832811353329,21,107.551556618291,2.02926608638718,11.3521945842181,1.89761766429623
35.9505337571445,1.6174865905412,7.53248400978664,2.29561083178187,30,116.750113835821,1.00752388691322,8.16730365410081,2.80335866195263
18.4819818731389,0.379019699622104,4.04452241903506,0.393594763204724,19,80.9678483408773,2.60384682533296,8.26921239495363,2.27948418408138
27.839646389196,0.607652476372418,8.52582048522798,0.969607723922543,5,42.8927685103959,0.640649437478061,6.93023994400266,0.627153862747964
46.5464437817513,2.46406136290509,9.66613551081065,1.41029261855071,16,8.97801510870313,0.468218526873799,2.88923530534685,0.519614552774848
64.3114244342879,1.6180718756155,6.52493343128725,1.01727923696159,23,61.4149622721366,1.16179221367514,6.95077372722312,1.10656516827986
47.7628823764294,2.71299476911931,6.34853724975482,2.19143103187111,16,49.7547527878288,1.3557885804475,12.3974847334634,2.30915793381156
21.3415095509375,1.38683835566179,5.67396383686489,1.02686183477035,24,7.96729856427068,0.448079042870984,1.88134082305216,0.412648033986514
62.9959074258309,2.18649562479046,12.4668254290856,2.31119012106123,29,19.658814601411,0.316344284681332,12.4690557273694,0.936960818741984
68.6405463959286,0.459438168746056,4.58117644988052,0.441411603681438,19,58.3600762845899,2.56852813914525,14.6749263954109,2.60054476557904
67.2787489744339,1.95994919181296,10.1100374782613,2.04351120651271,2,155.675605752091,0.899331496906195,7.37191804345964,0.550795993709573
34.7049354502337,1.28650017132451,11.1981127278754,2.95798722515197,26,17.6831890986417,0.5318478671039,5.04793560705132,0.587182908132262
58.0075318036031,1.88025765664641,14.6444329911153,2.56054011921287,20,107.734405225487,1.16643147696586,11.9528294812173,1.29274541110105
146.452875012486,1.77968795639848,12.9899992488378,1.83642603145449,20,23.546841881905,0.461318089985351,7.89147375126672,0.527111284484396
122.244479640637,2.10683893047774,11.4340878655611,1.76962373318711,29,27.9966174639274,2.97199720884654,9.14946513206269,2.21857100022377
57.2433701001885,2.32455211606463,11.4673852318386,2.23253923278197,30,42.2862187169271,0.795683080210335,4.93974909360561,0.625097426515211
201.35588505949,0.935667208549751,7.51712150427382,0.522011173133699,12,32.0100394524734,0.935557949907038,6.27661530470872,0.60942883641528
41.6207052924857,2.81002665863856,13.5381862599427,1.49690484929711,25,23.4935202665164,0.589100631851991,7.03814616386101,0.973363879571742
128.748820525337,1.19542644513828,9.97883998962605,1.93223852785656,5,59.5700656889917,0.939581297350193,6.21640580352214,0.473461295788645
168.568228057547,0.800455642934383,12.1924398016463,0.974650968372086,23,75.0912092967814,1.09334444462639,7.67904202945699,1.93233480768206
38.1104972898248,2.09744061623394,10.1865281955296,2.97478911184517,26,37.2279664835783,1.41496403079875,12.2937711762838,2.26266361079342
57.4484118676079,2.42628468991551,7.28442108440661,2.74765901705121,15,48.2804096038993,0.911618717773575,2.2256822433554,0.382657944525476
40.1371989762023,1.06008024668836,7.32856831921574,1.05748340199661,4,165.199048714296,2.67891275683824,16.824800110176,2.40044227238594
55.227939875933,1.48419035837677,13.9677072438225,2.92056729143712,7,32.439018363956,0.535092038561173,10.6940265294565,0.987908048370866
26.3927333302336,0.535640715672878,6.26479074450009,0.772290896903731,14,33.18835931215,0.617249872493986,5.46334054455782,0.4421562436622
49.7696199363567,2.56831969266573,10.7442752138077,2.82531108939179,30,4.09406768005997,0.333304633021966,0.868823468089862,0.31178899880308
44.8195653550392,0.485445434412264,1.99633216156637,0.344456322848629,21,53.2464080296152,1.98361256265029,11.4905093423163,1.71423799250861
23.1852275938607,0.438816656779794,13.0523067827749,0.938139881438496,29,49.9010666189295,0.829089394881266,5.99883046344689,0.944616506421018
25.1039580824852,2.75580858575483,5.94266535770192,1.64995890495461,12,14.0278392023331,0.560521824688418,2.19094131617709,0.449356753415967
22.108194390185,0.519340160256528,0.737596402033396,0.31093968722048,26,113.90395546048,1.92268591514738,16.0553130922377,2.28217898612815
23.0236326653965,2.94617419689063,6.10478520062256,1.20228327109648,3,138.549351819802,1.92879287522596,14.7528497535155,2.73134803847788
76.6145820994925,1.89957704446144,11.6895427782782,2.04474425562065,12,13.0522355509963,0.395474759317354,7.9288818255645,0.682491599360977
68.0084598841291,0.496969614638354,2.99172644141806,0.365668588492709,19,113.405415448377,2.96410495040688,12.5042363945727,1.74261179667897
52.4566851460789,1.0925439681024,10.4084721469236,2.74327252746493,27,95.6428998663636,0.540580806612218,11.4709623933856,0.888736593589831
33.1124414675489,0.775557512070869,2.07872009337716,0.340741428154397,25,40.5284562873119,0.737437563366738,10.4878303693059,0.842779316133683
23.2220639767127,0.430961312206823,2.9075318013616,0.500021451918718,11,45.0597476575372,2.52760948517425,6.42279205250185,2.11764955807261
37.9700798666336,0.819096841796562,5.2311865765994,0.74725234629785,29,13.3260882458924,0.437869797773642,4.50051001442207,0.453051300587427
28.7081525401543,2.95894413949987,8.51624687640321,2.46134482235326,24,55.4359327365048,0.511331707230033,13.4652152922579,0.927273013247791
37.7607465079983,2.58444038008584,7.62969826698558,2.72264494391367,28,66.8384189081662,2.59421384799874,10.0418669208972,1.28730717773488
51.085090803066,0.712421381826594,9.15650757286156,0.873044604879033,28,17.8390944200991,0.311944354399239,5.53393377001617,0.44693910871701
26.5646557280881,1.9266727426527,7.10055616667352,1.76528214095337,6,66.4502756208879,0.777054956142819,1.16248315606965,0.358788562107426
73.9298208380775,0.834577709509916,12.7196275362335,0.829074430131356,30,72.4911272496515,2.37158120495758,10.6303264496906,1.70978994397786
106.788907096301,1.35269419466185,6.55852579006733,2.88002369186838,10,43.406239745277,0.971000813772212,7.01726835864339,0.519580281602732
37.1290973218102,0.839949716006247,9.59013376600666,0.650677011260026,24,30.6207557544146,0.799569766332621,7.09310740923976,0.608220002947302
129.200062376718,1.09089227197378,14.290812967498,2.10650845047824,8,44.196663743942,2.70379833111453,7.01030536299126,2.7437970723311
28.6706075899494,0.946640422847186,7.50540638287123,0.972643942321716,13,160.880486113953,1.94790886976848,11.33165611312,2.55380057080457
60.9930916861314,0.839087400059328,11.0126531648822,0.6910917155681,28,22.4843008302857,2.9675613605675,6.29932731528443,2.2306850713889
53.2995622005692,0.953756074084629,6.90578315629314,0.840507228839679,20,163.279831144665,0.977380807564436,6.36684643043041,0.468654507493756
18.6717370392583,0.398767885159203,11.36667237828,0.677508944631178,13,89.3243885139705,1.89772274431453,12.6290908247321,1.10502427440994
103.891711815471,0.8210064772428,6.60411541729841,0.582351390921007,14,54.5762063740177,1.7625864445271,12.9332103154032,2.31751788327559
70.7975329406935,1.06712023936986,9.95624724239803,2.42056316743626,11,35.5350998534494,0.946489327280719,3.02325311771673,0.528012791498803
136.574887020982,2.88092148607257,10.9387571253403,1.61569594049194,28,40.8207539948537,2.82126763625015,6.78660600376408,2.68328499077105
33.8390292363421,1.58288973902161,10.3735302317825,2.61271311936403,30,37.4116851447394,2.17332240692091,9.90192486407774,2.58164647820182
35.1433888263927,1.34397625814215,9.24594254370907,1.46508980499394,9,58.1347256987873,0.609015667905413,9.23385450535544,0.832336012009605
252.97675245038,2.63858412212497,14.9419677697292,2.61252845637823,26,30.0621427338893,0.595112488809259,9.82372163578586,0.933969947659348
60.942183063611,1.64641161348823,6.6303877463614,1.68347599780825,1,62.9957322943017,0.504215028917716,8.26213652676854,0.763157264769558
46.4129097020136,2.41222491039347,12.337165284524,1.59527287156841,7,93.3785938122209,1.93450844031622,5.74303045070465,2.02285799559495
72.8697029982388,2.40444579792668,12.5188996920378,2.1231974325287,7,25.9535372491055,0.632693131324791,9.53844699329884,0.962797275274233
29.1430030401929,0.7144448716264,6.77245192320689,0.948014611653724,3,30.5140975307442,2.63417242438096,8.56543699463796,1.71331587439427
38.8680326487214,0.615467363547333,1.31069796600336,0.35006982965492,30,255.548536537199,2.24159197568382,16.31194012265,2.61965774682271
135.725067656685,2.112618364738,16.2494941064322,2.09805115188898,27,62.8415533342656,0.632650419373627,9.39275108145114,0.782341005911658
51.6999351406044,0.749522869543854,10.7915055229263,0.707800136730409,6,46.0436547772542,2.04093431868903,12.3609118546372,1.35273583286057
46.7356123760997,1.47908863697591,14.6377478018994,2.68670668515409,26,45.727550330024,2.50844452454267,6.40818280242109,2.14337522293567
116.59345242762,2.73578180610241,6.01474977156522,1.33730045973346,12,79.106873329376,0.920080591982635,1.78486937276201,0.343169701152556
20.978771345873,0.713551999187001,6.74421689352833,0.894831733708786,17,98.1343550439395,1.81491836515968,15.9397928503831,1.21055733988131
71.8022164982187,1.29329541708148,11.8424933837262,1.87174168140846,21,99.7310999236361,0.699059482112821,13.5075799933916,0.864882800337893
42.1721133655466,1.70079721040144,11.4779734830538,2.80416788398138,30,39.7725436838802,1.3409031522806,9.68460705347708,1.86418694854477
19.9383033288969,0.861788123034939,2.7851002340855,0.481649959777169,28,15.1825050301874,0.410633569935484,2.83459304131152,0.424473140721905
37.2236146629683,1.68977341626091,9.9144100050168,1.78574847708399,25,46.8640434185903,1.18035742462011,10.7874349462822,1.05871296001137
24.9234880970374,1.59212735207508,6.98714290918868,1.96524256713441,3,145.366460714401,1.53686977725316,13.5327487963133,1.83304026326588
45.1337763000646,2.0167453802067,12.3498609179149,1.74030369205256,2,11.4711777931651,0.307633167113206,4.37997901348507,0.419098577152541
65.1366493334963,0.920444236925437,3.92500588126834,0.45144723289734,21,51.4918620341217,0.847074118663839,6.95294614459207,0.644318588061993
96.879229104338,0.991158648311172,6.59383339978211,0.573883052570046,15,32.1003174835434,1.82159499238042,10.2974965722663,2.02623964397938
37.3132937735776,1.45463785346754,11.0835002655256,2.04180497499517,28,38.4061345848069,2.29400590824485,11.8199065772777,1.94469009168832
94.5415299538942,2.74400875384482,14.1722035053825,1.51407811455575,16,163.495351848108,2.14859253452181,13.0724074705602,1.33960964956097
21.9764209181342,1.34406983361446,5.7146038683011,2.037515926476,17,108.150041542093,1.83064940952514,9.68528855008837,2.05968766903105
44.7609333755607,1.05186735219269,12.6672533103875,1.38583791028271,4,67.5728378458356,2.8447568984533,13.6719928276464,2.69526132365697
32.1952215332239,0.687039325911161,6.85279332048434,0.648184161379613,1,12.8185267675773,0.539336343016093,5.4825160178548,0.898476310484006
6.25334698950359,0.339352266735902,7.08772754495509,0.667773116151609,30,58.8256306431096,1.93319233121439,11.6915118803651,2.4554518619879
24.1598196568006,0.770653466228683,1.95291821094234,0.376346532987877,6,39.861524570801,2.02105675602107,10.3389435540631,1.15198325010589
38.562357938136,0.482968221557897,8.02080648172728,0.599716452002801,1,5.65272411655538,0.328748617971683,7.43218370960231,0.92934531547897
94.2779518317885,0.772213887624781,10.7065819040033,0.791734028417127,26,170.153622991342,1.89649378804738,9.60109117529229,1.86192517852004
46.8661573350339,0.953505147916671,12.0328910283183,0.974712160780684,12,72.3718396344689,1.78749964242533,15.3624229821411,2.4970821944437
274.411050046246,1.82732290102938,14.4843749517324,1.96243532649917,19,87.232941356837,0.797078000184329,8.4163044256321,0.925419295789226
25.7583983441091,0.572974222840272,3.60643282619156,0.41130718959463,29,28.8567231749623,0.692275131988474,1.36507099915223,0.303423108000166
36.8030245239045,0.909044926311777,8.41188952760309,0.841227546265047,29,97.0960675941964,1.59586824496866,15.0571668339412,2.44022308919592
44.3780976917846,1.69938157828217,9.53170550803603,2.74444935404861,20,50.8820295371712,1.6737938127703,7.46345327912242,1.5120860819193
13.7928166204206,0.520870334674259,4.49730470237342,0.541536588551252,7,17.888732407379,0.458749938335686,4.26874788208952,0.46162304000702
42.9445924065814,1.9248507939564,11.6008121613608,2.40342412714536,13,62.5728730036976,2.89213791836507,11.8015460932327,1.1490446407176
53.0902141176836,0.791993937071569,9.09983964912921,0.593041383209807,11,49.1047112770633,2.20396034853603,15.16004411501,2.86270497202923
84.8096900701278,2.27183766906993,14.2247401234384,1.68327242973711,18,152.844402318519,0.655290446271447,9.02338709687304,0.579215606142651
23.113225930406,0.739707766482505,5.19791803433536,0.584058082193504,19,31.8023451439981,0.5956766717977,5.04799731825541,0.49755960361807
23.2291735717441,0.834460638122541,2.28040660060297,0.424911796613169,27,122.439725037837,1.972884040603,10.5312259061523,1.39397179833857
73.4771177717677,1.75170947601789,10.177189094814,2.16018954431674,1,82.5757142133646,2.76630605943192,7.53052618262285,1.7103556206319
20.9886286696262,0.642634536397163,5.18039476369672,0.63007814649111,17,71.1727357463805,2.94874660377167,12.1104478239544,1.95304815403053
135.027860035827,0.562732337803715,1.57921793195555,0.305195618988877,14,52.3903006147357,2.18060288539813,13.8462169625394,1.56158111672493
69.8816516454187,0.697873916793534,10.256497702588,0.750301776887801,27,57.0859512393579,0.769676390071655,5.73530753334509,0.813927649737654
100.200878775572,0.728755389643954,3.69124427904175,0.441796810582293,9,167.011954969066,2.03981933949489,15.0990707888131,2.23903318945287
76.2374745115474,0.484049250189867,14.0602478819285,0.984307354332832,8,91.1081097218469,2.23965340907128,12.478775026416,2.69314681908036
34.5452092053381,2.49778704907337,9.4457083574156,2.31849720501043,9,33.5972324817792,0.534919676514895,6.02920905758812,0.473215632418485
98.2984211212408,1.86157426749897,14.7347604510132,2.65301711100997,3,75.4598783772717,0.660426231358462,8.33108597922569,0.54334281552661
196.562734414661,1.96283057243042,14.3131546078731,1.62109417738175,27,61.0556921001073,0.818849909520868,10.4762283997233,0.707959571935349
223.898357119839,0.787165916720954,12.2940337135241,0.739197340493509,5,24.0375819526005,0.619221501874425,4.40632909543553,0.472457836853779
33.0845861271894,2.62885056397831,10.0094114416817,1.65123042834053,30,139.159874930981,2.68647603252802,15.3753190037471,1.5039125429927
44.6719625512919,1.27106143632686,5.99105692885754,1.26390754296727,27,68.9399797466432,2.37336492054865,14.3512821826014,1.83251971441808
41.2555987191879,1.35422496982284,6.20394495964752,2.37742297314203,2,122.947504842474,0.823000019538608,8.03629888743462,0.70473795542751
76.4396277463083,1.34769765373338,13.8986178034719,1.18178848032543,10,60.216583856641,1.83447933879168,15.2657066684943,2.56994052656481
71.5250959620866,2.70219575080314,12.2943768550759,2.90640884060326,11,45.1779867359174,1.26987585209486,9.25667294678007,1.0420097706386
107.342661802297,2.83768519109046,6.79026721753143,2.11249535088944,20,117.204511096077,1.84726959572537,13.3631851210293,2.11495755383663
144.417908513932,1.01753901969478,15.1139113075865,2.27374297742049,9,9.0224734416737,0.322022598924181,6.37950139469584,0.478952830514927
48.5874270990474,0.809950762842084,8.93311450376964,0.853303837457518,28,19.6628863332834,0.435298422305636,7.9864743122889,0.576066233093212
139.843622159043,0.507532826772058,7.78743630944048,0.511368092648411,1,103.945832355567,1.01568436109201,8.63008351353008,1.73002535870448
54.9680253548521,1.87649389419089,10.4830305892846,1.72212555865193,30,9.23214455559272,0.392998423543139,3.38759807125118,0.573167172145562
18.2399845873151,0.796313209481741,1.09558772257578,0.34297461724389,6,69.2894299312035,0.832460602941132,5.50838602636751,0.45562847613236
49.1728726942283,0.636060543982425,5.23846075184531,0.541536217373243,1,145.871116464239,1.07976126825756,14.0460860588124,1.77886946628461
26.7500939927187,0.680291036167585,2.30583635395227,0.379551540684867,28,6.16296293681533,0.357210935531317,6.96590152530011,0.707257402020658
35.1044606678364,1.37076703514946,7.94020296878349,2.94434405343553,29,48.0659808805582,0.819142422472427,4.72176614754661,0.418407050429565
12.5924669108048,0.483892401925879,6.57849981107995,0.946287556818249,27,57.4592422868221,1.22751309837261,16.1648051667297,2.75977493677749
52.9613024012756,0.861946034279578,8.69030248579356,0.892736615469541,21,24.5968494012311,1.05090187776714,7.3127976675077,1.97934785572266
65.1572238629031,0.938461327463319,10.5654182543579,0.914455566521478,22,52.1111261921463,1.45357961839746,9.34485474356164,2.7496878383263
176.351268185241,1.21043802504048,15.1118131161006,1.09330880715788,7,62.8316418270768,2.00859336637389,15.6724571593299,2.29356653893785
40.9296941535,2.66150624147957,6.90135231804183,2.48835195017754,19,25.5687249747173,0.833057694205723,4.13872258852454,0.506291814993414
60.3799052980419,0.817337509107952,9.70663776952019,0.904235245670541,24,66.6246405601061,0.661251510375663,9.95714790724085,0.828834931898083
26.1229505119016,0.641872503050529,3.31619917131522,0.524850349075213,1,91.523627722526,0.919875129241598,5.74826693542242,0.558689858607835
51.8904619051504,0.962163196169396,12.764238550525,0.889540203524156,17,42.1210384258505,2.28094413901295,10.2439302874325,1.10668582064857
144.15793140459,2.89479149983402,14.3897932727433,2.63716362822096,2,22.1313305591002,2.55811085523788,6.4114219540217,2.64179091606427
36.2189431384836,0.58448521974659,9.11558350102242,0.801074460685251,27,96.9366005694547,2.21005493613776,9.0696996951019,1.5730667909623
89.3791314334863,0.984557210445007,4.82297562890079,0.700574486666716,20,74.5473441851238,1.20610748693063,5.92727649633264,1.07824614791807
89.1423496346436,2.35056655464677,12.0757309279822,1.84675468186277,28,40.5048001246904,0.440381854706949,7.20380453236832,0.836669379333323
86.4490460626398,2.73025110908834,14.8949426668654,1.1228598016607,13,31.3020962898795,0.763657977168199,9.12251132711064,0.990666921240888
163.415035463723,1.78261230974803,12.1905550946281,1.08653546239621,27,110.578432242575,0.804930876961229,5.55609719436191,0.532746463946824
22.5090382491217,0.885580300243875,5.43948558681805,0.989071947275651,30,40.3188629060447,0.822317558287972,10.0601157299886,0.837112019663659
111.825142433326,2.79118870818899,14.7883648649089,2.15792021209739,3,35.1925017808005,1.19317747565598,12.2320325267664,2.29174527060879
21.0588889327245,0.318838016798113,12.3888210437385,0.961408258421978,22,14.4902158538686,0.459785863560996,9.66350528662087,0.81291758654601
30.5102997167211,0.443590675487711,14.2512048300709,0.99197620317513,21,40.3159403344257,0.356908037276491,3.40140746972522,0.367430677980338
89.1055527901779,2.94412601271258,14.2390059330222,2.4792447674361,4,85.0945749156231,0.663375149977714,5.47606107375003,0.621146448810132
63.7954804058354,1.17166715930196,10.1986676244946,2.72084472559894,17,40.8922000690847,0.533749054373869,13.1295258847234,0.958985933856425
40.6973353986665,0.521331261037757,10.166824712294,0.888185936511613,12,25.6743211607952,0.441745935822713,10.1962871969969,0.862457788634404
34.7112073544865,2.73174193325081,10.1792505799998,1.90195203363942,29,75.1092786941718,2.16507253589848,10.0154665321434,2.499270319156
49.714603478468,2.77882239841346,11.8997616554104,1.19844029788737,21,75.8373718990398,2.64846664924373,16.7120620011427,2.72362242633179
75.4190108621772,1.8162364656976,14.9552395848687,1.90102236937867,27,37.7443863371217,0.769337213534647,3.22928190846834,0.44329512922317
17.3024026502143,0.889714313122148,3.77629815754987,0.643679050491469,3,60.0539667048005,1.62738287346115,12.8960532972687,1.96897117721408
24.8492591321813,0.458256793572038,2.45324046826203,0.394217328930339,30,44.6016757062716,2.41657359829288,12.5363532458796,2.11806221280444
128.168083384577,0.796781222813797,8.95256986364883,0.810697382673892,7,118.780371245345,2.56733646853016,12.6455785490992,2.18576252602493
81.9794880163903,0.56319815583254,10.0183364511965,0.921903154858842,29,22.77281670232,1.76054044316864,6.38600402465994,1.3978412049356
23.1702659070125,0.571232380558676,3.34970033014212,0.410091675979257,2,64.4272746433387,0.701489646847854,10.5874341529249,0.92072857057641
118.770637608107,1.7564644188766,6.83026960989936,1.1699277990022,18,203.06977238688,1.47322829472854,15.2816490836664,1.65814064315597
82.6328765079132,1.86702747043605,13.8505233965256,2.69926984548397,20,75.9709058217462,2.51636754307036,15.4619299744329,2.01178216988452
36.6568471873083,0.550441159914969,9.88191442502284,0.779782865173544,12,50.3781698887514,1.28113641563813,10.2882498017337,2.25624577248202
8.48618414031763,0.349129110956078,1.41130874237139,0.363116275058141,10,107.871712067134,2.95227513435406,12.7432183652949,2.64588948610914
11.6834455336216,0.409204023843901,0.831838030449743,0.323305280687994,4,48.4831067437257,0.982714917495644,10.3137689347407,0.731303569868248
109.71261500664,2.24484389373949,13.2918527919794,1.39534520682509,20,50.8156041036938,0.728026266823675,4.71215880334923,0.429180051660707
14.5808745251072,0.804386317290499,2.79815298423437,0.518009088304605,30,36.5984218060237,0.660054033707152,8.35642386947928,0.596006399564046
10.7334484695304,0.433233275080239,7.3432229649982,0.847727962673039,11,30.216836894452,0.540316937621129,10.1548250230023,0.662305030320084
78.0751301922635,0.724773310678018,5.16888284578032,0.584785456730257,16,40.8795501312597,1.39552292201861,6.08378838364604,2.04248542871083
30.0530634209515,0.855905611318212,1.09458482170129,0.302568167915386,13,30.1328812324537,0.38590606933679,11.9038896718819,0.895148194689528
51.02796417871,0.993559659466006,7.36022468044013,0.967878584346703,14,17.6992667796269,0.363089936021015,3.70864559341343,0.505626269407363
44.8777337104734,0.481036698253525,12.567062101206,0.956356434326545,15,70.5143656629756,0.900610910276596,9.27701486657532,0.638025414942399
21.2237113128087,2.50253408609852,5.8089336629335,2.83729637051934,23,16.1502155780604,0.57139584449222,5.30764680896483,0.648331570143349
24.856879675739,0.542711926327414,5.11069939572636,0.501867783186389,25,61.1477996050668,1.26036207919315,11.2173181244862,1.07567594082803
76.1390968889751,2.16524323667114,8.47146257426814,2.82634763512366,1,53.7568815362877,1.33785421449019,9.83276398567515,1.41035447849066
20.3085015035355,1.42645910965555,6.70435260485123,1.61519048907078,2,100.911845814789,1.44469239128891,15.092437261134,2.5862743256698
38.5957027707893,0.378834872985866,7.67245525322626,0.842582052320376,12,59.2131967826924,1.25758567547833,11.0190814464208,1.5931529243444
54.2410751618299,0.604388542952481,3.30032249686359,0.369439206876093,24,77.4601402465913,1.26820638831045,14.3772057973175,1.64305788084219
20.7824994754448,0.523935913300901,7.31375195303515,0.821736990189221,19,48.2139286707659,2.96055105738378,7.98016316296825,1.38914428433094
44.7933444264646,1.64458052770745,7.47821626022913,2.26842476967249,28,99.1433925344435,0.664852356581638,10.1416115371907,0.804773508368021
89.6376754340182,0.834058599708248,5.45921573851987,0.717797132666134,6,129.53496669158,0.79506565192056,11.5594357554412,0.987302419453886
15.2310935925714,0.588979462554438,3.93134466364991,0.540130099940667,4,141.930217950967,2.64586877625252,10.3958191467143,1.2727161287807
48.9394195447088,0.823123860314299,8.52207344757015,0.607646404317544,28,226.605735974025,1.42391406178439,16.1849311695583,2.36426438317245
2.57460738353113,0.314484153994394,4.71118816492474,0.704731982335592,8,77.444477554215,2.8078386058716,13.3504786854218,2.34863674883333
198.680434020993,2.32375201053542,15.4651103762342,1.49124838017361,16,53.3574477120667,1.88734547468909,13.0063265645232,1.9424587675745
60.2248949045315,0.542148110099345,11.1009725253192,0.659491336691347,15,14.9741153028112,0.460258482575938,5.98281874633057,0.686719088750987
27.6755486541787,0.812434761056533,5.67757556239047,0.546083657088099,9,67.5828113969247,0.790456609569337,7.78383972163865,0.716523742427801
55.6309844161999,1.09886114953655,16.1031823796308,2.70006213034928,30,122.156860438275,1.20167208454769,14.1439049792279,2.52899885696081
92.5881956984293,0.867124208869382,13.207037363606,0.954464921030433,30,29.9095227752992,0.884463537826707,6.97287665900659,0.844475219664637
93.434746860373,0.770170502257797,1.86386741968659,0.327328257518052,28,223.509088842623,2.60660883005404,15.6909364356337,2.15645951681262
120.972078318811,1.31552019445678,10.7910096797858,2.02612595813174,4,22.8490556918052,0.452348182380818,13.0986215193619,0.883922642285107
23.8620013938127,2.51838003964824,5.66040990865066,2.62276152320897,2,32.7883891856879,0.675586238967493,12.2109436502072,0.935485659655095
32.6700878908167,0.638139944983455,5.10758670401526,0.815512224039491,22,55.3231193909813,0.676349510986405,5.10090891027559,0.583680793387396
68.8184610717513,2.83546047428832,5.65217456959933,2.81007829647557,21,80.2155240723249,2.02299865387344,15.3985404994304,2.95763674818842
18.603907610624,0.508010307864347,6.67266533216748,0.853384625516706,25,32.8702702351183,1.97693838879198,6.77810045285778,2.07678247482288
38.8448233034927,0.644834056428826,6.3227358313596,0.462118756964893,27,74.334274617147,2.30147323517403,7.33114853215943,2.5814284206136
61.3639667567161,0.596038545421454,6.23701600706041,0.680861160417525,29,32.3791861877737,0.42403754833077,2.6465200337699,0.407021380239514
59.0743352262317,1.45538297755978,16.6974555393428,1.87019270546637,16,40.2312001272085,0.82773702168332,7.00408395999083,0.577318129952615
31.9782511993241,2.82478188435115,9.76351163691841,2.49846359774176,12,65.5827164461229,0.517451718628532,8.94327861252802,0.608388507136746
53.7635571728487,1.89353578129417,7.66323794098417,1.14421787009197,3,62.6267354122543,1.59176364030741,6.06341215853162,2.01214104948658
27.3566363714328,2.57015891073671,7.17275679558124,2.8579353867638,23,72.6361953551185,2.15237029910042,9.79875496592667,2.0212024065108
56.6768375807072,0.534699016479161,9.39048558118141,0.744465758190524,21,48.4947103297916,0.472030396802671,6.62563706696054,0.819223070865647
184.195454867538,1.13962163541458,10.8776350144496,2.05579582977543,22,61.5005578395006,2.44199713495377,11.4756871136578,1.90449636496289
75.6820442863341,1.5061463320469,9.81398422133758,1.53591222972167,21,6.56233093816892,0.357982228410609,5.25860324491199,0.656552664485358
160.68114097094,0.770461914484358,8.02910473428962,0.616650404426227,15,231.287373679884,2.73675227183502,13.6698146192533,2.02612880549977
51.4980368897341,1.58166796735813,13.4881244892018,2.93068765664436,21,23.2255681428148,0.57590844273413,1.41460618726088,0.31120268648554
108.805818227253,2.59867578701628,10.590773982728,1.09397563302773,5,167.082104960447,2.80386577050555,13.9355156354522,1.51159011970784
89.9572344363591,0.985134755721485,7.15150887653331,0.571684057571492,5,32.2548143954021,0.715498247835017,4.35163060717059,0.414446148619552
16.864548243158,0.690318604916452,4.8790395120581,0.632526451287954,11,25.7198253451973,0.898242357935922,3.93343670017946,0.489525495923172
33.662765581162,0.647233531049849,10.626093235387,0.661609943054276,14,19.2939767923666,0.380404390379257,2.35052366920385,0.353280407559068
23.5284843651719,1.47924923238245,7.89650992854933,2.68156184226012,14,158.086892017488,2.87041316974433,12.8162189037552,1.81682584298005
126.461345259247,2.38584250578806,9.23874306816249,2.83506973904473,2,110.694132925309,0.849287957180455,6.77577682974544,0.763506854475965
63.5478198176645,1.82589934592366,15.5911550227786,2.85058473927001,8,22.0724120057593,0.504074859511548,7.53669666138315,0.764447740918679
31.5676270966585,0.949089284260142,4.8840420622496,0.610766619153762,15,4.18205764855173,0.302452674814731,8.23853019350393,0.620013630451139
50.4921397385466,1.1302393068944,10.7155949578836,2.40486723159137,2,56.3521578448081,0.951174961787066,3.69977208957869,0.57020456061466
206.892132898474,2.64505359857681,13.6666111515178,2.49085246870913,4,86.5267521049822,2.6822108354357,9.37518324418096,1.2898629133682
177.613058399442,0.71420012458818,8.2373350964126,0.614302083885216,19,37.8562994780099,1.03029662875422,11.4486257964277,2.5580928685336
66.6944050113751,1.35118205150048,14.3714612270747,1.72163294651487,16,23.6445670437792,2.9578681429378,7.2918385034103,1.3444925318431
23.7534481080974,0.415774023461009,7.43386518241556,0.693245061344304,30,137.371883135413,2.15558765007023,8.5971353061997,1.18130522596341
18.2923403700711,0.479082883309383,11.3286581551865,0.827849485755274,17,22.0820051486626,1.76002829983925,5.89678017813518,2.97418860897595
54.1921966156355,1.76075293202285,6.77033854306523,2.76562407576374,28,31.336749138147,1.41165856013553,8.21137567597449,1.90212971573451
56.8308643708489,0.889418599006079,13.8673515412408,0.949774136396597,11,161.429326478887,2.84563694093304,15.5775658114191,2.90112615855441
36.9273920021694,0.692207670502281,6.36428412491721,0.537511809894522,14,86.8303567194596,2.25049349114906,11.3457857837131,2.31294250841386
97.8497288723513,0.634556095853922,5.74348935610849,0.488214852431499,22,111.304436007829,1.57368095994759,9.13751428053501,1.61709329588395
21.8986402833639,2.68650064864817,6.68421539502575,2.85876285060355,8,107.016450064438,2.94740750353955,15.1983854722173,2.77726162047658
125.707908118862,1.75249606743491,15.5737471469622,2.83328143100618,8,27.1005003372587,0.431106146096606,12.1475539008783,0.91896497338462
31.0443559661355,0.408134698643681,7.56553665388744,0.731934190453274,25,255.756547335046,2.98752111095335,16.009831212549,1.41039853165477
27.3154252760805,1.41831015608181,8.21907062314707,1.10197253846631,30,74.6981943275762,0.999509090618301,3.78390961286261,0.409614646593375
47.3698562620666,0.592440170754063,2.32047967405946,0.337059218374504,10,63.8721512889263,2.09366708244679,16.3805809658629,2.50162600810963
15.3564000585728,0.447810167834908,10.4672237819947,0.961093419991818,21,44.8443867424849,1.12030244891619,15.7758294367448,1.76353082287047
85.0466528593678,0.59634760906482,8.87638209897687,0.977437586638467,21,65.9749321141764,1.19979342412142,6.64340238192639,1.20386805652302
21.2495940871939,2.89066540495778,6.20899664029995,1.80051113553624,11,56.2951180864752,2.56927124793345,15.6762916814411,2.85511913128938
40.7379200287671,0.719753336582812,10.8738460636859,0.673092980648799,18,64.0484547063199,1.482809098244,14.6962107313548,1.64905811352116
32.6661411753697,0.389612486899548,1.58922960921214,0.310572247865532,10,60.7565263118888,0.936286040091946,7.36714776698862,0.582219722933253
179.804125311612,2.8404722831761,15.3455820243285,2.13151084441549,23,105.664220614889,2.24308725644638,9.8886027911303,2.22580475815667
36.2782487573656,1.04629037718947,13.0108764934597,2.09751675386789,26,73.2430847737669,0.551094860449979,8.56215016009531,0.746665524973046
60.0389103997206,2.54276840319954,12.8852576084261,2.09436614644731,17,69.0811380081144,0.661316512169488,4.18411263752919,0.398604300918784
86.5439884844384,1.48883087142093,8.70655183934228,1.49951821831502,8,41.6293847353566,0.953345422437499,5.82988152364289,0.946022027019069
23.33141248138,0.655782859318795,4.69503487806462,0.578196477094896,29,46.4608974055336,1.99129218701181,15.3012179902749,2.91122782347483
10.4608735335558,0.573820011235737,3.23251817612353,0.551587408189433,13,140.14243015821,2.16536378231239,12.4791171447934,2.64152524262771
62.9709346948056,2.55174165820509,6.77248482848166,2.16754230854473,27,77.1701455596898,0.919181614950354,5.91827878917481,0.504034550401892
73.7880384202795,1.42384274054156,11.0737456996872,2.24790601249011,18,31.8215180670154,0.546836487700862,10.6431063669344,0.696191441078834
35.0925876000375,2.95792690379305,10.2663687044745,2.523073574709,6,75.5332508340442,2.52459870566832,14.6025123899395,1.97623885104751
59.8249942287116,0.582121330629085,5.39757938213859,0.525640340967368,16,137.389984754512,2.30741951999167,12.6887090265866,1.57310917454613
51.059207315645,2.25438122505376,10.5517200017854,2.82257884382151,4,59.1205608008693,2.32217457802265,7.05189975651128,2.77222020354346
27.0315177972984,0.711615688017641,6.23338031894403,0.676928206824904,8,44.3402841651203,0.605551961559605,3.09967406110584,0.507974701143439
51.2559937911902,1.71206710247288,9.47378078428176,1.30159114128123,14,59.7095962841751,0.964479196668814,1.69749414728872,0.412415848059377
24.8623873320651,0.671026862181764,9.51757269389656,0.992463791065589,30,180.745956029296,2.52879019951989,16.0406418689972,1.31710156973267
13.6868458692151,0.40460517629934,4.9216113832782,0.638409942579445,23,18.2985569811958,0.569440563116261,5.64914698004407,0.860504009659338
75.1333195028354,0.810702985699557,10.5908834125001,0.647387161564549,6,28.3028017844961,0.536025285988941,5.08070451933304,0.550675859895184
54.3992370975358,0.899778028170351,11.1644669919343,0.993061449468956,14,47.1266277683503,2.24102711604389,6.76885238333214,1.72141577504201
242.468204207813,2.20014183837443,15.5680825010223,1.71676607476246,23,75.8872654546846,0.884037397942249,4.82230297737448,0.478933434472873
47.2540664980482,1.58665095861138,6.61349132809523,1.82730290650011,8,122.311992041128,2.82513289938848,14.4746961047802,1.03055602776797
56.1093663278356,1.76353703784253,13.2047619245842,1.37924731303638,26,41.9249867619803,0.582522528829384,1.32337137809826,0.326436998790851
47.029047632838,1.70541559328445,13.6968132466277,2.81911381842529,4,47.3232060596921,2.53465600827982,11.5684133040019,1.40608055916003
23.8403152990542,0.577145270731292,2.79394964055109,0.383561458292419,2,24.2477888720852,0.305541655505858,11.1544937619211,0.774635653192807
70.7177145624541,2.36234113888353,13.1842752760786,1.79058428030901,25,13.4055648826806,0.349866265155491,11.4754284274313,0.710390478712106
259.563324341869,1.97941435128941,16.3511397902921,1.36038135366361,22,19.5335228120227,0.520837158036151,5.21571323252291,0.534184760901072
28.9636565327894,1.97679552331951,8.6021293131289,2.81395463687025,13,80.604791717595,0.634154937231149,10.8924803262796,0.660524837721527
147.196556540966,2.05824885701511,8.88327109272658,1.79909943187893,14,93.7684361167511,1.29123016071993,10.2854539632699,1.00644065842243
42.4396493473498,0.70825816522826,1.56926783466502,0.316124585314445,9,77.2660041739282,0.791331835084053,6.78992272366203,0.663971733196483
76.7538970274761,0.849557987434655,2.55499004397945,0.340479384573908,27,35.7119975311072,1.07278786367932,12.1957712830509,1.66787923973112
25.6689887400919,0.550546723596994,8.4597416214689,0.919819765673566,14,76.1161736364448,1.981132082226,12.3988042600804,2.00299916709514
43.8730945903526,0.925647824895362,6.22931825862357,0.604469751926162,4,159.049384881134,2.98152617251632,15.0669111174418,1.8088313473377
183.090975138954,1.90932957135898,11.7814863089438,2.22822004438778,8,169.999792955738,0.914179212961368,12.4606386929385,0.909855023338123
30.9316958674967,0.662417242286357,8.31792719340755,0.581975546346839,9,50.8492629629798,2.42336993677491,14.8241554307904,1.71958632694923
79.4945683658726,0.844303064626546,7.53868032249334,0.728919632252283,1,57.5649607408125,0.800447628649926,1.86943370872302,0.322139757702137
196.381693336541,2.61728560299558,11.0159910009356,2.62664700154283,20,110.926542388074,2.1849503855582,15.3411387643511,1.19346498701049
55.5811503750932,2.42389627271499,16.5162055828602,2.20772778051781,12,45.8215093135007,0.931326049692719,11.7120892715882,0.695299327751515
29.5811149464107,2.83759210213744,6.90262935784372,2.56462932304255,24,29.1250481283342,0.912929254680395,4.14922439062822,0.662578563771934
28.0505472435306,0.552659666237665,6.85192197332994,0.545320421244325,28,60.742544817021,0.967736160930864,1.78380673623506,0.382298456478
6.16707618407129,0.329231369902989,9.76108965770297,0.70014832929449,10,61.2673809014615,1.23315953283707,8.00160912965081,1.21223820926834
4.32584680466685,0.313108885844434,7.57134003161155,0.920325844567155,15,47.4270271059288,1.09049804274534,8.43136426760944,2.11850150343744
103.720752547505,0.858349325457024,10.2235436643779,0.814075568858326,24,45.7736457446968,2.05828339680389,7.41622123351474,1.04455202019481
68.3698082824555,2.72645360659258,8.12989689741931,1.99639291440232,26,26.412750979046,0.62271999448027,6.97572561188748,0.798316705519956
29.4526436732833,0.762168146145238,7.13285704583555,0.815772025694634,13,16.5229728099239,0.511329424905855,7.10763423610328,0.92729644053881
75.8556920556073,2.11339361541988,12.2346497913521,1.7489530553861,29,36.9251798382764,2.16718316888993,8.0193111157872,2.94046447016012
28.8732876881987,0.793368006886607,2.07139890996659,0.445362191359771,8,58.0312549147038,2.15417127664158,10.6902347475402,2.96074883570297
65.4093926557073,0.954577603550551,13.054744556014,0.918229495828509,2,56.7841356179767,2.70522484886414,13.2240122835053,2.48592495637261
37.663110144403,0.731683472860946,10.0721256585231,0.855724929505607,13,105.533889297407,2.56113429414021,14.6020182626551,2.83367373725646
18.4428987004845,0.468189915662594,9.33265859992988,0.930517392146767,28,35.7201570817994,1.16509351045366,11.9588760694658,1.50071063524103
30.1030243126778,0.515665808753548,9.13391222411599,0.575476277089583,24,23.5084081117963,0.99205871068804,5.98206149137876,0.80840985805725
18.645430498443,0.672695594781128,1.60925887544823,0.403818995390726,28,49.8328854114664,2.17851422684242,13.7615260987019,2.14336405826827
21.5286098398184,0.484058436598647,5.01700056735065,0.694974797896447,14,45.6695984768547,0.796794457211691,9.40755500542031,0.614230166563475
44.3352538147553,1.05884201969912,14.7566520374467,1.77129863573016,3,68.6392105860385,2.39657774066911,10.7746478043831,2.67866181900122
59.5000663900715,1.15971052365922,15.8979291070748,1.68853175289108,3,73.7095730019016,0.702659678483646,8.41737387688414,0.994737312220018
85.6625487134308,0.915774773579739,5.6834755332165,0.504486288606546,6,48.8651991332635,2.74926485060265,13.4306179993801,1.85155425232727
35.8051883296092,1.86129334159408,9.87823637096066,2.82706164289897,25,70.8664470569289,2.74834763112586,7.00151835207458,1.93089668645753
217.064036809311,2.30473749990838,15.2312820542099,1.44615680825831,18,60.6606794526843,0.711258385727031,4.47502948526037,0.631222873736535
18.5504564307375,0.330192656635563,3.82291418034582,0.4291422159899,23,6.4866695463306,0.371336176610057,8.00458147259432,0.885284714378778
182.496213229298,2.12657459843903,16.1042000806991,1.26275717843207,4,43.7024975734452,0.491826685420855,12.0312785900228,0.827113621330701
210.261199928282,2.43003746910522,11.7875977715947,2.23330707179095,22,66.8327769997505,1.79175542067554,8.85842125890573,2.314420440902
41.5703938980654,0.564149366099745,2.81004559709302,0.49730383471685,16,56.6950154765264,0.800817347708039,4.58680735941979,0.415721851529873
58.4507066725361,2.1578469111813,10.6559663823346,1.83761773615962,9,152.934231973145,2.90200639991137,12.2812857294335,2.90451354882287
117.25253863666,2.61233378914337,14.251412516729,2.13131320855535,30,22.3300168228589,2.69383525335741,6.21943679544432,1.18619410030799
17.1443454107563,0.566648460663244,2.87851267009213,0.482016168245704,13,67.3089931237611,0.383068384463548,7.40353152072631,0.51816818914341
53.9587622469435,0.395820090758489,5.24109179124904,0.473596271396052,30,118.333398948592,1.04580391623694,16.2750896557158,1.72548453857032
37.4076306287662,2.98591736353794,5.84348741994419,2.31053398546501,11,30.3812228658948,0.76059795155418,8.01494068972071,0.700240652794647
18.5566654764379,0.449262922358626,3.64319651746553,0.413136389057009,17,76.9862092966243,0.866724094800281,5.4891639331313,0.557175556368951
45.4796721422961,2.24250876615863,9.15292681675415,1.99392826770327,19,270.072226551525,1.97469554654777,14.7204846208709,1.63642289858132
99.7845401618219,0.655860777345123,1.17833256743561,0.301732261667569,17,80.1768270043829,0.983965758340876,3.26798504650628,0.46075631743458
20.0762625908327,0.405720344377902,10.8074868275058,0.883026850412759,24,39.6283904971871,1.45497538884177,10.6991342004572,2.69394256869973
21.8471125272228,0.876637680345596,1.79440923632599,0.406707199252289,1,36.1189347845648,0.418702085937114,13.1904994832606,0.981583501585725
47.3761742781567,1.16951508677055,16.3018889539226,1.36128438943258,26,36.0277497945966,0.914241476499527,3.33987573171277,0.482052992216405
34.2257128831307,0.501668514875562,4.4617553527257,0.639022074464924,18,112.963114469547,1.17974499214364,13.0600900296032,1.67404422579019
23.152046346011,0.816369319757569,6.47232960094264,0.729116647627274,7,63.769967998052,0.654804145049667,7.05980437165497,0.510481043302382
26.3610394151173,2.73868773933357,7.47031540648665,1.87916644952149,20,33.3926472744636,1.13943971075461,8.82574660082363,2.54341706451866
60.2196269083761,2.25424209601833,11.8966647503919,2.0668649432052,16,16.5548227833036,0.529670857524447,1.26696899436172,0.344347433226846
72.2867969238523,1.04855953772136,11.3733966796277,1.57043135986204,5,38.36202362853,0.959488485665826,8.2369277753162,0.867563365627989
29.9749464234378,0.926381796612011,1.69091990009357,0.377244267910943,30,27.3455060135919,0.56641445990143,5.19850170160931,0.963137628848502
48.1841641091606,1.74627897927268,13.8450790859116,1.62592147564305,17,62.9574178461136,1.57192017655396,10.1392040948896,1.98357857949037
158.351761198449,1.82749344122595,13.7060191390799,1.23565718031543,10,77.777752922922,0.930468951375626,1.22579434949543,0.322002884229014
61.8908809237352,1.64078649158443,10.3255311718902,1.0110207509035,2,60.5053568240623,1.41186759120998,13.4659814718028,2.05075568029218
36.7461208707753,0.888208683958666,5.7656420295592,0.712776770176234,12,30.3122333788611,0.809359758979119,4.36667775481335,0.66719372258825
135.897838303919,1.13083939161141,16.485249683803,1.99041499212467,30,47.1384237977362,0.616042620012533,4.77138691473697,0.488322647197382
30.2968240252279,1.57675438786666,9.04902446960725,2.42053786571235,21,72.8900868029746,0.989299686526472,9.11702998427305,0.882795704602297
43.7851725201407,1.66163920252731,8.77352684732655,1.55998489459384,28,54.3918152459657,1.18672571154063,12.8194912960308,1.78273182569414
95.1110638220988,0.529249826667497,3.90500553381044,0.412119394373318,5,56.7662184006562,1.84060463327948,12.5309998005034,2.48778582163089
77.928219591988,0.43902103802649,4.74483725789891,0.432755160927341,23,32.6193343609975,1.3670117905852,8.53257660747849,1.83357492955549
151.991187992316,1.45456949108097,15.7524866853933,2.65397648573954,5,90.7483360925812,2.24062804774876,14.0420060390475,1.63664286725535
20.5062232332558,0.836288012282417,4.84389855403988,0.611416777443726,20,49.190941645615,2.2140665277124,14.4555697942332,1.0546490193381
25.7093843051736,1.34942895044935,7.06111042306283,1.65532440642871,10,160.480579222407,2.01458438471743,13.7442802123547,2.36587527226103
61.0522280240118,2.73505581002307,16.8401327277882,2.27197927987365,10,83.1989786449927,0.836071432661508,8.73655182518596,0.730477438255785
69.8899226324386,2.24687397939875,9.15942692841427,2.36045091489241,22,29.2684687630629,1.6618675823585,9.3014916055501,2.08286133911347
27.5441561017992,0.723616360115777,4.18123665839531,0.443282658754141,23,42.6498114589962,0.826603645708205,8.41853231674996,0.881577252734556
32.4445692120761,1.50178242527196,7.1685562644704,1.03597889531082,18,37.6117303955781,2.77657930352438,7.37725321218202,1.78085852166564
65.898208334518,0.953293618334244,2.82234686531955,0.449892802845426,15,31.3823106489503,2.50809253007351,8.54542786188741,2.15539301617704
20.1526829213338,0.69982046767037,5.06118580987575,0.584253895992089,15,14.6870086861168,0.306552294069482,13.7155235045232,0.85635356505046
71.2741763095466,1.75851596357608,11.1569448159653,1.85656957761197,2,55.9283962615112,0.738704362192147,4.16064349271421,0.433919338079449
118.29064305638,0.845646389333456,14.7928631906538,0.979499367114227,6,39.9394294420903,1.23202516372899,6.73877563372544,2.4463444133968
180.597342280161,0.954790899747104,9.28348806926254,0.790532479468792,17,109.085197372133,0.749441090637432,10.138687943242,0.683742410417355
191.946138672505,1.03565611188933,13.1499008171188,1.52944141869398,27,152.716572176653,2.47698461390957,10.256961603625,2.2208714446
49.167879266005,0.414900182899678,10.9146950275025,0.943961914265072,17,69.7928719278031,0.835984810340715,4.41637144057868,0.45009200613364
28.907120075635,2.65262474946084,8.88689851000044,1.54726882955774,29,56.8929711238652,0.700174888517582,12.7523748314157,0.950499508450391
55.8981890060185,1.65874348736004,13.4888696269788,1.12016536279173,17,35.444683552588,1.52029435327183,9.23765784450567,2.8006450166074
133.823928198105,2.47645928642324,8.59285604743348,1.83635178061731,6,48.531649333741,1.76336427583763,10.6077368786262,2.9709262625947
82.6325485505355,2.9854076567279,16.5433294638626,2.28908650939601,7,93.1145875974499,2.72813348800882,11.5447446620999,2.61700869816141
37.8378457151845,1.30337721098237,9.6923003225015,2.34565736348563,25,46.8872118604644,1.08089521549107,11.8394449500225,2.1173385247918
54.4652277952536,1.00386725291015,6.79343799130119,2.45246594989893,5,123.793598552109,0.709549622995519,9.03036671779229,0.644587596394841
261.358005620682,1.62618197483364,14.0528671342149,2.53825577813432,11,21.1083646564808,0.426899747648533,1.84189618566331,0.337545830509956
62.0750838337466,1.82346919290125,14.2505153798501,1.25900628037149,12,11.2690524110011,0.636265878714997,4.20227481748352,0.721841393204569
90.2467542628,0.852005169733262,4.05142752954198,0.544643665800321,28,15.0867533044804,0.398582573372153,12.5391958772023,0.985268716001836
42.4035007425261,2.3466559315663,8.68563166673923,1.39718091237928,19,41.4037814343957,1.67493648614677,13.3327730068941,1.60783515582351
74.6572577643865,2.41709710764287,6.6551512657044,1.97284414488762,23,51.6590517991141,1.59167251190891,15.8358049536577,2.99102873406748
10.5074640123488,0.328077023738566,3.29105548448714,0.513959258389556,5,75.9741039171213,0.980393926458553,3.76078884296883,0.377191971029687
32.17981028112,1.70432925680268,6.05242081036128,1.68669204998761,23,25.9442063608834,2.24640660122966,6.29497737340372,1.37229611757057
256.275823392854,2.3473565105691,14.7377306807361,1.78260842845862,11,123.886753093953,1.42393593534453,16.0474021440819,1.27260945901949
76.7017552268068,2.4857755834589,8.90285050809362,2.8811356102204,12,33.8582396748663,0.54661978185368,0.756026718364011,0.302187379042459
105.297086823552,2.61256560814623,12.3728606512063,2.65003234776285,17,20.0048333020804,0.867645704740701,0.971365933488747,0.320114325907974
58.4913293557014,0.953926085904872,5.66030328993557,0.836155757660077,27,63.448470594324,1.04338091852079,11.055524619645,2.04019953985406
18.3379610665359,0.3609431179982,8.5703844979853,0.823698027207774,14,48.7107078405521,2.73425778906102,14.608990579673,2.31624284243158
22.0890252432975,0.372093991304846,2.10570986412804,0.388462381572746,30,28.4128625239306,0.786887661044928,8.98875686711233,0.760601884365851
45.691760346023,2.00294071332872,6.99530594412466,1.12214559608651,24,45.6737902005266,0.816637835781429,10.4543840493332,0.945011474276477
91.3934426881367,2.63408275362757,10.2680251818142,2.99727256880149,7,76.3336877578887,0.527210837090922,9.92201150904106,0.765002643083321
131.956077639297,2.37176721095887,15.9140231551383,2.60494308620616,22,142.307696344843,2.37108494608331,15.0419501399367,1.18553938169165
47.7292347282974,1.28827452487108,9.91610566440877,1.30961588430896,30,49.9998616262652,2.28323171776402,7.19544285183543,1.90860995968455
69.4956916761573,2.81215732719403,16.2643547728068,2.45781222225079,22,126.100224472361,1.68024327434611,8.25286299328422,1.65411785136407
29.5028446460833,0.521229422249572,1.31354399618167,0.372100264953098,26,35.7419470240697,0.804857813541441,7.02121316612434,0.681552000056605
35.0972210875234,1.94928939544253,8.37756614076342,2.34238030355441,1,8.23702588569152,0.457652227036826,4.48605265889273,0.633859296654788
180.901001286119,0.671159060300445,8.60112092762635,0.59943803588952,16,61.9633834867024,2.15299660954236,13.1958954751025,2.31183274110538
70.4430794888516,0.673059630334357,8.49089292536852,0.667237380566467,15,64.2848111764204,1.53640905209329,13.1251831341881,1.57453667287284
118.700029803426,1.85368650383932,7.84237742044863,1.77980565363831,20,16.4673810036107,0.464304032834341,1.83551981628757,0.344521684672372
51.4332704733807,1.47985754436557,6.04804369311956,2.59185061619532,10,28.1447279434208,1.20933855596093,5.80145593667882,2.22118889493852
96.675955231842,0.652313443207202,7.7227973505691,0.626896537649924,29,25.8634195409383,0.626738839368581,7.89171839328688,0.740635283623331
37.3338273743737,0.620540107551448,11.7254780323954,0.731476211336055,20,38.8255371403323,2.62651907315763,12.5742909417885,2.22551202798634
76.8684968325766,2.65984519733471,13.1341558441229,1.43542335105267,22,46.9479629066524,1.48046312903427,14.2471103083468,2.60427616082836
57.2378633902876,0.93195384633764,6.02303214277588,0.451004944754576,5,75.5537160843013,2.94329353152317,14.7525320549086,1.67735602580469
73.3868079073136,1.32932931562872,13.2352807951335,1.94033922901088,11,26.5339374789706,2.54330385614436,6.44409409522625,2.45605945844698
77.0549899507434,0.672368108776221,4.2950237406245,0.467796993267595,14,47.9544600999451,0.93121128119442,10.1876839007244,0.930522925230928
37.334805408734,0.715602024098039,6.0468798145036,0.701923606674427,8,49.9579914525732,0.765184039912376,12.6759868772571,0.846149046861959
40.9392758614742,2.81770583549823,11.2842651700004,1.45534187827524,10,98.6702522768066,1.6080533309453,14.049315681764,2.69565644056812
83.396775247541,0.994980860087412,7.49170529781843,0.66546182036797,16,42.6517243472432,0.64876023905469,11.4151898807149,0.969756544788101
30.2658577158217,1.33985116177141,9.71544767759429,1.73577561335045,22,48.7898874698656,0.557574039899647,11.1738832383139,0.941905460437128
26.8150034563237,1.61596006067325,8.44083483847601,2.75833347648101,5,140.310073065463,0.680941757998584,8.43083560253411,0.698953653095085
161.092248505935,2.73727778246811,13.0011298991122,1.58096489690062,13,39.7605657101546,0.811978615194643,8.47312282621957,0.914895292615231
35.7014135107399,0.874910643801728,7.33488949925007,0.930058377386185,27,14.4369149309887,0.36508763040223,7.13261434745173,0.847535855833143
89.4370382930181,1.3689036591788,12.0295878135006,2.97631332193596,12,66.0251413061209,1.30672527468574,12.9063337574379,2.65176635974723
28.474322047752,0.777182220436069,5.36384894794767,0.632060802587544,1,126.168247987611,1.17571839803841,11.6719212356793,1.84294399147327
93.10705200636,2.26695098439714,10.4531710042465,1.06645476435559,20,50.7402748949573,2.36250526465335,10.3096541721621,1.52429606950106
93.747975732931,2.33011384421474,15.1315171212512,2.66135543970862,13,37.8273914321761,0.723544756186861,9.34915315498984,0.815363942531179
81.6999686732944,0.957656362363574,3.93339414352311,0.39021644650608,10,28.9361799882184,0.730161443395351,3.32044306744864,0.480614083533804
24.4983816479203,2.31790476648955,7.69471445339197,1.20615643045445,15,186.412304560655,2.24958891816314,15.3233067494361,2.59511293530597
65.9433625372488,0.646591788384677,7.58165640015912,0.65784330112605,18,81.5789848568153,2.09763148287578,14.972558693351,2.88983759740802
95.9526406340246,0.861633723965126,9.76452471475639,0.952360747416232,10,152.362939885933,0.6504969181399,9.32537428028756,0.728792897691465
37.730673373124,0.418655372842657,1.55330062707678,0.327121808451648,26,45.0296952881189,0.839897443326808,8.35130082186051,0.606912172406977
61.9973482248549,0.820133125344033,11.2446598793964,0.670249699863564,10,79.4087333538391,2.36391244428447,8.29210006315845,1.77982973369337
44.7298963391625,2.31744697770528,13.7269440566321,2.86529189445072,30,21.7416152899045,1.79108610027393,5.89739319529325,2.1060941273645
120.45980159944,2.26771881354257,15.2791244948025,1.16716409014898,27,35.9617082083528,1.9212834425074,7.30877760698506,1.94699139505566
10.6089168679254,0.421420084404917,5.40477076486545,0.755036935082795,25,35.6193097526928,2.18175543982785,9.74504217158165,1.90956378212024
27.1588583261821,0.410406627132791,2.97496429460319,0.43324625768225,27,196.745518404497,1.84511924083197,12.2652423613564,1.88139013033724
11.9446189887381,0.37536530697774,4.54998781027238,0.437575469477063,4,45.1174905588581,2.33057915843404,12.9771291826998,2.67347901100187
17.9945983147376,0.596172596788721,4.41059162380207,0.706187969815002,19,8.46061327224463,0.308596248432989,6.85198022950815,0.58215151968144
49.2046055633857,0.778753894995941,12.4844002887674,0.948001499646982,12,60.147114336046,1.8265863928461,11.4010434763682,2.36714489110404
113.239812315018,1.20918865433743,12.5568071324326,1.56672826190825,9,32.1722476881066,0.523815776505268,5.89148719880782,0.638079667185415
12.1080013526804,0.365047905993709,4.97144794204324,0.961503766350332,6,51.8659102294367,1.42634410759937,8.0870480229436,2.59406766986421
10.2791115096485,0.337208608634907,3.34979551250372,0.454320869081618,13,55.9576369106174,1.21552538090248,10.8836285741905,2.9346707866104
67.3136372754279,1.20347787507279,15.8791619736084,2.87081991309593,5,86.4308196985888,1.57915022875078,8.19715030362021,1.04058550407232
81.8309548711774,1.50049388756735,7.57786959147193,1.00687279658896,8,48.4817037176014,2.90112261880779,10.0102814210601,1.75128123604045
101.9197998703,1.69768605521957,7.11116101968811,2.11240377686682,29,42.4249400125435,0.3689465421574,13.9086006991607,0.932040437942186
15.8114443019472,0.400074879801668,13.0348446624032,0.855771748687888,4,40.5401205449324,1.02821691035557,14.8057993335509,2.5101792698211
136.261928171712,0.920343622293169,10.2932296502528,0.703916849721629,7,154.633717212673,2.85660137854301,12.5242031873446,2.85849401707077
106.068161532922,0.648449784081643,3.23616218234247,0.419485553442496,21,259.096125186797,2.28292217363709,15.1840119764645,1.4420589552766
18.8137287169177,0.442348618858117,10.2036214384103,0.787193529512886,25,23.5856827953226,0.396882611475264,6.15727436377631,0.479456689871669
30.4851694489595,0.479639802424929,11.9367178411551,0.707807448531489,5,18.089214594215,0.470657596151132,8.94248959159687,0.806065965255112
12.0098605628281,0.379993275268576,6.91738773753007,0.582750815710675,15,8.88040464317037,0.317107784964202,3.59939653351273,0.370840680260226
30.5728389858667,2.44197622658976,6.27859921560026,2.73376186757053,1,36.2339504233013,2.71462938323883,7.01782522607792,2.05108651900212
86.52517665276,0.863073287416123,4.80705038947909,0.879628873383152,16,72.9000790229916,1.1350168727945,12.3114151599716,2.43664245211395
23.4974995823821,2.81650153884609,7.43664020116732,1.5033497223111,24,27.5161504220125,0.337925319594164,4.53940400485306,0.446743535640875
82.4704988984804,2.32098308292059,7.53023127411515,1.99469401572708,17,18.8801614127319,0.683559311973671,7.73837582869692,0.899121211954675
210.437633918433,1.582551991265,16.5921009713319,1.98552784943968,10,50.3228823659444,1.78382327381576,15.7083777741025,2.03736600700881
65.2055065769784,0.851364238697912,9.66850943400924,0.72116436549618,27,106.976520629459,0.700733817078638,8.15633719589477,0.941756842465537
56.7071352100336,2.18775071514023,8.63194484738155,2.3734011944398,28,29.6925493361676,1.04794057316191,8.90602784769595,1.9167894383297
51.4273166313026,1.66164608518911,5.39485349988403,1.08843405863268,11,59.05659336229,2.69358774262857,10.9633466233572,1.29074476926688
49.0401467749396,1.75438374775951,14.6380114120857,1.33097705331538,22,78.009811562214,1.87894870009447,9.64120475141546,2.34353728936173
47.508238942405,0.953751013681474,7.82766458372679,0.936136437626869,30,81.6843027293836,2.82949299422793,7.42908481598753,2.15738928567507
8.41557654175382,0.305762616398896,2.55002584832835,0.373229113224887,22,47.9649272422238,2.99217501317634,9.60058862138546,1.69971684299004
35.2466840288918,0.875530525063427,9.12434759053153,0.778756770283159,30,48.5460149222217,0.765987406578121,3.65574811478927,0.539019421278102
50.6601126571433,2.41069065231927,10.0067458385671,1.34173144203597,5,54.8796744284997,2.66639367571948,13.0787956767174,1.17054575946514
55.9834282916721,2.10557535793891,10.9446853247273,2.80671512337164,11,46.5025195834023,2.7980747077455,10.6441390948002,2.11656260154931
58.4217782464194,2.4871073354145,16.0921820523165,2.77843003582903,12,45.9095388259635,1.32615302269078,14.9548281565312,1.97988791300115
32.0435372222883,0.723781142134133,2.63972440365392,0.478838499188448,4,28.9448742646029,0.764428674374188,3.59646891128705,0.549524231235101
214.057638514537,2.08031482658963,13.0527497104754,2.06949546795945,9,42.5992000578918,0.617224812383857,6.76517244156379,0.476606899818287
34.9870762490604,1.04703684461971,10.4615834061051,2.62676934787718,25,89.2618627311726,2.14034325792035,8.11668621784566,1.43926700972949
21.7553495349866,0.504926193687798,2.07254511574364,0.370494674454388,4,30.6190892370805,0.788005867923942,7.56836270168239,0.63172134729632
40.0794114078609,1.8450970079467,7.4213386327459,1.32743603594164,6,68.6797301173375,0.84794844464123,6.88317252918718,0.594738138086646
81.9123612971315,1.69934715600454,14.0168803978728,2.67044480713518,30,55.5977049449004,0.649797890131391,9.25751313146143,0.68557834731225
56.3039059806923,1.73645376784735,11.5483827693225,2.88488240530648,18,77.2031107582333,1.47633523061577,12.9472008246046,2.12596608636459
113.485254041501,2.16506042168946,12.5845962884825,1.15230181634399,8,66.0804257849675,2.41889889191745,11.2179814945672,2.94372951546219
41.146662657568,1.1080254867645,14.1714374837184,2.4640050297405,15,36.4034197692895,0.972037424543292,6.76340565210702,0.587360948486479
71.3523887312075,2.22812109197615,10.7636375790878,1.86699604401068,25,17.5754309182723,2.64045683825447,5.46817851520813,1.17932558744072
142.360598380497,1.65221048464726,14.5880265479348,2.60701161751875,10,229.396167924665,2.09569078810211,16.5425976395315,1.57303627779261
15.217530577629,0.343848998506621,9.33044020597043,0.869572328952559,6,38.6159387499728,0.444733704643984,2.72381178100101,0.373875239762558
158.614420535945,1.11191129453987,10.5216026457984,1.60334322434049,20,41.8683108751104,1.71271605753997,10.2397299211346,2.7114510710348
7.30949854608132,0.354891361949325,6.29216221125807,0.808361429342716,28,26.1298215858597,0.569126501606167,10.4158241650451,0.839470772656243
51.9245392753052,1.22881517868794,16.7983263296184,1.75374470002384,5,45.0693760305415,1.80616356385959,12.7517129390982,2.68286684193011
106.751706074445,2.84133201083535,6.04948374257293,1.05173052375555,3,62.9595216870337,1.36326887205878,14.6469458189632,2.59442561660719
9.04850601770199,0.421632612573041,5.04764796506088,0.920805527050699,3,46.3822333411343,0.84141783007677,6.00583887349927,0.510424309330146
80.4621848397599,1.20738144556079,8.94880673420063,2.7953349502968,14,12.8910519503379,0.705457739083353,5.01858448404272,0.967166220623819
184.341175346726,0.77213874557814,10.8360813623755,0.907901219538341,9,119.526552766054,2.13236567641244,15.6005661159361,2.62821738314008
52.3115467566318,2.31101395955708,5.63148659078394,2.5892286441433,19,147.819009997995,1.6874191419896,15.0540900712091,1.38174269483601
32.3089300437669,0.980793604314398,10.1599818945835,0.922847623267785,10,45.1946692902145,0.759908715052538,3.78134891628713,0.492296482023426
223.364541650766,2.43527993283183,15.1008240683563,1.37010121160991,22,27.424771531232,1.33530691680575,7.66969659269067,1.12695605237171
10.8032973505773,0.36054075975218,4.64091038853492,0.785802783907168,28,38.1379376779015,2.1575048559485,10.7042875038352,2.18552697911221
37.7473054490206,0.81636982903014,6.30532122053307,0.651489505343548,6,72.6635219539509,2.83026881131662,12.1490833320289,1.87381225356729
80.8709505244671,1.47668978402985,13.5744466247493,2.87878716816317,19,7.01066011582843,0.36816581088069,4.64912386831279,0.75865128425662
72.6341411866371,0.821079529892137,3.72959215191114,0.564292398396416,3,54.3435289543924,2.38445660790089,12.3874947871879,2.7717240455428
47.0619711025202,2.38414386575617,8.20772410120779,2.80643144214209,25,43.6392718534433,2.83766802901001,14.2930240309841,2.45345873651622
46.8411510959972,2.73967156890543,9.92153477952288,1.67472233505037,12,12.3599682220892,0.378839134545934,4.42851723342282,0.449477007443622
36.0081573909425,1.63435591191407,11.3797729412853,2.20338579244411,8,119.792975853063,0.582892435262574,9.08188427100576,0.767302513058413
152.824232539506,1.46982228149557,13.5853712293353,1.66882060325487,20,151.767017236126,0.976365938635822,8.3329437247732,0.57124944988924
28.428786600418,0.696808610677359,5.12416090634419,0.56464305675173,5,61.8706573450034,1.27262346065896,10.8956842107302,1.45178527075841
51.6680106533574,1.23320936252924,12.658090947687,1.26505902329376,26,136.76443508128,2.85590178337699,11.5232868991342,1.2056112038545
20.3934576277593,0.628714861913078,3.71119936470102,0.450215203460954,5,30.3721334786442,0.664522948547354,5.17392460980811,0.934699033606481
60.9233408863661,1.26482582555729,16.4423993100677,2.21950032601796,25,59.9246599148416,1.68533980400625,12.1091926737219,1.64772338220288
48.7904006158395,2.88067370033444,6.61898937648546,1.81656119358402,28,30.707136080565,0.781184316736337,2.89333525490945,0.375537367377216
92.2468808596052,2.0607689949858,13.1621540515701,2.26460415082748,6,81.6611673634702,2.77099763133758,13.4077091297617,2.25535218205804
22.9659182552748,2.79694592644592,6.25163066112421,2.24069266878044,30,56.044529387869,2.07243077953998,14.9620436510027,1.62322381018163
49.864156082939,0.63906526424106,3.541243232192,0.420353084280797,26,26.2668379038414,0.506050993613055,12.2318244654518,0.893279423564082
45.2606555643003,1.75908615698656,12.2168856503116,2.12539072541995,25,18.9144824147427,0.467126947563667,1.5861518243383,0.376608185854016
57.4179083070697,1.37346614974055,14.896730601543,1.50421267793402,21,86.003746417329,0.954243420583692,4.41752017938399,0.508229048488665
8.1659043232662,0.30779235132055,7.6598260848888,0.531325744145892,2,300.144892696914,2.51667853848587,14.6342892545008,1.03353210020809
59.5421622619146,0.723334208538732,7.63924689135547,0.774919059209697,27,162.736210326131,2.16852316596546,10.1838596632026,1.67819135469271
43.0620652807815,1.62826849309231,11.8062431445556,1.75247173315434,6,114.783154823034,2.66253061295356,6.98282540965198,1.51474215768524
69.7285436436289,1.16135496798032,9.62606093194548,2.64094106741608,16,43.8145954439949,0.920043467963501,10.0240142360711,0.760454217279187
6.20017024157737,0.415508660308288,4.57517263162143,0.740950605999312,28,22.0350524457655,0.507639560934382,12.4621645481738,0.861472641777607
46.7827125758881,2.52256224671666,7.41492841806505,2.35644133679632,3,72.103179851212,1.1333739058502,12.6428978735722,2.4880384820236
31.7169306857777,1.02741057078447,10.3535691536013,2.85925653694222,17,57.0327224099571,0.892311474826961,2.22016749293582,0.358234896283237
7.06484721846691,0.361496082988778,5.76789311962547,0.61492723981636,3,62.3455102437999,0.490793320336074,6.411203453579,0.491752573237194
57.0877989299451,1.95548030121809,16.0571764777618,1.33018691913677,14,22.0120317157293,0.417749357268669,13.0276664524826,0.789764424549879
32.7880673926005,0.9496639869468,0.788715053825607,0.321875942997277,1,131.754911015647,2.43223505639494,15.0502887481081,2.02274818512355
53.0081591142676,0.454082833318703,11.0608231587783,0.96157967336468,18,37.4366391968105,0.509528567530991,6.86202168584656,0.528085755202755
52.7146299538459,2.94335052685476,11.1130346561515,2.39406371186661,30,58.2648531212763,2.08206744001477,14.3549993551859,2.57815957228312
87.8150890261798,1.53846409575774,9.25187276638657,2.06534964112083,24,45.1007651959601,1.20481642552688,12.2966306979689,1.31839060490552
32.9431385052853,0.787044963125675,7.53574797338292,0.691357093410301,16,42.8105207089426,1.92441441227179,13.4746826540559,1.80811792609815
63.4446788588689,2.50032461911965,7.78742033122743,1.97915741988867,1,238.911988896283,1.48662491642757,14.9435436570015,2.19170888579365
84.9933883018432,2.16372726385619,6.48247788777579,2.72071567229518,10,127.190409460302,0.911122113385988,11.5989519112151,0.8186374768417
115.841528523354,0.863284781729148,1.61329805509657,0.319772759973922,26,141.901782830957,1.97158602769307,12.7546531907374,1.49013099964967
15.6040501921671,0.415857873577933,0.753349331766498,0.300567998775626,4,70.0063411665793,0.472839773669769,10.0143310943815,0.872133819543346
12.2030128651754,0.303701701022763,10.3649060429888,0.924386970826487,17,29.6858299990377,0.759524607449772,10.0966938039879,0.784970953730733
20.0376240396433,0.324167490330445,13.3901237294758,0.97441000111408,2,48.5571610269735,0.628631919302713,12.2340130823812,0.929505345397536
35.9404691560647,0.890566904367451,5.16137992208487,0.885938626802002,27,67.406795885044,2.77006131709395,15.3465234454239,1.31121114997884
14.5977736140816,0.479531024024721,4.28219286456131,0.700010965092321,12,6.08342832569963,0.396213409247657,0.884969427586451,0.319649340293754
33.2778615768311,0.927104002199451,8.51149739968286,0.66381131031478,14,73.3910771487762,1.28891477257148,14.4155732498254,2.06523952407848
59.1339598987538,0.674914826983986,7.92224604482111,0.641926231696837,17,71.856531309794,2.23161687411099,5.8789181512068,1.81052519903283
228.076799595361,2.56093930141971,14.8719400591376,1.21004636663025,12,61.8726253030033,0.691526825760672,13.1952226667006,0.919395218538882
50.5545780748774,2.1516702342234,14.3626876818743,1.26444382166527,27,75.0395831187622,0.41618006506586,7.1791106081025,0.517723213886754
145.809034273104,1.5588817632792,11.943215570506,1.81281191301932,24,31.9678185885604,0.711550201722656,2.5378944351181,0.376551706165919
30.9868512609397,1.7183688592758,6.52088589890735,2.4513259061904,29,70.5387002267627,1.76465458063418,14.1087843205113,2.00637688007217
5.51485791561416,0.351828793229092,1.92892902934362,0.390973370189017,12,153.200115825666,0.693451186832745,9.78762129936641,0.619729716391741
47.9471669892349,1.26256989822787,16.1853396356214,2.8384956179783,5,39.4201270114418,2.22546457216255,7.88840682952472,1.98680041456654
46.148662024604,1.15478821914665,13.9984766649529,1.751333880546,6,13.7641694648921,0.816519869664918,2.46884165799684,0.495574346257355
31.1348165281233,2.85130696746282,9.41979459900364,2.02838603986955,1,25.4741385237194,0.480314859946896,8.27623103979513,0.574424785082916
18.0947521214294,0.836217770641617,1.64067549917725,0.378980862783582,2,4.88239322688529,0.300123801397111,1.56809804405172,0.325785525597117
123.470662415914,2.13997318111847,14.3401714107207,1.18385905748536,12,40.7295813539183,0.801301803048421,8.97691838345249,0.636843004399222
40.1482011982952,0.459352251203116,3.38579096268411,0.410510218210266,30,37.5040774164392,0.434198823498856,12.5456631409334,0.971712065850772
59.5608836539831,1.3865676225898,12.4165902194599,2.26626573280444,6,34.6666833037313,0.979651024903067,7.57325586658471,0.66985790631915
32.1673230386312,0.457155537320479,6.04253384455453,0.588872776301742,14,16.0169731261905,0.367595228425955,9.91443387088888,0.870770809862148
100.830718189987,1.76331846743032,16.0433187617198,2.51597067834572,30,34.9794517146416,0.41752618425264,9.1015198755967,0.729628605416314
39.9913520525864,1.08909307196291,12.6768150745761,2.70597490260044,4,15.5152943251015,0.58508341838514,5.72994397960381,0.855839420323963
38.8808694478984,1.88733410863063,8.63209312115314,2.18787182226368,26,131.918552159374,2.77875565012137,14.9043735513923,1.11141261636477
24.4903064849381,0.821173526578045,4.44174978165109,0.797170511495906,15,61.0856534938187,2.39975848712249,15.9792717255688,1.63797092392772
166.206299623591,0.857551213702288,10.2231982449601,0.961317623456651,16,22.2673536715789,0.521909077685193,5.52470371178326,0.481397465818576
96.5073002274874,2.35258977713128,5.62194408031735,2.837816800191,3,117.889987610047,2.72314679081327,16.0742940783357,2.38915085823167
83.0182655632357,0.55373622718054,4.11839411093688,0.49444001325813,12,15.4014007190485,0.366686386382646,2.77524290196452,0.419353034689738
22.4660418968074,0.55023256024005,7.36840673891403,0.700900581702226,9,27.8838605698972,2.10791956243434,8.75365598259649,2.15161211105967
60.9460314675357,1.14988295228942,13.7609296388525,2.07636123147135,8,160.212535767239,2.47786658251981,7.85876924965855,1.10526588955298
30.9105909368816,0.509521151233907,11.2519505383137,0.747872134568584,15,62.243352085713,2.0954105979447,9.15850192480325,2.86284188050495
21.6597593747226,0.413269670955372,9.40985953644285,0.746967243099088,11,110.121933976868,0.719133244675973,3.5543684195612,0.401041209882326
60.8455656094841,1.52523305193778,11.5335822891475,1.43802180429535,1,193.487682913653,2.20091301254665,12.1998462923099,2.0852508655161
79.7345025350156,1.20264407833553,7.21847863823725,1.09384744795981,8,48.114933757263,0.865215742555639,2.63122229213049,0.373699506648297
42.5997453953049,1.56874125657253,10.5886471087103,1.87268545274143,13,31.9514643031906,0.681019238232626,1.76373946529752,0.376815375193963
93.7730136945067,1.09407975713761,7.89367135555438,2.60290570374311,28,67.3440153663263,2.71151177358127,13.0590685550392,1.12902698149226
105.757678002784,1.10832821972194,14.2170197038009,1.43857246656607,7,12.7838983190357,0.472809880786776,5.61718348058827,0.782657707982863
60.83798499372,0.678796822939954,6.30237410350521,0.461272916535161,29,149.644185822456,0.765065812732578,1.54743131204097,0.316344128229708
158.923776796835,1.38757260265999,16.7811665455368,2.04389229875601,30,5.09417429886273,0.308030748557964,8.2668027935347,0.564680925146443
51.0087704896538,2.28399545726302,13.845136409648,2.77791054404083,27,68.1131650426722,1.88899433055418,11.9001179780834,1.80002284074211
45.627262718476,2.47209058734839,6.43131734567512,1.68883663515007,7,72.749256381393,2.75898855817008,15.1180405934208,2.73711241531276
89.9174868582627,1.79382252735109,16.019579777973,1.79473918889062,12,158.240983854922,2.916368385246,14.4119307705063,1.74870600705574
83.5214897035099,1.35891975453845,15.6505611840453,1.81616215409,1,62.9540179391016,1.98506921837581,16.7659024940787,2.49598885406754
40.4712919486396,1.22573698953418,11.6705559846363,1.21274792523383,30,23.0640176510788,0.514648743053505,9.53657358018931,0.72797439368622
60.5869301363104,0.727348070552738,7.80538390155362,0.71308198956942,5,43.5317528550041,0.781407665195752,3.61954641237873,0.433416049987944
54.8303522059019,1.18879242652214,15.1053419260015,1.36965950104246,13,44.1336670991622,2.05777733783135,7.80850561987245,1.21798420402356
27.0804993550405,0.545604148011352,3.50019681540081,0.491816241906886,25,74.4651073794335,2.98533926538915,10.0708373835776,2.88736862342214
14.7996530671282,0.48173583614436,8.45897421396087,0.852502034115398,2,49.8029815185658,0.919030813988706,3.86010594029078,0.460902256469643
64.8557230510569,0.712996662694779,7.36352497143095,0.554764765968247,20,137.033259353094,1.15856388361683,15.1012736519266,1.62623754868016
100.920814496511,2.38185086489186,11.3636564246751,2.59618472218624,15,76.3644841478469,1.61319184331335,8.85756533836105,2.68916620253552
88.0180473010607,0.638345138667092,4.94206006921152,0.450805298784991,4,61.3327751039941,0.438663819918881,12.2000819313086,0.854008694542666
13.2683602604089,0.603618221181876,6.39702294532571,0.951734712670319,17,21.0792253011456,2.63204058614922,6.73128635270477,2.75479142253919
74.7613237032757,1.4897022893693,13.9383073974548,2.95671053877424,5,109.681919507928,1.17485038491619,12.9454625649063,2.95977399803886
46.6673162323632,0.634596619737066,5.03226320620166,0.609555145834567,25,87.2262145679791,1.14538304576162,16.0484094712078,2.28893288989793
64.3861833437932,0.87203453874773,4.32070844209469,0.620075817105588,19,68.7109269226922,2.9513865385814,7.28207774263559,1.44066746709604
111.078897307891,2.17291762638917,5.88959270906425,1.56806779468386,6,29.5356498013986,2.74646958766136,6.43587093298096,2.87212258735931
40.7967346032576,2.05090321265262,12.5496348839375,1.3627852404126,14,158.564073342873,2.80405977966601,12.6920729702174,2.30438418843604
127.959909380937,1.39991904564805,13.2496503898098,1.00855138944982,22,65.1608298835003,2.13502101318896,15.1956492677205,1.08456621698353
33.3458666245477,0.434731814732687,14.3124111403854,0.976766801373307,23,27.7636155048179,0.851849076913025,4.19906141204592,0.704602000996849
46.5268807511992,0.604776023096054,5.53793003342025,0.490770924130852,2,31.1428382668938,1.78821184225329,6.31923389732821,2.65862250925912
48.5232572487405,0.905657647934341,3.09463089959484,0.500826470962229,25,53.2269823734135,2.16276550854289,16.2965987567456,2.93056540903426
144.119293496859,0.809621836632422,8.41700914992284,0.583615392346558,6,50.4343752982309,0.523100897465547,4.9149211734513,0.940171894201953
91.6528874516167,1.16192199036306,12.214380013814,2.48102166906478,5,36.9462405542293,0.62677105139084,12.2477097257326,0.761273751015701
96.5031992953534,1.37799143683981,11.7641424600875,1.32598147315908,29,39.3783818057246,2.21921376788833,12.4930288430825,2.15042617580879
33.8338330477157,1.13093098081184,11.8333969543113,1.75342559133556,16,58.1373032885176,0.802768245468036,13.7188639865158,0.952635056368935
29.5183064085804,1.45211355066569,8.997951597552,1.50824574784835,6,35.7833619081788,0.721400822964896,6.4925962583631,0.599868279322249
30.7406048313595,1.8850751786774,8.82157312435177,1.07224144470696,1,68.1341991205355,1.23031375325791,7.93246210594407,2.85042490876635
38.9366489686447,2.37088349749182,5.94834178650296,2.11433809726831,26,23.9893883850395,0.482297769042914,10.034256337276,0.697229837694572
7.0056320820085,0.385442023713138,4.13263814126432,0.727180363620211,1,33.9164786025145,0.871347414945127,6.13164296321213,0.78327467920308
51.5605920210709,2.4209444350059,14.9800715271317,1.29528014845912,1,50.0407778533287,1.35765272692007,14.5535397505506,1.56069475701044
262.704308130535,1.88853160596756,13.8496280096258,1.02971539906577,23,126.459642200232,1.21211240241915,12.0242242605513,1.55783892950515
75.2099069045037,0.622493153714907,4.15809130236707,0.395568568913735,17,146.632960787403,0.915671439803309,3.59045950235272,0.370996700581916
43.105180132185,0.741464216480214,8.90974550587301,0.592496727381464,17,44.3410835758015,0.775994834073662,9.46020920987556,0.584974724894272
17.5816784327261,0.521476999497216,3.40127728258384,0.416891352943919,7,168.982435273697,1.53132290218093,12.0185417862318,2.20641076383581
27.2096263891317,2.95424589511257,6.28978265705376,1.58761756807743,24,38.1494010238183,2.3105157799572,10.4854142842802,1.19402502559539
52.6751735861796,0.488643636821131,10.6375917746207,0.779291136519652,23,12.8547316686448,0.354994416415645,13.3540660161231,0.877445995270427
46.6019633785497,0.808779331967945,14.3000370641755,0.915451842152118,8,133.883984002363,2.39198263810881,8.92887537176401,2.03053203085122
87.0110566146471,0.889292248831767,5.05985195670334,0.881582902711425,25,43.608540053082,0.961541808754294,5.40907781653912,0.569025170216398
132.155992721976,1.70147430926548,15.8902694160415,2.72476147719094,16,262.882940019717,1.81132951250298,14.9208123113632,2.99023337979068
46.6738613966336,2.40845747359152,8.69378442861008,1.01750180526978,3,25.8375750772957,0.604722139080352,3.50710132492757,0.579392155611422
31.8597282598797,0.664790742528587,8.83784820036229,0.637240253031439,14,32.0390565874164,0.924583953801521,8.67402290635689,0.870691994182283
45.1443754094525,0.602844824237276,4.54636436055583,0.432946001262,21,20.9072842973851,0.357074458390875,13.8096712480693,0.948606552415592
28.755965548398,0.443175749592566,9.72594275706483,0.609391200668736,13,40.4724437532922,2.10101009163901,6.20534584237281,1.6516635204845
123.397829061982,2.93707044515394,13.1024618610236,1.73935921395456,14,209.170697477341,1.42478457031318,10.8528473202862,1.04644320766699
123.723056008979,0.778132396481364,10.1988723091989,0.787637197235228,10,78.9985932302183,0.559112081845715,10.5999160285057,0.915042595517531
162.34451069903,2.2779160350735,16.2871872589423,1.76106264031707,23,25.3887146776736,0.662396415216967,5.76003177718401,0.550944190242308
10.0910618184568,0.330828771732569,7.23871011877197,0.981822259791746,10,116.215824897312,0.561969731154815,5.35008948193616,0.51580807792216
46.3939843836536,1.08621179522376,8.20462703104135,1.14075652851795,17,32.3601833956793,0.846340025489081,11.0968042367248,0.911850989515914
42.080748620779,2.65144618802553,10.085548639453,2.49204582108828,2,60.1596125811203,1.81917952767126,9.60878078919364,1.69281637077422
29.6463989111892,0.52623345361336,1.81280547962357,0.308242851451928,12,27.7462512911358,2.08985545552897,8.77741611448402,2.50445109862113
60.4564100277598,2.56143755175141,13.0769265303136,2.21785615113587,7,84.1069270261634,0.985532750219911,5.48613816630489,0.543438983012351
84.5331271141145,0.911589033912092,1.16329292757189,0.309418629055747,9,124.230185669036,1.22201588020741,13.8659284868864,1.00340617972732
86.7489253488281,0.520459220416454,1.73507502260702,0.325810240935821,16,80.9300892198171,1.14867946530531,6.20197094380446,2.87376377252787
7.84989629919379,0.300773924969554,11.4406573665059,0.997545665314881,23,17.7181515899758,0.75741229311473,3.51528181432301,0.609223692690898
61.1692056656434,0.944926224691343,8.81010039925251,0.96352179625095,23,102.321062002892,2.0920281465618,11.6292202789875,2.09206331457981
37.8559242128466,0.991782162478525,8.34577433157173,0.865215143040178,14,15.8534261218537,0.650006290599865,6.56099888820738,0.950414518133264
92.3453013610172,0.811792172465814,8.16023078996817,0.576106290994036,17,55.2311053051872,2.78690617088521,16.1597923431601,2.20970914204249
89.0993376869967,0.641787768930044,9.96727819096921,0.750144391829687,25,26.789796268045,0.327105716487413,3.00831737077792,0.407534791452031
22.6803195649514,0.97577383177198,6.53404399312731,0.915686666229789,22,52.1002049181097,0.894800069384488,11.0064303406156,0.742825007283827
38.9859560670882,0.962649004492387,5.71996047486622,0.717533728847615,5,49.6349143164803,1.63639496112266,12.6685355751154,1.01074083538805
120.293233614348,2.51437122457179,13.9044896852786,1.26050261474096,13,38.2627281379437,0.69867936934182,1.64029669604712,0.316745523577164
47.3116476050058,0.596757009029138,5.0062828398443,0.927013775269713,10,116.810790545751,2.32966757048548,15.2936543128876,2.3695927788309
69.8946950454277,0.593175133112155,5.7138116777329,0.46888745780149,20,33.1619831678171,0.39942922246378,2.86188284050882,0.36053241816686
37.3749508690027,2.99446383648031,11.7914808855024,1.49365188633339,16,25.0776546579069,0.794169995920737,6.12166805937576,0.610154855961428
146.860031237349,0.720835136575657,11.3001939231541,0.710163009486819,26,140.597600750036,2.44318807703505,10.086134012169,1.29658993292816
28.9799941841122,1.91546973778028,7.80926617003053,2.93612436339186,9,21.0182255209429,2.50847023938353,6.90184692399769,2.36362183529727
25.7776948047781,0.431797198393352,10.2889774099303,0.661793105863547,21,139.541341046211,2.99241005838948,16.4730997141922,1.57161122810252
42.2517873827474,0.631500814272253,11.7158494674183,0.917003963730942,5,66.911925287574,0.997986353455791,1.59768691686785,0.396442349338994
60.8174758963558,0.911338390687359,9.63771489785089,0.871055660098914,30,36.6875257863206,2.79533070743628,9.40191316652532,1.43161552747743
66.0048993434352,1.21943255418539,14.6686399905351,2.09105452729306,16,95.0609690330373,2.45213228236107,14.3653589931748,1.2903330117038
81.2898492461724,1.26203405993077,7.53851017967052,1.99388970764155,27,40.1786156899888,0.817452280441884,5.18567424515774,0.545057928970091
110.303001849137,2.81065330180607,12.6632555254898,1.29225604006483,11,23.481579610811,0.511015851744127,8.15325062091391,0.733217585195825
89.5725152431992,0.784895357915103,6.25337559862981,0.603998227279011,27,41.2291804231919,2.24337455707162,9.88634307780982,1.12865957559121
37.3300436181726,0.814534390309779,10.4895851541202,0.931624110767142,2,22.9849289120901,0.550224534737141,5.009765176574,0.748503458481005
38.3250745743741,2.18358909193454,7.79844815576787,1.80451530113092,5,134.926444339281,1.126302354658,13.2731470897574,1.8664348222492
74.4251255708254,2.38994323340421,15.7477268454066,2.13893858031719,28,127.048866305938,2.89691887263089,11.2368577915585,2.96420648437817
94.0869902272031,0.608770336332781,8.76600299321796,0.913413595853532,15,40.2332647729058,2.14650332924676,10.9493018218137,1.08181317374031
80.1523866514376,0.684183041253368,3.1229098346221,0.405344480229933,5,108.000007595789,1.62228461032246,10.2754324854447,2.43605074119993
53.6263615185259,0.65294105507372,11.2124002144187,0.741648730225808,17,125.451661031242,2.27173956647111,10.6376670847885,1.72575255774543
84.675186536042,2.05254594241865,14.4471933623271,2.76049210779596,8,48.6059170056114,0.857680934821086,2.56180669936482,0.491489042761514
90.205174689229,1.74523806357993,15.1941593837259,2.33138177127809,4,80.1030836501455,1.13177869864159,10.8317914327208,2.31470341285738
65.5813474088016,2.95722130591621,16.5923197040975,2.67092525160117,2,78.8805878344514,2.23409998743553,13.4083250913492,2.22062373633477
34.5807136680509,1.11852683411112,9.74651354952264,2.99018498826563,22,226.704968542811,2.37855687196446,14.6178262225848,1.74897460976264
56.6376653935628,1.44656749949727,7.76344171508639,2.02912540678697,29,34.3332264351394,0.620454715527095,1.20640610597091,0.36219815721096
93.0037514576972,2.1125377499009,12.6470405863536,2.22427808087084,29,15.000513851992,0.465969665653096,10.2461645522107,0.925768213907533
23.5224335328648,0.37639101957076,3.90936660383807,0.459610503559193,11,58.9325405577454,2.21974227507298,16.4303542036513,2.96805265910509
83.0764386037571,1.26720091225531,16.5529719510665,1.67686984002606,17,39.9765864067432,0.477495710840275,8.87145214592121,0.565764955429755
87.3403060763945,1.90124845193557,6.08304195207584,1.1012881413902,30,28.1017654339083,0.423255668048719,4.22585175065009,0.436518506765586
59.0617760145553,0.643659672727383,2.88119774837164,0.492793536129525,16,40.4349167310561,0.708062377494669,1.51253588923082,0.374295834439777
9.6502716929451,0.378438181552182,2.0357223048984,0.342315968338893,11,46.9661592938069,0.710426194392091,10.4557878348256,0.907930590449292
2.96321626368239,0.302417057865611,8.39785393885129,0.956109263444887,5,14.0907241487029,0.408973915347627,6.25771659861898,0.858624735155558
5.00743631027054,0.324804002738665,8.52724382315253,0.958898690822875,15,47.0586029672054,0.843997275716392,8.21925365119193,0.681023598202486
38.3000257517184,0.548337403857852,13.7214663743611,0.847211376362963,9,49.1670378749264,0.729183701090538,2.80260328632533,0.362873719555283
45.3091102142953,0.678532097000881,6.58244028674409,0.473478419322567,29,116.905892781919,1.55041200489878,16.7757168034577,2.20342080351063
54.578225589707,2.7874116130234,9.66166525048344,2.485661308724,22,112.439253878485,0.837848344203611,3.19360957298344,0.370640731768906
14.6285608839361,0.449453340132362,6.3863600043342,0.920194281398138,11,22.9429004570407,0.5114300011713,1.56367857159701,0.309420467081215
42.9369282935498,1.93217708053121,7.4508546130878,1.33245237089872,27,56.4062017465942,1.91595342750852,11.6494209045408,1.14227592483329
30.1276012496605,2.70457277449349,8.48406185617202,2.31820104170769,13,14.8928339227127,0.3905130252947,3.31547175445142,0.389127777486257
220.172114275607,1.41079088561827,14.0660423328438,1.72981614322772,2,83.5048842224801,1.85139284242619,10.0907504606147,2.7176071832168
4.03644157395954,0.30545035035896,4.02674750825032,0.447441210849861,18,190.375567267943,1.34938771335905,10.4368242420135,1.83559431329418
42.0682729393335,0.471495538914656,5.48746948910457,0.525097528569952,15,29.1802573584906,0.918110178981438,9.45283503666534,0.987097647575126
64.9862741348366,0.646610161003956,5.79621288706319,0.512006290263098,9,24.7725823179393,2.5617735345569,7.64135571515304,1.66955897541573
73.8801504948351,0.806311943572965,1.07525235002484,0.334036598068911,27,101.486065789586,2.24829956370006,15.0964970945191,1.52359283824557
70.2869227601522,1.63861720517939,11.0169324406141,1.74533307833828,18,110.349091911663,1.57432956953948,14.1819769713463,2.00952657964647
59.8977275610521,1.26593200753411,12.8758096996606,1.06247801453937,22,19.0396518864712,0.570353494347926,5.0430601788845,0.677527057354249
42.7599483801943,1.8674330027478,11.6181941083553,1.32423351278773,16,108.837081986601,2.37802507779959,16.0469213402152,1.96720883802048
45.2051891392686,2.54294041058696,11.0067261284185,1.57223459224937,14,22.1316102664141,0.437015175447995,6.38390971348662,0.625611615067319
22.8851345535983,1.05178960008552,7.99617930406398,1.77503433077151,3,99.6527714276788,1.37651787073546,13.8457742280468,2.11658643969484
16.4654942858172,0.931315033712803,5.35024411641182,0.942468629690355,29,86.8236794659268,0.726652458940059,3.25603315652085,0.371384087895824
92.0368883409444,0.912400333841003,5.49934490009709,0.54238896590396,2,12.1988350595239,0.329256387980856,4.34040960359299,0.760039888953188
34.0069462021476,0.683734519933163,3.27454376816267,0.375873190068654,15,47.5196165986153,2.12192967384769,7.57151977254419,2.30785126309271
25.6914067574133,2.464298839329,6.86804098198282,1.1903241512212,15,46.4405187472259,1.15791568222134,15.1281620206228,1.66967221765642
126.880702952488,2.5449448186674,15.997391454116,2.42402278574558,2,52.756856182778,1.83430687006857,13.3893777396371,1.34018594223993
124.230820432934,1.33206321283443,13.2383455305922,2.8300119608823,6,70.6297412241228,0.557060409198183,5.26046289749837,0.428372363821914
72.4547037410447,1.35865326869537,10.3914177580138,1.49810867429665,3,7.82139677716448,0.348408625469337,12.9348943369131,0.981003443432754
30.0269571331698,0.919693135375023,8.47017867996559,0.926711245768716,23,14.4603875999331,0.631076290135856,3.18087693148252,0.561723975849068
15.6427366011473,0.502407907054438,2.49217888176618,0.383427020676614,13,9.09882887820982,0.338096926146665,4.7785904285489,0.433918411695423
7.76161684906168,0.344570710205091,3.35969342260905,0.452996521735113,11,22.5913550440038,0.600579326033976,6.39734850219454,0.819906657965428
8.61872033088952,0.457537056038733,5.34542579744405,0.900219093905409,13,26.0047905517714,0.676674054130394,4.88874678855707,0.585707597414766
20.8697355216913,0.436626027231578,10.8305030157657,0.667340860487408,3,47.0902155713851,0.771267357251194,1.5670313263903,0.362228802641231
62.9130638550787,2.58449954839269,8.89597976748975,2.2373508179143,20,85.7600021327258,2.04497450017067,9.03431538329679,1.46377071968474
45.4963397792074,0.737939767428166,12.4391602359677,0.894369381471883,15,39.8789294143788,0.554544854900568,7.75539290301728,0.60739548808361
25.7624609114455,0.378114397537237,6.76770569711601,0.601639326125031,20,38.246856533179,1.93963829350569,10.3728671058487,2.57719019887701
49.6540573562958,1.35401673867995,8.43197690501307,1.21000151492849,25,42.3755933768834,2.92563543712268,12.5748278086899,2.98855800876721
49.1864060742455,1.17539648497716,13.67688883472,2.18474915784859,9,26.7963780523357,1.17826250340985,5.88208763697217,2.62604166533808
26.9583022641328,0.676793350357155,10.2635146516846,0.966628688528759,9,28.0833503894706,0.671485821698171,9.03482610815264,0.882824363780909
59.2577343900162,0.697274086037675,10.0479262401197,0.64624555051311,1,61.8945217688731,2.59849880836312,7.2463384240503,1.04007700689033
169.097964827053,2.55379481294991,13.5881015350276,1.23181531351587,13,27.3984843884814,1.16392203008303,8.99817782190001,1.72593035408523
29.8983764973796,2.72425808514902,9.4287798790969,1.90375996644749,25,36.3560951608975,1.30364152763328,12.1883276228717,2.3648431442508
22.9342708353931,1.56432524294792,6.38086975224684,2.66764922117039,17,29.0975834405659,0.555520463109341,8.74691231095066,0.848107597579988
149.128582872266,1.31905751321094,9.08141004264099,1.08514162163357,10,47.4037228630113,0.657155275887962,7.28204366160068,0.687598451662545
59.3397948161347,1.22490193808483,10.3281201917407,1.65653793149471,7,70.2937697793876,0.521079258072224,0.965693492705423,0.300001796072212
11.5310165431461,0.601376815068173,3.48644786556196,0.569816493753951,4,56.4681503087029,0.912671985792493,4.75625283867808,0.470331375685433
22.8049592792886,0.588829796719034,6.09682020443275,0.515693078347361,26,38.9706281453953,1.59399008271634,11.1217900455099,2.06661693789762
88.6996216977707,0.807003270775225,7.29524843480838,0.886982257491101,3,56.8998576449476,1.84937992158764,12.231747428414,1.78444703957056
105.273310504266,1.50652527637588,13.7283453769724,1.38760198036703,10,57.126340331387,1.59425573288552,10.6413977992275,1.36889757915787
28.2978967485263,0.450275992175884,10.1710003726243,0.682843522382151,17,19.9011297035789,1.94740119242178,5.39629441756877,1.19757964083545
96.092342415961,0.940154959078113,12.8396067403271,0.944402935140856,24,161.895583631594,2.94583431243048,13.6415819091454,1.14958752172447
33.2738545053007,0.873782270007061,11.0510942814461,0.997995410237694,13,140.13024069393,0.592200612716839,11.7506534712824,0.997825085894371
65.9897075239399,2.96961782135473,16.1518319960914,1.92979788699889,20,154.808384257714,0.896849570940876,6.32222031906972,0.632615848530741
26.5039054980545,0.657475252942653,2.15017509924549,0.383272858680788,4,189.395629437463,1.7972439074648,16.5534066851491,2.31752049218753
30.2305240812488,0.887929214420911,6.60079434042732,0.715150834807514,5,25.0297015909769,2.14553753340078,8.00830320376713,1.87146212409873
134.981971381435,1.79272137986712,13.991151887947,2.10937079518277,14,42.4341775750071,2.41154243584331,11.2325529188836,2.48047287660247
228.909792335623,2.20811645764017,16.005714598809,1.35955007403407,22,34.3508849756599,2.81563860548019,11.0225921701267,1.96539810762464
6.8238657805624,0.360335330391064,6.80575610644406,0.771667733709803,8,33.1098046105309,0.86065170204882,4.32009978316357,0.663805409985288
19.8287120167941,0.573405568409378,1.12753912519302,0.300056433456081,9,32.8614440072709,0.537363213197714,8.73461381452134,0.772294295724818
92.2917266793198,2.06279804415872,14.7251259956502,1.82954708274043,25,13.4569945220971,0.303711638985645,3.58058915565488,0.473653978347975
39.3628395795105,1.12342394379515,10.6671109171947,1.26628269008541,3,46.7177480199535,2.86232763520107,9.91744318398866,2.76751271911038
25.7618484279536,0.419613875395208,1.809110646454,0.355664779464886,25,127.575355624025,2.09914964034466,10.3465047543199,1.57781131402904
81.2134922189905,1.92072784346738,14.1573778439001,2.75218962748974,25,31.7395930639338,2.74223054899604,7.67781055337518,2.58347907304089
39.8701990375652,1.0273862209825,14.2442650120253,2.35138130893707,15,59.6448764614954,2.83665642307949,10.1151356325686,2.93083247827065
4.61129095029889,0.345198687498741,5.59507056776723,0.724785194967383,18,185.09343190479,2.97603785147918,13.141993706255,1.72790103698748
96.2656024295838,2.4109888171416,13.8159839684667,2.31892505687311,22,32.3882864327332,1.65099799126521,10.2236779275025,1.79816689245931
27.0061472396353,0.903726412142936,4.75165114672474,0.575761893588752,11,4.61224829860851,0.306499574588493,11.5128756605277,0.834673655872972
10.8844181165329,0.387299713673841,7.74474911256049,0.575339057314976,21,27.6352174033132,0.450495989385713,3.89391100261581,0.496224261926174
62.2754680160909,1.95583050010048,10.5970560518997,1.52213764286018,7,32.4848143209917,0.563159493290061,6.69405246058409,0.506988017186265
22.8281672182796,0.483055259710924,5.76316002242563,0.827453286283168,26,6.22976285467647,0.31726714874884,6.30498620832978,0.705784463648373
70.8957572043801,1.94060462054689,6.4899465862569,1.23957214536413,3,112.695335776838,2.89908385191931,14.2887917861084,1.71501083371504
40.3762817223496,2.69877694591367,7.71247772431053,1.59854601088722,21,4.48997750912656,0.336152380584946,3.16390058339141,0.547867431583521
19.0976067528022,1.57803612555994,6.34135273652436,1.91196567061126,1,35.8762658311337,0.946596236404167,8.29097022879453,0.75323778739626
56.1590815012835,0.771474856714242,11.671767009406,0.720647975855089,23,25.2067372479142,0.368456841248059,6.07598449721913,0.738125684916915
54.3179045534128,2.21675595275692,12.6054674499398,2.27485952311685,14,41.6277235755922,0.777543472754238,5.76948154696152,0.747753490591384
56.4792783676898,2.72263773997257,12.8972990800804,1.53375305207822,22,18.7087530091757,0.33618000039978,4.93918657643644,0.643087397889133
18.6655373203465,0.424833594475279,12.2122121534407,0.978384587088543,26,132.375452878339,0.845962520102343,8.49443237808737,0.641628726976297
54.1586415771426,1.78642166889265,11.6533837178697,1.1003744687695,6,110.40869503575,1.18031794129018,11.0009520894124,1.56792336841006
135.445996006955,0.960879125932724,9.58855547693097,0.825350575605677,4,171.19339170618,0.891430992675088,10.2945050866804,0.924543208941312
83.0900359766688,2.17793759010683,14.5223184694247,1.69596235603775,14,54.8155490179394,0.749395288650472,2.39037030278616,0.334384893351286
122.530505960016,2.59062799598994,6.51824063169713,2.33577679969062,15,40.6981238326428,2.48744181497964,7.16288688697718,1.19815530033786
22.7569829570566,2.72189043313978,6.83225288675378,1.98941030858133,25,46.9486126739647,1.82968783149022,9.68107436145186,1.29246527491344
21.093619356692,0.673029859091471,2.08871894452774,0.393701643006964,17,225.801185807666,1.31335671536186,12.3374803594605,1.1953886680426
36.8408860368116,0.904774625949827,1.62258145105334,0.313607144751321,26,65.749316748193,2.34299217859696,15.7799832109693,2.77048461773385
212.155116252306,2.91826329326599,14.9327052928982,1.5108631291128,13,29.1546038258177,0.890577959366003,8.19708656636382,0.972859363480102
93.4378700837078,0.990264240031066,10.8625606513809,0.776142584201224,5,22.5617673929724,0.668869410080406,5.38574223081484,0.944364655655566
13.5569741006815,0.373022239745229,4.84156130968965,0.541099943109326,1,25.5203024030725,2.73552997006033,6.76200518968484,2.3829025744718
33.6415980743766,1.30487504837313,7.2335764010399,1.6414794160155,29,61.4936127184374,2.64392991127999,8.12174979163795,1.90992469206259
58.2739051732562,2.23682948150884,12.325885405235,2.11561761214524,24,17.0174149224292,0.513350695104267,5.3607519222052,0.584638433216635
43.724900870991,0.4048210091058,12.5129185272988,0.934774119572494,27,19.9704402419596,0.532099723615557,3.37944396542589,0.424614604418865
212.629010039571,2.21305163678488,12.2226683868978,2.60763769536673,22,46.0037627463578,0.763737621500848,9.34538907657086,0.940480125968528
18.9688509149959,1.21029856895961,5.99545381458125,2.44584409349607,15,37.2830242581237,2.83117878662079,11.3991394334427,1.18071271691016
85.3609452537718,1.38355577527207,9.4127492044549,1.89772100794046,30,65.1162591428287,2.47965651291273,7.13084154871883,1.58407271842605
16.3158353289011,0.620563858112788,4.83746539106326,0.762748782262987,25,31.5054400731825,0.886787145078142,1.73425405500449,0.392145599915207
38.933027032337,1.63637939819418,6.67721076545508,1.41484472215532,17,50.5356371106053,0.969091352706994,5.57670299965875,0.596662637762602
32.709062558447,1.08168102853197,9.40446298106666,2.68438454386748,2,29.9009881376858,0.648657037894283,11.9441696200502,0.992051767210016
76.972242282564,1.60226490986212,13.1506366586931,2.59118639640736,21,41.1054509336632,2.50203336045341,12.5802306233712,1.50951121363372
149.414237961853,0.939757274415089,5.04360493904876,0.515557279837436,17,15.4895359705989,0.334626394703791,9.1800065181625,0.805723256278088
12.3602367389087,0.321908857422709,8.06714452829236,0.9390071095355,16,42.2427246642703,1.02155752042918,15.2968842600362,1.66363974672756
29.1333201264079,2.6431641908272,6.11349201993141,1.40311493034245,28,98.7856881655784,2.7816789122996,6.81674634617625,1.51739499192278
33.8534530622565,0.846486567876719,8.38419693445848,0.674598070417034,22,41.6310180466155,0.922529904913347,1.57972773231715,0.328693474966034
54.0806009979701,0.4837166012816,6.92111308615607,0.900576456020464,4,42.1802681261476,1.02242625694498,8.13716314908702,2.75827556163969
95.1533399316822,2.06730525457301,12.6339168385412,2.96865282521969,9,62.0595900472972,1.54610985814095,12.48454639764,2.16727167191818
18.9165982742844,0.42756325521271,10.0681529282833,0.803259799553742,16,92.4678740862418,0.667292403832397,11.139369971727,0.879950263609288
38.2006302166273,1.79209888989181,10.8829683333591,2.88355281322581,6,123.984884148542,1.35809604615161,14.0929633356474,1.10476340732866
49.5979057989166,1.18657441904363,6.68547227261444,1.81871193535136,7,11.4185312972733,0.495046028029283,3.06688772018984,0.493331788400471
6.66504632513144,0.311513338808184,6.49244624623782,0.579857867653041,5,24.5015688167928,0.535063918397661,7.8973328224302,0.703931407451212
69.2154969856898,2.93826390892805,13.9338560321586,1.16556677818104,19,54.8361790774837,1.404796435762,7.15288180906959,1.83451443108704
48.6643463412743,1.07235945371019,7.98361594578279,1.30647204574603,28,21.3288866818417,1.57749591351398,6.74123240761706,1.77752710255256
119.879847914286,2.42969934375948,14.6210110491553,2.81119599242562,26,80.1434498822108,1.00627543443357,6.04076825386675,2.50178246532196
108.894471494655,1.15691783663636,15.1591966884446,1.91832680046856,19,180.486044491803,1.90993422081375,14.2681515007184,2.77854429703607
31.3328042439187,0.670447405867036,5.28065892181101,0.674576276110277,12,18.0443867706736,0.592146961365496,6.17919252384453,0.608301274211471
29.5350189058765,0.414868746474225,9.23766366786014,0.722111478834746,7,50.6592267014865,0.481539481263256,1.11746134169091,0.32545755394974
59.0338056347187,2.58372605280537,8.98576523571838,1.81511203310685,3,125.126056675575,2.42563852290616,15.8772740993959,2.30746404267383
39.9628115511785,0.969929988165353,2.84515568691389,0.3833492121251,28,54.8329867085122,2.77860662085625,11.7732252488531,1.00232549490095
84.9605597199518,1.6079554400414,7.5227734817684,2.83852624968679,29,18.4504451387862,0.409189589704658,9.93122248724668,0.995463932154792
89.3684385864039,1.91027588979473,11.9263197246191,1.4031270812377,12,96.3252078558891,0.644310641093278,2.56202910774687,0.337451380606666
11.6576050821968,0.334462881237926,11.3561509372053,0.749996387033497,30,49.1502299622946,2.27824764042956,16.1027474779807,1.5226838721605
63.2745674882273,0.704144694679591,12.5961506076966,0.896722393947512,17,33.7205219248954,0.751829541424031,6.62584343335162,0.981073786445911
31.3536564702665,1.11065602649786,8.33887863976394,2.25160450428026,30,75.6968991188595,1.63245802918901,12.0427378068584,1.78255307760922
181.545181499886,1.203738863402,15.2116699002628,1.14637566586968,13,27.7840639194213,0.929455935692048,5.40737046233394,0.788343157149993
38.0372607992833,0.981533092563551,4.59373584674941,0.462390217477558,13,42.9925535217412,0.684577553634349,9.19552452344291,0.96757264623546
35.4626289485392,0.708655131840414,2.95026819583396,0.408559215886061,15,175.393303511092,1.51383570892849,14.7925860161382,2.84624365626926
82.9770374786757,2.13240039922297,12.6280215365054,2.5591992984966,9,67.6786092328211,1.76333680684318,9.4695947845724,1.58748293456726
21.8204924653837,2.71439117430676,7.17062265070291,1.91466298010713,24,8.72590115358726,0.328727896522026,4.30529940604222,0.520085478703302
78.6729788599862,1.41412945102121,8.09784277689076,2.28906224416107,16,12.2154226848293,0.351868147635715,4.1835109158933,0.501300037326109
76.3529447777237,2.61109149541528,11.872590885269,2.42073117567088,13,41.9520236306159,1.65342645784447,11.1626281348356,1.67078617563429
20.6823559226493,0.927060418923635,4.75200463965253,0.835476876045141,7,40.821122859794,2.58328116581198,9.60189354072396,2.30576836586806
11.1314903607499,0.393560365709933,4.93972407027369,0.546192650549391,26,43.5602759402203,2.14715887203497,7.82025616122332,1.5308782164297
52.7362386896293,2.25527254392581,16.8464638188601,2.33232973111419,25,57.83359962647,0.643444351833867,9.86863249454823,0.655199600055258
104.115839236221,1.09010652821414,15.0427896823577,1.21978917237855,5,32.2719839196221,0.681975306014617,4.77456495907035,0.781191439513664
98.0725555213002,0.852675911235929,4.47430653117735,0.703411598546067,5,51.9002867356602,1.06998834476328,12.2204086183788,2.89291061058871
92.4086101913553,0.718946205162703,10.1337748250443,0.935460654678577,25,6.3676880745953,0.32234167789161,14.1441245207528,0.988984515340528
50.5947523768292,0.709683021817127,6.20007250746463,0.534996837671736,5,52.8639370780842,2.88425716247427,6.47282131499695,1.01889015212265
15.2538095397552,0.476224769383811,8.11852596154936,0.802040072065479,13,6.79635189767176,0.376661326077403,6.51323425208427,0.853271346950012
47.088507532711,0.940143661830577,2.1278153712366,0.324317642569308,4,121.844795176352,2.64628021510029,13.437734611424,1.04580595797477
60.6174571609178,1.36059057311456,10.1527069273702,1.55959938243985,20,33.8436323077179,2.47730132527815,9.71208943704662,2.73475972086962
41.0843625858133,0.690972265573307,9.64713194307604,0.940405458334453,18,224.490563450345,2.41574982154008,14.6192440358874,1.87795450857318
46.9992963354959,0.426554433752585,7.62625967472704,0.513001434906754,6,35.7872624801793,2.87242455487152,11.8019170999886,2.02744657235488
37.0130759396022,1.65265391966466,11.4577114740501,2.50540717217284,8,111.871457596584,0.700747640406711,11.1083595183341,0.712337168896064
126.297448442523,2.09676419188616,13.4018257973359,1.31286801717634,29,72.1042173888547,1.69551832670302,14.2146071802745,1.02463811987664
17.1280800882658,0.372870039579169,6.72108452480246,0.830905346950458,9,6.57362658901816,0.306176563973423,8.10978272543971,0.808191016663119
58.767898946731,2.9161343175896,15.0684529940024,1.98611886119696,11,258.775765396837,0.92731177625022,8.15766395648837,0.533949624738324
123.159809032735,2.85007015578076,8.66108923801888,1.42887940903289,22,38.7911567593362,0.667692409051207,7.2903936986381,0.775294050666101
16.2903238451643,0.41943634724754,11.5031011732537,0.696866001613435,11,75.8485013926505,1.48781305631094,14.0642191793709,1.26766686926277
16.6001706139188,0.442797291330891,4.16152660423575,0.436756659786905,12,111.512184351986,1.55340463950782,7.01112204230697,1.18772919380953
74.4548112121672,1.28950860821953,8.77706008793187,1.78110851800428,3,40.4821882646612,0.683565544452922,2.72285424227613,0.354458523031521
32.237695350773,0.741531862319827,5.29403165847596,0.506105176097618,25,106.055829179788,0.938920441816748,9.13277361917473,0.718331572978891
39.4348576103076,0.518050182818022,1.59810508750776,0.310620521838121,5,36.8381419105469,0.533530759653027,7.26817275987745,0.92900053927798
37.4571834822697,0.73906746483696,12.0860634758466,0.794968111790221,20,73.0987674526664,1.49467544253011,10.8215735436437,1.03489229337761
18.2091684817221,0.355114325423534,9.89944334905874,0.60080679107382,14,59.1520617328714,1.82663069444915,16.0293217693801,2.46512888654162
66.3669459791896,0.777476291970644,9.78074264904693,0.593441567579607,7,58.4472373005108,2.34325814081345,16.8592632112426,2.50837034928927
3.80085744188858,0.356744584421685,4.97935012110949,0.893759030982053,5,40.2891354648328,0.783604300157442,9.2821997452471,0.835083614607028
126.910546092379,0.827524103695915,7.34258702308819,0.679848411407984,11,9.89557943852332,0.369444007079254,8.07146594198423,0.553232859196294
18.6370602839834,0.388875431038622,4.50682566124758,0.757299846825124,24,49.7818090756766,2.7121211820121,13.9399377482356,1.78243698396024
50.5418877008347,0.425670971283684,6.1460148574083,0.537492903860892,23,76.1348736688615,0.887324975981509,13.4347932559339,0.854317061016845
49.3669122743997,1.90387804610851,8.63156378074742,2.04466199605549,10,80.6311121222288,2.73288311583549,14.0891199120751,1.24322251604326
95.4420523837399,1.49577390169239,8.17711791898597,1.15928884357682,10,13.8802325434767,0.369108245272409,5.52310908852583,0.904987410215465
15.0482434766103,0.772715272268038,2.54002739726335,0.491668286485157,1,19.9080454788156,0.491609079894235,5.96966011836503,0.565369637748148
56.5587299168078,1.29598186678266,9.87686881374143,1.71412535058069,15,30.3746104260535,2.12701362717113,7.16252041468923,2.58186871980264
21.08245716095,0.538409159676907,8.35115962048759,0.850455326827822,11,170.967945646418,2.52779962389447,12.7672053573041,1.31379417484911
167.235923859757,2.97844149686087,12.1378797640075,2.44592423293045,10,26.359977042377,0.50409077444716,8.80286491907712,0.631467277376604
70.1982311178345,0.848358532191617,9.25302788070311,0.737093228861601,6,57.7635597628553,2.61646472815933,11.2404375897593,1.53722436222947
35.9278665539872,0.827329072072469,7.10228377835828,0.543134724038583,25,56.1450813381644,0.934108654089049,4.14201345317924,0.408131488747168
35.3820589615681,1.21811266995739,7.66622517109852,2.53482260911168,16,67.4990853669969,1.20397979782226,8.71926965322897,1.98271027320357
39.7294283566099,0.755831588833223,11.7556876749346,0.924919783673422,8,54.2152476851713,1.64811958864707,12.5486689173713,2.26590068105176
57.0234878737976,1.83524523488148,11.620025392345,1.36581134128102,6,144.498327540836,2.71086280943638,15.2816228638484,1.12395446295394
152.450008232483,2.99255845404999,15.4100873252666,1.24220669095226,27,10.2336005971191,0.324452755586583,7.33468044245623,0.640952040127953
74.0230150682529,2.91330801344187,10.4244125105716,1.19812317552699,20,43.6926853473075,1.53150850211307,12.1174254583693,2.13451416909829
73.0092983123247,2.41874633497409,10.0652202447068,1.53787893873442,10,65.3101534256169,1.39151813239769,11.2054380250906,1.81483586522807
30.096586664641,0.550069356758912,9.35077251063176,0.631007818534173,26,54.3890294457593,2.43307159670391,9.40837850157731,2.12446348145724
42.8620458304479,1.8360433547078,9.97457633145356,1.21474497269894,3,19.0813536575973,1.45877283194095,5.91873935382679,2.97144753433766
15.9556047230918,0.582297785353734,4.0313244862675,0.510968699242719,5,112.89879528083,0.695573174463671,7.45081398982656,0.577022016287911
45.5482566557435,1.18400747145858,10.8575626684464,1.45590124211716,20,51.6506596681363,2.94244854459082,14.3620871467676,1.01668532974057
26.1160614271088,1.95074185862523,8.19068688341661,1.43766088513542,20,40.8849774188591,0.513258396951424,7.14126436769561,0.567825883260708
66.2739956666928,0.901212139438968,13.1501535950459,0.857422947477968,18,13.0171405159556,0.557920117034104,2.86125591116191,0.50521747234314
181.432375206519,0.983311242158676,1.58233239488269,0.309647410433303,13,32.7918062940042,2.71698029005123,8.67733850447179,2.41212215263281
96.3153603993041,2.40683728852098,5.95816583312132,2.37345320025332,5,48.0908033172903,0.722283828831467,8.90257478583959,0.727344626117871
108.187968801009,1.82644281021334,16.041462341951,2.77821506625145,30,35.2165811847006,0.876691842833023,0.814039800927069,0.326836848960591
35.2626430891436,0.591276235533561,3.98635951272735,0.489779310888143,10,235.953336433704,2.73362452725651,14.56136471179,2.93210857832583
64.2954381010556,2.96969605951636,8.97360267578607,2.47728041472426,21,51.1330370263902,0.996654684612424,3.82247084389062,0.398966125432238
62.2085756782516,2.44009163866419,12.8246059312331,2.27224582515287,24,46.5558235229505,2.05058759059056,12.3897574861022,1.14904830759613
73.8037455896201,0.914819528471134,8.06239832182166,0.693729820372342,17,231.721224737578,2.84008736462482,16.691528335165,1.98100212283357
47.7211414529108,1.04406841812787,5.46741062329992,1.19706140489274,2,37.7038237636083,0.56233613619949,1.53421618939944,0.308828933693101
59.2198128834931,1.21402342154926,10.4195979926194,2.81823728729441,17,9.05242629554589,0.459660880395898,5.51025416940339,0.957153162888401
163.183269001852,1.24825327439566,11.8768832948155,1.86993591565656,28,63.5596199124405,2.63555353277704,10.7945767842714,1.31423723850783
77.9666957611697,0.882300347949283,6.50950480750166,0.821850312615646,27,47.3823985146076,2.3918818887282,11.2864166112522,1.15853514654406
38.0028744423888,1.97823985197599,6.38158486359316,2.84871426728767,9,309.113362636306,2.87884452678044,16.9182332680665,2.21120197780725
101.070151061163,2.51455545412093,12.4681296003679,2.79734527409365,19,87.6418041814024,2.34295377919319,14.7484858008247,2.17194994268029
37.3314680397668,0.506453278649243,5.77618625963546,0.61762967264888,12,115.574047333411,0.990026688305672,4.44395683600303,0.627350568114418
78.0545993418201,2.51717605945767,5.88889379984293,1.67119107231282,24,7.05143258261817,0.32230657551138,1.80457355889439,0.321032378225832
30.5405607544903,0.574883134335544,4.7721782818194,0.686330187682863,29,47.2978483752714,1.3636428012033,11.5491222348688,1.87523770434572
60.6525278385189,0.841838879347344,11.9508764399794,0.915551821488244,5,90.8596663660108,2.83883235911102,15.1835287598623,2.53538021514454
60.3608704744604,2.66929074601177,6.40272064111595,2.53185618822622,28,19.9156872908485,0.604509190155131,2.20501213915356,0.39828101641278
35.369209297792,2.4475685252735,10.0954386574692,1.75412806393453,14,73.0638752398095,2.04800031131153,5.67216029571756,2.84885695932603
9.12936653101775,0.34712375617883,4.47215221417626,0.533350700625762,5,21.1452187363646,0.853933097177882,4.60382627918276,0.673779544600766
80.5662834909066,2.0810122985034,11.9667179829754,2.81370163089372,19,73.484842475733,2.98963154740248,15.2408665164856,2.18304659148918
29.1770622911297,0.479937955325445,12.8707210696175,0.955999675931097,13,43.7805322723506,2.42499279448776,11.8326355562605,2.04202013472941
17.555934490104,0.473680059569438,6.55418714925231,0.963457744741085,30,42.160585780012,1.05439119534477,11.8649086974096,2.83485896547991
54.3142762144808,0.799627136264023,10.9492758795947,0.949234665891901,16,42.8092002193365,0.488192593987692,9.11576528139309,0.761329665426319
56.701230582345,1.1456847390487,11.4789455562531,1.13215186802043,29,124.234848470107,1.82074541507336,10.038243835193,1.36699549293059
72.0983986914536,0.805081103166585,11.4151380167395,0.995380600718387,4,89.1278672093273,1.79926179893275,15.997792170789,1.90241309095944
47.0181150526421,1.90402027801308,15.0410702353075,2.71752764278824,12,77.7648554383247,2.96004303828606,14.6401495464967,2.17208909526461
19.511203593259,0.44183492998398,4.20257604049943,0.464971349747166,3,38.3386434385272,2.68203665135752,9.98564744711252,2.0331700758325
96.8101493124488,0.497408123031306,4.75731230217309,0.458238172405018,13,51.353445975633,1.42030562813075,8.92364048829841,1.1098244096574
34.528076235235,0.496970214644912,6.6524962467213,0.493363660317001,16,61.702844111491,0.801788509438712,4.8167236053022,0.412267488409658
61.8019062781218,1.83450802605695,9.94006600505802,1.72764169718762,2,34.3957048094246,1.01533981152328,9.30277722947505,1.91224444230299
31.0582621317051,0.477640276730705,12.3525437347569,0.833454550616102,3,80.9226074938144,2.81820365900569,14.4392604048206,2.12017821492718
47.1827806462753,0.786306676229689,6.42090164603888,0.578364289836804,4,33.0595177095571,1.26419162676011,6.20795789372478,2.75545741420863
2.05822308522858,0.300562188128241,3.8860735883034,0.582756362354427,26,42.0204456002459,2.68641422261995,13.3974154299758,1.58154908536879
30.2902159602039,0.500526018872757,7.11550222624228,0.67112996575249,19,26.6970466304962,2.50504009253075,8.65337701847284,2.18887288632988
70.7153146450226,0.431118307047097,4.46594688606061,0.437737551176162,16,115.14403861129,1.06301992037285,11.3463763451815,1.70381818442111
126.639411508806,2.18435549629134,10.6717005606596,1.43407869918001,22,139.586938739894,1.6572784602773,12.4554663243031,2.49781844321096
47.0420780582777,0.695177329212361,5.746778343577,0.543038205135389,15,7.40150422952116,0.424113917967433,5.482713362232,0.973088276264308
43.4833643988927,0.364760356893472,10.5954879291948,0.739753640471858,24,22.9810755880042,0.626456959682382,1.41527075454028,0.35304174000608
27.3457231614887,0.599087747793264,8.65377143760996,0.998667966483922,19,4.45817036721229,0.324190375941798,5.84581624663371,0.600938081498033
129.416338111217,2.25296546584195,15.1744888588269,1.24412109849017,30,98.6090336730878,1.17359143049803,9.29536084927685,1.99502015206152
94.7821093697139,0.893162648346925,10.6119938390744,0.926873063053447,22,29.5474090225294,1.87527632382999,8.68240979906078,1.7750586393686
16.1343696539803,0.490122975716265,4.61431265346086,0.515682446663994,17,58.2638733074067,2.11428770735868,6.84163879313282,1.83076035525441
76.4130590347779,0.688898475308259,10.5448592902719,0.845270060996342,9,77.4804007401551,2.46968855375335,9.86685288259672,2.92179277990255
30.3213669757833,0.440266506884023,9.13452456756287,0.633033961539247,26,7.77437731014858,0.374418448327279,3.34727276898481,0.426234241301663
64.8286396905696,0.775170830613564,7.64598788254925,0.524074133476607,17,54.9177433870665,0.704733607512114,5.16689620629683,0.841198792359551
24.9390764928905,0.578752205699727,10.2710030100263,0.745232839592267,25,51.1039643662976,1.71145001722048,10.0719658634734,2.11448397109142
34.3211287304356,1.9320703939532,11.1175983902391,1.61089728002903,14,64.0171196008571,0.948475181801044,5.59438406904843,0.471296304151173
51.0017075524806,1.56781938446656,5.49937117093483,1.17748151690937,5,149.038986042568,2.69965194669117,15.1266973585296,2.00243837889957
104.560850586587,2.91853002182448,15.8673034525016,1.41323295026677,27,4.88922876137695,0.322938700775602,8.37678620664819,0.909439537598945
60.5893940455603,2.30987885736302,15.9738515257377,2.39878487733474,29,32.4864499789219,0.466810307296966,10.8808167975915,0.770767283394103
42.0032480115437,1.43936090457865,5.93892543477763,1.05871290411025,8,98.4675956312048,0.991159286445586,3.0660550516076,0.500125243030377
13.0245552179219,0.320169955685926,5.80313139392966,0.645629625234652,24,87.4152574834911,0.95210957178698,10.7131810554715,0.656955927381448
48.1487124517114,2.44252889162676,10.8552889213501,1.57921592109491,30,52.872176347157,0.849676464797152,8.79761306647422,0.895164914639239
15.0661776569653,0.387388060520937,2.89232475394246,0.352003810561534,5,41.6904245196305,2.78105407000301,10.608012834853,2.24066524653181
90.7964354097643,2.80454075128622,5.95893702078915,2.58863631891696,5,29.7305057717191,0.448037472390294,10.448645559717,0.63333085151133
60.5074119700149,2.4032649647746,10.1281659823153,2.13957567223793,14,38.143643433815,0.949774619670137,11.7602527268876,0.855168930726492
184.173788447632,1.89027957745723,9.61253727189524,1.48315571415024,22,188.937102584558,1.51440002108849,11.27112635741,1.82853433319453
34.5682543623327,0.823785064377889,2.28233032715473,0.370148266664604,8,203.828253970076,2.64080922367055,12.4092190826475,1.97238275819275
46.4076717128399,2.94647263028841,15.0014572252732,2.59759935145437,29,16.6154095256522,0.899275911227424,1.19292110831347,0.362469520903126
174.290628212288,2.8228634693725,12.4398546512194,1.43493221789046,26,79.3978596175992,0.633050118018167,4.92140720123085,0.649527891373396
54.0669150032151,1.56500723858291,6.78172958294179,2.19682652263856,10,61.6897008577853,2.8878868899097,11.8146022503912,1.2997845738814
100.333161909484,2.58991631034069,14.8778222855055,1.46941585139348,22,39.5897131486733,0.470177980098124,11.887066212555,0.894396041303545
28.4567742473872,2.35570512313183,7.09956386122722,1.45116631824204,21,27.9511566005784,2.31121659929338,9.14234715070466,2.92814927126665
5.2161427254199,0.358842277936576,3.68348569121328,0.547329803739412,16,39.9297116300677,0.83188944739295,6.06470372397481,0.966824412783519
141.2507578219,0.783517488296979,13.7205735838817,0.927556102539576,12,60.3651016475521,0.440689658808184,5.7291813534674,0.524077579544195
76.1359157480376,1.31964159195506,7.94895814811353,2.97738494269836,30,54.8323932805767,2.92083352483857,7.00270211827905,2.12182458058865
53.2090102164493,2.09505556983871,7.1193305475846,2.69683472625204,18,55.0205696480549,2.18109250320092,16.1036928564203,1.75198482184989
143.314653846505,1.10753684444618,11.4854685215931,1.27821720930365,25,45.7853272639526,0.630577282755828,14.0741871643392,0.882343588947221
20.4773612687529,0.506991174420348,8.65659396052993,0.934407723184195,5,22.8539520838743,0.399256659808875,6.66158398711802,0.882596658699554
48.3932625018367,2.37144720324181,14.5082665979484,2.13900142388221,24,33.535496920955,0.49740682095942,7.29411204489944,0.509488758161457
55.6014049442428,0.900135343898122,5.65294518138625,0.571456788248684,2,32.0969548366923,1.49090653641509,8.39647142832041,1.25135105826903
98.1104326213751,2.78791420437391,13.8484179933007,1.60197795044482,4,28.196120103174,0.368727971880761,6.81798669335971,0.520058305423283
40.9009076483089,0.649623680069591,1.50625859586036,0.325287746589353,9,40.7231599442894,1.65551060047278,9.50886788810143,2.00448712496385
61.9249803946575,2.44350968468234,5.69447456189065,2.88901065843987,27,51.9135838895324,1.17547315033811,7.21441795518184,1.03571123099402
132.050244323036,1.96567373511743,16.5290857681722,2.33797754620786,20,54.8995034165208,0.533070662408577,12.1195247991919,0.821709895214337
112.888716750003,1.65056634404634,16.0274306335788,2.68261070319418,21,34.6892582325294,0.380719059475495,3.24733401931099,0.363547340597097
25.0476030503929,2.79588404257294,5.82593333962605,1.12518141711271,15,130.766302328167,1.87099941008629,12.8125106862957,2.4971047631447
37.0268637772989,0.639832873594795,5.94890958797847,0.464607614407602,2,82.8762368637167,0.465139540791203,14.0124436573671,0.988460680580087
20.8186403116993,0.413822921010582,9.39272671981666,0.646366784120016,5,225.549826164861,0.888624689315747,14.8893963004195,0.985433557515792
44.3806419246658,1.28791772192151,15.385549929775,2.0416539981508,27,68.0593488548788,0.999221512666797,6.98007339301663,0.557390765413493
76.4518775480222,2.07652366792695,7.20138742201098,2.8039549661518,3,26.0792298427345,0.796543665931865,8.52178587755214,0.902984218046632
132.202667460043,2.50592575141383,14.8138208387318,1.36062516992408,23,42.5841798407348,1.28612036488996,8.02811996982798,2.63877522886904
61.3844189606436,0.978886657457558,7.4470671672848,0.585575747135528,4,66.7028338779342,0.406238409223053,6.52173863500206,0.476162667454928
14.3803616654536,0.48266400318028,5.23547052002813,0.592536566768555,28,44.995848311027,2.67929009201283,8.81385627517473,1.15199894544948
27.1303754109659,1.74361482134477,8.5559981308957,1.71427937313976,16,48.711662998809,1.07517920137162,6.0716061857849,1.31872493489175
69.2837869476421,1.44259847838785,15.3608396202223,1.24993172438176,2,43.7935591470673,0.895658836537187,7.24637199752072,0.70262930228276
60.7423274041275,0.958580589735136,8.6898956343716,0.632718277108454,27,40.5270894143113,1.36202482945837,5.90196641299719,1.84795767782963
44.0282667672322,1.71269049200522,13.0735722116778,2.47291002731073,8,61.0520161503355,0.786603376380931,10.4239822143443,0.951163295807419
35.0017134444164,0.696642870589843,11.8269134867114,0.968594181717475,24,42.6828918126162,0.602464930085784,3.70253303351997,0.463890273805824
50.1273115319577,0.601950038656715,13.9935630278464,0.942733630623472,17,26.1401047124246,0.841542239421653,0.867479537538564,0.302839550625783
6.81876806336191,0.363358811322638,2.85264208174697,0.465863198825657,22,45.561019705425,0.625642128489649,9.20983592950945,0.648161565372449
55.1298021003908,2.74022752388464,7.64188369615223,2.90453596752896,14,10.6454076824329,0.322445830602612,4.86271571277623,0.429470487959773
43.5885403372956,0.540842233854504,3.64752077976323,0.392461985840013,30,24.6091551364346,1.14216755746065,8.23122985505952,1.16189275604012
63.8348705648871,0.630622885846139,12.0613890486492,0.776410055937722,28,75.456401270277,2.26450270341816,6.74383194687825,1.9513749603642
77.472204403954,0.883130817081707,2.32326816637627,0.34878285662218,18,72.162870517526,2.89949136953551,15.7050464014278,2.07726030376185
35.021969218728,0.765558563347673,7.37226987958094,0.868221095274624,24,39.4659945002497,0.826212910561259,2.67145916513981,0.444086540415502
51.4147833126807,1.86011044582869,15.7558139718074,2.70419313477925,5,28.5589442245106,0.804124863149268,6.04304129656272,0.758458734693552
28.855339772744,0.582754711717293,13.4955322620788,0.905063199056926,10,93.7918451380956,1.81444529100064,12.8238213984986,2.12883030596828
32.2504140117985,2.1576591881711,10.6299986085919,2.04844601804636,17,134.741049650294,1.76247868708941,7.159976303485,2.51366806808592
4.75803755064321,0.326231548707841,4.52209231713196,0.528656759539698,10,53.3476868397184,2.927673878129,16.2559255826289,2.75560486370621
69.1423930828203,0.87713390340194,8.74070788601007,0.593093119787202,4,71.6239175596782,0.803568908750938,7.27793784635589,0.551842449729076
56.8834739802792,1.52384622350348,14.3066269379132,1.89261014323262,5,84.4596090535124,0.82421071845908,9.12085595765782,0.681282208306407
16.2576914092455,0.420214805536581,11.791053107206,0.928520786571598,12,5.51058438807338,0.370454806322485,5.39997645699095,0.876395538223472
19.3510260302894,0.524044729885442,4.83296444719607,0.516894678859902,21,186.680469066518,1.82633454979641,15.3334207014253,1.8296053508772
110.927360705729,2.97467596373317,14.6614526376973,1.95218018620513,6,58.7085977806752,2.35387888353153,8.43194719973479,2.91456117328736
52.0742147883799,0.657922637874612,5.65780718633615,0.855902238814241,25,92.0174024570149,0.641944119607541,2.43469622079237,0.331234489254605
24.3086693451759,0.707662595234,2.817786168562,0.418697125617972,28,68.1794931952759,0.740329674122486,4.32630882968488,0.647234537528749
296.520740516415,1.31528714027264,16.8979441940137,2.21695615756734,13,38.6401201428211,0.80103990581827,10.8534182799296,0.763429867990221
28.8012504132038,1.50513766508961,6.51797016263052,2.3053777874802,19,81.3194641873308,1.79971630882345,13.4150456575732,2.60017489918518
43.0888558486115,0.509479852347124,3.07027714453814,0.377259750249936,21,287.997659404517,1.80204118685644,16.1933866107323,2.54760358396225
40.7281991900458,2.68838441377337,9.7356233205905,1.990893016932,26,6.57963242405096,0.304348974719179,8.21058458097259,0.721232778068982
49.8559050459156,2.00708472056364,11.2962792278135,1.11764101701701,28,37.6529373805844,0.729755898015119,7.74491178702122,0.571831829553568
168.837254741043,0.709719188156747,4.14544793112696,0.39397870711193,2,54.5079046985252,1.18570997130882,5.7807378801272,2.74313143131178
4.98776852063571,0.388345986758097,5.74263131141523,0.984608538129705,23,11.9791532065061,0.479150127050538,7.32945413895445,0.923677476071336
24.2087668361695,0.637596316955446,3.84554040366798,0.538984291041457,11,146.10122906949,2.42242538431793,12.430448309809,1.07122986520814
55.0850846996732,2.46560519483108,6.15624006798898,1.79370402351082,22,33.2428141007964,0.578918914380067,13.262240141003,0.809123668054685
30.2287356301559,0.910876281464719,4.2733330879168,0.532097327596065,23,156.241861568268,0.841498373202981,3.28327356162264,0.398817037388715
24.8961401766274,0.597831035893867,10.8499073369752,0.934557025906016,27,24.7501244901553,2.87082899812312,6.08952510413893,1.4716492898924
10.3962508625698,0.399903872046009,4.32761346672406,0.442387155104983,17,8.78794539680749,0.321787375370042,14.4874149072401,0.949154037298855
30.2161933673492,1.59729621003002,5.6877737184347,2.33171068916946,14,44.5133731137322,1.18906504709894,9.33415540130641,1.02841302206833
21.3472164958265,2.55269979626174,6.42705134177105,2.28610062599334,7,58.9363695212887,1.03984865715667,10.8610091286012,2.4958660460023
24.3996696375225,1.25267572384821,8.26371184855016,2.27835646413375,30,42.4831991552543,1.33205325596919,6.6878191634541,1.50102981705193
166.6595989923,1.01469197460325,14.7060585123809,2.15229506071106,12,33.0426146020813,0.927272204753545,2.66318695432329,0.416265100613917
27.040405414126,2.99936943105238,7.27046746704469,2.79944708797886,5,57.1613468096374,0.441004167163051,2.87523836182304,0.357568483230542
14.8866975977579,0.421685470135261,5.3750600411325,0.631820874408086,13,10.9327540174372,0.381344510794876,8.85243965899341,0.872129142546693
111.899902570273,2.81796143435228,8.84576273787575,2.62117735096218,5,11.2646718300679,0.583621098584093,3.46352440124515,0.593405513893216
71.287272820156,0.744690990125661,13.4101731228593,0.841414429302342,16,102.160804099834,0.692678075175891,5.12705550537452,0.597996597990398
80.2355661382038,1.02502616857143,14.9370327401288,2.33515828844026,16,52.5353967914613,1.70895835926369,13.2524397241675,1.14424030603103
26.667079499052,1.614486398948,6.38067863783643,2.14174341836856,30,33.4577739430081,1.57330738522063,7.81556328267229,1.90088111974947
20.0944700054022,1.14070075053508,5.43331583002457,1.09044857040273,2,47.7323806989461,2.25370224397656,7.12194776212592,1.95743559714824
44.4300510645778,1.52927021094491,9.39362832260111,2.56632570534457,17,31.8882821341012,1.37430020949248,9.18454728739614,1.79988692229327
213.385693834628,2.05350551832587,12.7091136873586,1.93492483470969,24,47.8470505559631,0.869761125337729,8.11329864842003,0.590354536726152
5.86851248810621,0.342744136087114,2.43648899257368,0.47131681356046,13,109.35485153148,1.85654544145684,8.86780509263147,1.43276968709741
121.437827155412,1.64031363654597,11.8915377391029,1.31213693376657,23,84.0973303665572,1.00128168451868,11.6167935609423,1.89689962312984
31.0808947985721,0.936534442525039,10.2853104878286,0.966062611360428,7,78.0185522118447,2.41707561859465,15.9621284669747,1.76842280269777
7.81386567694516,0.340606464567336,7.50234823669051,0.585633730466809,19,44.9915618600887,2.52117139177123,14.0171531687704,1.80590502760702
65.4359233070145,0.817500206719249,7.14245556023263,0.73070710435475,6,179.259324442295,2.26919710138844,13.634855425451,2.68479920168843
67.9760518064201,2.42048829126519,12.7499279471285,1.2922713644226,20,42.100577851269,2.12445301981447,12.8883857373873,2.44461668178366
19.9084145898144,0.817412444279833,1.7386759887675,0.407090304121479,2,32.4733422833498,0.761536590736082,6.60516435867752,0.67785576321211
57.1183757323185,1.3620938846604,16.6883880432411,2.52627117303043,21,11.452971801329,0.459083316468003,2.39742354789123,0.400519084036233
79.2603082812218,0.764024996626023,9.57044838642216,0.624674299483363,6,53.2942803080711,2.55410983758436,15.3321272049957,1.06236699838574
47.9792400429439,0.505874362506389,10.5469755729831,0.674284289958737,17,14.9845731624792,0.315072516474173,3.90144555502758,0.381582777361741
40.0518192082734,0.634000298873543,7.42367711026782,0.515166582825324,22,31.5630178890267,1.6913709801717,9.57106270492754,2.29653003104085
16.2147721904523,0.501258856350089,4.48746288066927,0.6131640373012,16,62.5655806199987,2.20565131750904,9.83113458203417,2.32558561519391
15.9134276274765,0.560098265428163,5.75700227730934,0.69392221158958,27,48.4789967125583,0.380463465414053,4.23061125607982,0.445483327781539
46.4040875640385,0.971508753417677,5.28992644832185,0.678482736790602,3,16.1311219489618,0.348788680814029,3.92070705855857,0.410050661865085
22.6635927377206,2.01968733462428,6.74566045133463,1.22001807478216,4,95.5215349795313,2.93406339889712,8.82606387799865,2.4127905906063
23.5012074792547,1.61697564589444,6.32711839658348,2.93543227490231,14,101.10865196498,2.63731001555246,10.9562491076384,1.08398382466656
80.7972770633822,1.8071979889065,14.3124998484074,2.54389213900465,23,29.5258781590418,0.663607821628188,9.75107947262294,0.93641919768515
56.9373094594201,1.8488146594155,6.19800636400034,1.20525462600379,28,130.080207011377,1.46738558765578,13.5256037629709,1.53866612130674
32.1044994227888,0.972122147146734,6.68150924422972,0.591464021562242,2,128.573293894651,1.45694100043299,13.9842780782337,1.15255698070995
37.1070054139111,2.9337836658193,6.56473038013336,2.53924475166138,11,64.6337909285858,2.80618007621539,11.9073064921038,1.34829173640899
14.9316132751466,0.33149354803133,11.0932748872771,0.750572414320543,18,10.2902257846148,0.341382946519538,6.08845050038838,0.965564545063356
47.6176615124058,1.14272351343764,7.33594919212702,1.49111124940299,29,32.1901309093917,0.795944305362889,7.95478608541744,0.709371449466944
31.7683389817665,0.824296107380372,4.95510028350134,0.519004485775707,23,27.4342969373843,0.742895141211795,9.62738756848353,0.935346823571574
8.28953663017216,0.415233974606272,7.19556488824606,0.942279199528784,28,25.7303648860692,0.983731522111437,6.5009400224248,0.89749345333262
28.7183392805144,2.39929584681925,8.13021608530368,1.14330485196485,16,30.6109243736608,0.598650021003529,5.00952764082428,0.761479152527144
104.202170398342,1.96709578058697,15.1925553740821,2.28852154258644,15,121.204059654151,2.59261498870235,13.393872826493,2.1491429938271
28.8893891445487,0.521936355341577,7.95171368026991,0.924950730167338,11,49.3178700733129,1.30205940877138,7.63928924740404,1.06828531883187
90.1948548279558,1.12294190244453,15.8523474485299,2.2252727939427,4,25.9354515460889,0.877847681590226,5.61805914973315,0.782203349261463
52.2350090187299,0.997328579524816,5.39721618052706,0.998924337220074,25,55.3301512099036,1.2381593047919,16.1907327600175,2.37870824143064
30.3120404908637,2.688158247831,7.78822266331556,2.15444473296545,12,128.294780910137,2.23480593677895,14.6368170822298,1.02421701631298
34.4054809169258,2.96724889523757,7.03438491871082,1.88563760126027,1,99.6454629856833,2.95172924903621,13.8967862283752,1.70756637883639
98.9937966414222,1.23572924400325,9.05485703286225,1.59711170674454,16,32.1832735312256,2.50188359835804,8.40063845689847,2.13649937634734
28.1402686066073,0.924018144736581,4.06327647442819,0.460144476331525,10,21.8547943576988,0.381796762605783,10.5173502654962,0.878839096476817
89.6503433451303,2.71587444813536,8.69834827510935,1.84531232171252,12,34.1626149913022,2.03471480714538,7.75657531098167,2.99303333671844
122.223705223217,0.869204400128404,1.51205016422126,0.312656789596558,5,39.2213802307292,2.18969558365808,7.27611362185583,2.57544551167875
74.7540157366204,1.58104893116053,10.6801642109324,2.4326838055432,2,30.2828111173689,0.358870244281645,3.13082250216551,0.460305906475967
47.5326930779054,0.847150668332749,11.4383949707224,0.685912416206711,10,27.1804798358645,1.18836124799036,7.73210429980821,2.58433080725358
26.73650117854,1.37494367799279,8.15578080774436,1.59169536864239,4,14.6934157471555,0.807666840635096,5.03535575443301,0.86485541723099
106.997765097978,2.47005594196551,12.9316726383948,1.78835463641957,8,48.5214585066771,0.57985607738702,13.6470203515711,0.989671850249747
94.6977898004263,1.94707300287452,8.61489029343297,2.96336370178234,19,33.8384529411444,0.949708758567501,6.40868024338865,0.668309388223145
31.8502186490973,0.987193027167139,9.31084862069405,0.809240475445519,24,46.0625920697627,1.55729911759197,10.8707247750288,2.40290547568504
53.8622214411908,1.76705030074468,11.0646451242241,1.41397293885675,30,119.275459643046,0.728653141233607,3.85926031154826,0.440378641301937
75.0872882431846,1.34235984827031,16.0368228312508,2.66851810161231,15,22.2569893608078,1.57525791986726,7.18057190575864,1.59580131895796
39.2187158423513,2.82684068661093,8.65864670290082,2.12935203647267,18,41.0123682456172,1.90661725666302,13.1713123371395,1.47978564328148
33.9628901215724,2.74543819877104,10.4161999390197,2.57040421588545,6,89.8328747369753,0.603321390420019,8.05598932021439,0.620470259034185
61.7617948074012,1.30471607198725,16.4904923603919,2.99509682664563,26,43.286201204358,0.844464241491057,6.33240825340513,0.535750823124079
20.2807770084185,0.827305847640999,3.20253035618284,0.4987351456522,15,21.3811375373289,1.57594511427606,6.36310674257996,1.05337427551868
43.1166109539877,1.12078525865166,13.5517329005526,2.52399704995337,14,22.9416468225781,0.706922776642259,2.32993295552859,0.425374374749852
51.318521380527,0.831556538199441,3.11115137510916,0.463549773899489,29,30.1410947774339,1.95615212880994,7.42841557937222,2.57156763684517
35.8656735659242,0.406702162587514,9.29253550964695,0.679173614202687,12,26.4133292456714,0.627142461118375,3.93983544097658,0.487258808256196
78.8486143927416,2.10782924757132,13.5394924880234,2.91207696116787,11,123.582929141105,2.59316988498504,12.7058776377451,1.48425296570444
11.8240216742134,0.412413177053761,6.6222334634383,0.814501401453856,21,26.4434510106773,0.670058061419741,3.27463407681248,0.474178188937107
204.365711817619,2.3055457706406,11.8059666179509,1.50012519562166,23,9.14673371971644,0.378207623134298,7.06284601654343,0.937702615498338
28.0997555572756,2.24565453654299,5.84841984826354,1.12323947800764,27,129.499641729908,1.30974186457983,9.55758804245193,1.25910706978953
24.8984749447825,0.750020836088705,6.03140642701934,0.663409766787179,26,11.8832896019999,0.560520470807227,5.22877385192037,0.708025229353165
10.6590912446983,0.336165274678891,7.84277392116297,0.656509664392846,6,30.9676495544045,2.24119537263097,7.80222552720506,1.91537172952182
179.597461770531,1.64919468425543,14.6817635988557,1.73706099715112,22,65.711769014597,1.21066200546081,14.7439586576827,1.50015795592865
159.122928901177,0.623049982245616,1.36270250526388,0.301510326950038,11,50.2158351581529,2.93025210727107,10.0957746146599,2.61360052260191
45.114778273214,2.05338352016347,13.3504930467315,1.45082372712177,2,40.6328622355125,1.59942572808699,7.89050136291312,2.7746697067453
64.9070301875441,2.6186104711283,9.69954277808946,1.33446586665734,9,118.277471483537,1.46497909571817,15.6940810968711,2.03849156205235
83.9744008465554,0.846244943489969,6.03736743387922,0.495519052193846,3,44.4750236380774,0.397490718111957,10.8041616557498,0.837432149991193
38.1037408941758,0.828688706165042,5.71620503462059,0.504257675698826,16,65.5798276358673,1.5078748243311,15.2712777570993,1.10360396012651
11.7297047659444,0.34514335352859,4.37872344592351,0.534806647986967,10,54.2100174865273,0.839509839704303,7.68822139895822,0.599611080244467
44.8395851238406,1.21449958363775,12.097355833648,2.48116951850799,30,159.787967761129,2.23538663500312,9.51040599083245,1.55929867841602
180.726086891802,2.52891501587685,14.8693544766945,2.27176506067951,5,138.214187909196,0.544681290038018,11.8093607330527,0.781960521823186
78.2856560447102,0.453172739210307,1.79307844754567,0.330867038607372,19,25.8193606462813,0.679942756313244,9.70277769661568,0.883785034504775
22.4906084334625,0.916374261585307,4.94865778191422,0.798407645208439,30,184.967064663382,1.15724101336675,15.2219455983499,1.99506439904034
23.4089837153458,0.607441986615944,5.90845290986371,0.959296782793325,3,59.7827691081598,0.765117283974708,2.49137585936641,0.356128398191164
43.8222503008522,0.48140139266086,0.618512141117075,0.306925120864715,6,46.6358935376829,1.23956143362666,10.9032145435708,2.92080559455448
38.81547686748,0.988447904315694,4.59938423453434,0.489825031793496,26,126.195074548891,1.48539002084607,16.6644174793455,2.74363854596869
100.273413841196,1.98836816804608,10.2875670605978,2.35350196930518,14,35.8543565357138,0.793388944069134,8.5290177807671,0.965348441155029
70.5810102875471,0.636832962092198,3.40516988697725,0.587406993947154,22,62.2178960629974,1.18123439507193,15.1399140437617,2.64638734725327
150.50976789414,2.94723552837164,8.71333417273536,2.7817707044319,27,89.3368570768239,0.868478194781485,8.79206046829468,0.888848321849005
16.5570047050825,0.592767817207238,1.34823447109407,0.349676536266569,17,32.0985008206044,2.2070859624466,10.6019315353837,1.9829354926174
41.4256812553242,1.14075131355129,11.9134015665883,1.18942763757769,12,60.5897422179028,0.660743343751361,4.57722324586861,0.52236115596483
123.256384001054,0.780913621741461,3.08326055609365,0.407101990895283,9,35.5316381994895,0.509696829553317,7.65279133092726,0.602701271494448
37.5814504796816,2.24926723196667,11.0225402775141,2.02792284947053,14,52.2931944590457,1.65159812284853,10.0583560413769,1.92786673036988
81.2567374144714,0.432278135993573,13.1383860533812,0.98052746060158,16,201.891500570931,2.08669674535169,15.5171174237225,2.42492141532972
24.0384433325395,0.337886881592028,12.7135569894737,0.816846081197636,18,155.270197330225,1.19134572608352,12.8233207435164,1.67415278414402
115.381758957147,1.64501432801501,13.3126339388446,2.12585462641663,26,57.5567645051061,1.1463936967654,8.7861748405444,2.98328402332626
50.370324216221,1.16379146734475,14.2068870035491,1.47389437842571,18,60.1235810387394,0.871734246488328,7.93654132490923,0.73689856299177
54.0005261273402,1.26889125430482,12.8343446175992,1.93115007677793,23,133.949161257569,2.79490920098905,9.04752960231895,2.97791535031439
157.455586641012,2.44835137686178,11.3651194616769,1.50550669975329,4,41.3765380374495,1.953061219901,10.2350683076378,2.41049080455531
29.115883657858,0.649184186660966,6.7278213594554,0.508770936022084,8,133.907954021613,0.838975119549593,8.69812320693728,0.596961044550658
38.5153842112576,0.988171841135408,3.49328665166801,0.429563302748029,21,38.2211394428598,1.20147155067264,13.0647720498763,2.18877150715732
33.6951648411365,1.63179264506277,6.70377962039733,2.36059038826879,11,28.2694607996344,0.512513447230288,8.94670135320556,0.60950092585004
49.3215722495798,0.823048012366712,4.89743762007149,0.667544372278864,4,146.395924375968,2.6767474869988,12.8255604617626,2.65490613618959
59.4297967402721,1.12610529264103,12.6688372551174,1.16248026527794,22,13.015292609433,0.594349372260577,3.37508980381751,0.520549228162613
4.12119763527467,0.336444949744634,2.35770392886556,0.405270708118376,12,56.2205495992175,2.29874421975594,13.350041142978,2.06031479895386
88.1686205429772,1.95187676059229,5.7799411738921,2.81481536684891,10,35.9686789197367,0.851648868236199,4.40707802502823,0.582811242618632
24.679601180117,0.562094233541287,3.91123295906978,0.581096213066426,26,10.8853815303327,0.313216635153452,8.81705659643418,0.817467888579253
34.951173272687,0.803951265531314,1.73027006726004,0.34033013259091,7,65.3285744026155,2.83481962071223,14.3994743613263,2.36647786983395
47.3329835237403,1.58893111503107,14.866187892496,2.0458409289337,1,108.74499646315,1.84220404825945,9.20206369069409,1.35787645105741
43.5508204359941,0.782941977738753,2.88970232908451,0.392328496192386,15,53.1145474882791,2.08685767456657,7.34207011531736,2.00960377839508
42.3080674555819,1.81230576440488,9.13502214009569,2.51707701419024,1,77.2017827590487,2.36640173510449,7.1924780637294,2.30396221310748
54.511653517885,0.997381285904762,13.5737173604871,0.974236636192653,12,9.98971200503681,0.33679864187707,7.93556119795764,0.728315549034796
287.020031665973,1.50972541375691,16.8108040754072,1.78467160549354,2,142.554138191169,1.0098216270052,12.3329400747782,2.80519374445492
24.9252873342471,0.997698125934144,7.63442471438919,0.951123520458177,17,81.3687356339882,2.97903119060398,12.7136367528186,1.17766145524487
5.46248052332429,0.307343186777363,3.06373080812229,0.409681665408341,14,54.6688356099894,0.604744071208157,11.8414523017734,0.719732257833268
33.2433421112197,2.70962618370368,8.90915911458625,1.64825749960104,7,121.968235240599,2.30476592234118,14.4050193076283,2.81385030188618
44.8684500862473,1.52494147323443,12.8076322491588,1.16299368328939,4,47.2093523122423,0.697903303508145,10.1458933252734,0.65668285341189
51.6531947986537,1.09303823227186,9.67730634043345,2.77373925712176,11,171.398365467702,1.92172223818243,9.03982419790865,1.66465964065244
159.5696172525,2.10140233699759,13.5390211048894,1.27501291300909,30,78.4056197678263,0.656746834649039,5.30302295117963,0.758479826487479
27.7868603828379,0.474275293179769,5.49230079904376,0.93650053955341,27,23.5192987920431,0.537479173716682,1.30063904006402,0.310300316817548
43.3911251957028,1.85834642068035,7.14795357508264,2.46717717251066,12,68.7423077801796,0.896471711400209,1.41862981599015,0.360019177115797
161.635616003367,1.72467932861146,16.0223891728508,1.50952615647287,25,55.1506502880506,2.49807321927233,13.0771860471939,2.94181826235011
51.521320259333,0.751866009123837,5.49222451741841,0.487868210155603,13,75.5378588429149,0.795944007922904,4.08882766247344,0.463883381248924
91.8284923752055,1.18201531862593,12.648397142948,1.5391573055693,20,62.1398681884338,0.501359595486081,14.0417619448221,0.977879817616701
108.698184863182,2.91063648618482,13.9362717719627,1.19618795165821,27,31.4083258491583,0.917333653149411,2.38723034753975,0.373957741069412
38.8575657906436,0.48031422988592,8.39706967735379,0.536063565668626,1,13.8086681748397,0.646750552120107,4.53946480223585,0.738414305960801
26.632373207879,2.10766994976598,7.6070904870304,1.71808915669234,17,48.3762208851535,1.47110193448937,15.7559569391323,2.71116315606023
9.89909979776806,0.350149217738684,12.2991994786504,0.800711245635888,4,32.8925177516246,0.539197966216722,9.49112090673171,0.580646857190812
18.0254866368426,1.9996695963315,5.38654203823601,1.11080905256133,6,54.1426578830908,0.638989307616731,2.12620143716121,0.416480149263379
34.44273366166,0.888115569429457,9.71773803854589,0.801251392394054,7,41.2948282887474,2.58474360013034,11.5948375847016,2.78987549680713
104.303357429553,1.96704941280936,7.20418404510383,2.14011140803576,3,160.616777220293,2.15054259866946,10.3713438439637,1.77187407597152
9.82003776132764,0.33658961637884,8.04970807371861,0.729579027607308,6,58.5103700517853,0.98299269579665,6.42474074111418,0.530150161981287
29.8715535763772,2.47685970498422,8.02381700631612,2.28653541096391,19,28.6007115267293,0.323057824850551,9.06472338809331,0.593237173040092
95.3294626352572,0.549062118982552,5.01722752972478,0.418368234972393,28,67.232850141327,1.90067747985981,16.1633854446213,2.52925852807775
79.0443750789535,2.10648384083762,5.68953978617053,2.33715497261648,17,39.9696509771093,0.56247336062469,6.17610027805282,0.545231782612961
116.260033498274,1.83619745948178,15.301333584922,1.13810243575068,16,26.5799835205929,0.948605618795882,2.78188002227165,0.41980533710588
47.5452418579948,1.05419977747735,9.64800345138957,1.22721495389179,13,12.4472352288165,0.424071589472498,4.84171804828031,0.923436539799145
11.5326972311867,0.420355738000262,2.33183289512481,0.401048350991937,27,25.9408067092271,0.599166618622077,3.59427918052118,0.44857058980919
198.85994437084,2.36520284282061,14.8346870207508,1.7036516945774,18,56.5458866240497,2.65383364710781,16.7540390258791,2.25664249483457
50.5590930221127,2.71691670770036,11.6115889676609,1.16749323601387,22,33.0866048299776,2.28496412897922,8.24623117125072,1.47146544653396
37.7556650944848,2.41780830048688,11.7496497383181,1.52334771412766,4,41.5603378774237,2.98720767495654,9.92731367432587,1.39466947053146
110.445369980653,0.983523495379414,0.808424342624681,0.308516370427496,22,100.554732697035,1.66468129683423,10.7291389729373,2.41900404969159
67.7375315815691,0.395322185867876,2.07064602442294,0.332905457639719,18,48.8844031622577,2.6884095004663,12.7995953000942,2.6706671706402
23.9703682233238,2.28210749930836,6.85341063841615,1.07390733532033,8,27.4838884036113,0.702280507773231,6.62735773034685,0.902179781487139
79.4885016343508,2.68474484731033,14.4224077461785,2.17702763816214,19,56.7031263817626,0.950705475295635,3.06919145402747,0.412908702139548
28.5245721280423,2.21837787070102,5.68652903795832,1.1425115572423,15,21.7555668949336,2.09444949839365,5.87538338368131,2.92852775140354
43.2879459004418,0.885998748486129,4.09598378119759,0.387730254591876,2,57.4035000802623,2.64392453374899,9.92276412708597,1.91227145064329
54.2356437592817,1.16422712552451,12.1034037814034,1.37487275962977,30,37.4117712825707,0.895254636316673,5.98163054918736,0.650701220631268
42.4922196249609,1.10724359524776,8.65835033512885,2.99753986686584,12,229.941080302439,0.844266681811745,6.74444620998699,0.492302575077465
25.9431581471009,0.354203254464495,11.0959968314309,0.754560384471414,21,60.4379068667035,1.30135627192989,15.8091643673969,2.4934111909924
70.3844935369047,1.53051419306167,7.27087893415263,2.91577327704914,3,33.1525397735664,2.0949784390492,5.87926766491333,2.73721379242065
54.2626782609577,0.728496755543987,6.59267351984781,0.66269951950826,19,222.758238811173,1.11238851305009,16.1834435938419,2.53144621693924
63.7983804786348,0.909110204092796,5.17251105552332,0.822049559610302,27,118.06734338191,1.98915850688374,14.1518602433764,2.51133793959433
70.7138675146576,2.51809853303444,15.1883338054862,2.71533143339327,7,35.1767629775699,0.898580643643401,3.75563891882147,0.405527865598628
80.4343843891114,1.21559964458994,9.32712682498455,1.1726827395093,14,20.3286835858656,0.436611991306463,1.84765545147731,0.408366826652474
23.0308299835039,2.99202837648789,5.71389455224471,1.34495346624018,9,112.692953428649,1.25576564603616,10.7094713969257,1.83403340424739
58.7734592050526,0.800482478463607,6.46143362560972,0.592314768732532,27,51.4019947475876,0.610480924421797,14.407446354105,0.960204685721406
46.9344101346928,0.868494208947575,10.3596199697463,0.658417085267212,27,82.6942214138718,0.744074523783295,1.72026908920065,0.331818755597093
26.3866644318369,2.80718490960377,6.50461492172207,2.6853640475496,29,89.6491889164509,2.24073534278846,11.6569237436581,1.32532859761092
35.2849994398885,1.01158882595652,6.49249657597861,1.8263964712785,26,102.404125747598,2.88190095900079,11.6622010185531,1.9724335259051
5.70825402713588,0.302582869179116,5.54560229931113,0.594623675532834,16,48.3927216373755,1.90063968530487,14.6193342710833,1.64249625543365
69.9357655855311,2.92906000484016,9.4885191946421,2.03982822115503,6,29.3484374148438,2.77931479073963,9.49088871073851,2.19648895279553
57.0268999714249,0.610789634265405,5.46234583804644,0.4905433695484,28,59.5955995534486,2.36950585494493,13.8280411379661,2.09890310995061
225.836689270068,2.10355892919583,13.2311329673275,2.83879944628204,25,29.7922879529166,1.71358606925997,9.13755139460969,1.12783873387841
63.0177940531344,0.885401165808548,2.3767843522466,0.374059547999787,9,47.8594111803543,2.71828508873323,9.85751182164454,2.52935345103697
32.042067577111,0.969599287532061,9.24638915484334,0.828803384848546,8,42.7399743757991,1.13656893943333,6.91347566791646,1.25315411219332
17.882191887425,0.996595512650226,4.47297443306557,0.716608325878649,25,3.54261104432356,0.301583041944976,6.13433578912408,0.648167900266159
43.9245950629952,0.996036361441616,11.0676000182938,0.755590372316214,28,80.7330974739287,0.630164633363387,9.52899005728895,0.586219715672679
22.7180947270284,0.859212438993453,1.15162024328442,0.332677434406162,19,111.958032111474,0.745139058875626,8.57954669680658,0.7181413943717
37.453506653004,2.5483389531079,8.10120234423527,2.95224226239029,22,62.6911539271046,0.903831312911524,12.2121960570669,0.807371550697632
91.0999479072012,1.49811661431673,11.0254517623166,1.97951705908052,7,86.005168276577,0.571550994244113,14.5766646850686,0.970230758320854
55.6913680663843,2.01335262548411,14.2845129634772,2.90455096987316,6,37.1377454876668,0.65150892374395,6.58743509651339,0.472666528020559
24.4339153531876,0.777155125129511,4.37854278352842,0.728974575710892,8,57.8851105197585,2.22795731332023,14.3000203972125,2.64340985095341
127.206462630643,0.610786615442715,8.48607504007019,0.723121523565017,25,34.400992941889,2.55768943224671,8.9759240938916,1.54698110727276
49.0563267276709,2.95625664155404,13.2798306757553,2.94747471213713,4,111.238791504188,1.13665596133839,12.6009927214297,2.01946567002288
47.1344596340213,0.72268384190729,6.94245365173218,0.981719272817883,16,41.4747879595559,0.86470643474383,7.97320148072906,0.554740394737197
22.3188756588593,0.608308581428398,2.33934952653813,0.423120999219941,23,54.2423168713621,1.68617206139246,15.5199934495253,1.27964084545574
24.8121588560337,0.480980871761516,6.54432585041714,0.877209907598672,27,261.029058038199,2.30601209703429,15.4287757515249,1.67860300226717
40.3223243337545,0.958348711695521,12.7632025057402,0.96755227833262,3,31.1850313998867,0.858357334689046,8.25995395331122,0.654962209730422
41.0116541713912,2.36820241186986,10.6927813495044,1.66028207406932,1,271.36887854718,0.9388676174991,13.09346513029,0.796982654931482
40.8342802152895,0.686209062949229,12.7680530633576,0.800299087941085,3,78.0813396557373,0.903108798100352,4.61882787005142,0.50658138547312
158.402617899343,2.0004586416837,15.1716071736218,1.27189972521125,17,117.2506867338,1.34457036449502,8.51346161116211,1.76571614437739
56.8871531172462,2.55815936208933,13.1135073225333,1.26813703434012,16,61.5137191179246,1.47335772258388,16.563804845973,2.69558401890235
70.5504659934186,2.76333166858489,16.4147673395996,2.91913077115471,9,64.4766902162514,2.21606020894344,10.4295525932375,2.66738715445919
29.2136448048237,0.555483224973346,13.5184100744726,0.861765984640603,11,15.7806766333631,0.565628816912521,2.32888273982127,0.420670811705425
18.4131032751469,0.380218602255521,1.96678642775278,0.362418138908372,29,38.5759129465222,2.9619984649976,12.6769950874598,2.24183470942617
5.39683804212978,0.366380154892144,5.70061167977151,0.722344724334826,23,35.9329696401694,1.80252006321882,9.62284201679012,1.61123891955082
42.7223398991719,2.42468091682656,6.88853814238203,2.16264960060507,11,64.009308558371,2.17265866823808,9.55310357583814,2.43971269697855
137.860770609659,1.34359327594623,7.82102744647242,1.04587198198866,13,62.9578522820843,0.629199464753645,8.12590979390456,0.67000835624622
47.5486525336966,1.66588416253238,8.46314876039022,1.49042877346826,30,46.0742865855621,1.32439545070812,9.53567939614063,1.22959124419521
98.1437773329677,1.02538508147701,14.0096568000049,2.71833174416891,19,20.4679675618183,0.546277991354845,4.84874895904334,0.465907173402831
73.9004584878776,2.4153630354359,9.12441195450715,1.73837592000755,29,45.754614883743,1.18192080271902,14.9269749560535,2.16162212381865
29.8912413020449,0.429575935650134,6.2763023343065,0.991258555560035,1,18.2660242796116,2.09767410069417,5.69764181722288,1.28939222300065
77.4979810638468,1.6629151960132,5.92313646940272,1.18270471367824,16,33.6072055264359,1.35210224724326,10.020364184763,1.58906885169563
22.5911863911411,0.743030671957824,4.09605691322602,0.509965982970201,3,110.919498405449,0.968232196511882,11.6442893275579,0.894173803235577
41.1850687909194,1.37196418014084,6.09288089337274,1.62572694353849,27,117.539233996133,2.53813635172116,14.9365289652797,1.18515631847724
3.82441977945525,0.340532085400506,5.68836456053629,0.980020173928069,6,21.6757157610554,0.715838167737222,5.27643707354291,0.572106762269904
155.915752963647,2.65109583329266,9.40914559648332,2.32631036601342,19,28.2773910757923,0.831978986535279,3.39774222405152,0.45722361778336
42.8737893291337,0.484047853424436,2.63358198280762,0.362706980562258,11,28.3364405315042,0.526994465946008,8.87340008868484,0.984126934839189
27.4276734328521,0.398386036667062,3.92273987539277,0.656844114866446,3,21.2754631646845,1.21380585292669,6.5207627278235,2.81148716350873
21.3269629153991,0.405111031750064,12.379266099936,0.915940199363671,13,51.7697676097382,1.36209010354016,10.9661926610514,1.33519990941474
55.3552116895335,1.86630727581815,10.4938872637683,1.76807584454138,23,61.1713658593987,2.35903344326009,12.7849012906262,1.60344741569048
57.3388896405666,0.730754742766198,4.56159737072964,0.422284643250682,25,64.6461444206588,2.89030708283896,15.4448124422376,2.05833932798178
70.2336215162024,1.0839320985883,11.6492874925759,1.98242180817589,4,63.5249700333402,0.691743940203968,7.5844312932683,0.529940246797949
49.4567031412651,2.20139141089901,15.1416907939062,2.64783220026294,19,89.5175468569052,2.45424046803619,16.5678304711028,2.28975379797107
82.9188094876046,2.94294497517051,5.96881385297513,2.15835949579308,19,74.04197856254,2.4506727360999,12.281645285951,2.59218991647758
167.423501499763,0.835784689224579,9.88542454235693,0.896307538838777,20,59.4775150400737,0.940971678995147,8.67203373447064,0.57733079508015
57.2360626115357,0.585980443687205,10.9421049206928,0.722192482382141,12,6.61614147308745,0.31731474819286,4.37285693673158,0.624622938985878
33.0731423776158,1.53771716095514,5.64276190051108,2.77666807742635,26,23.6532449305602,0.509002566134815,5.65834709113489,0.589444015470572
112.125536157125,0.698172854669865,1.69867442975331,0.34286010622343,15,52.1411161270771,2.59098061547411,15.9918924029821,1.36729922575045
79.797226309149,1.94061946101562,8.10579056650506,2.9168058727454,23,99.072745089779,1.85072399678904,14.3431334966016,2.72750705103848
68.5832011441469,1.16492921966751,16.320571971748,2.55152124591834,5,16.5554513009814,0.417955749188647,9.09820663209304,0.940915386647927
42.4601764415112,2.2389959464613,12.5751525866464,1.58080452130565,22,99.3772066049638,0.927005836787146,6.90706776893423,0.876046662956356
33.843206938302,1.71636587927689,7.19780978595464,1.2565926822573,12,67.4066587373005,0.948727727263803,3.86887406189267,0.497072713036539
36.7436029279541,0.786188935164104,4.84591503543199,0.474577987427697,24,66.9301879015768,1.27549601359498,14.7124268864102,2.40062233169673
63.1493894010612,2.73231318168269,14.7393140323473,2.00759801593708,10,68.3851310065145,1.89308588732646,6.05110809671832,1.39212162903186
42.9710994194933,0.898446140970636,7.83739305865471,0.651938039942994,30,13.5435998740567,0.351231760530943,1.3026891721005,0.318207138384261
35.0520357285158,2.31525501042739,6.03710841531166,1.11586453710913,26,38.2247370760816,1.59404042844007,6.98466306591261,1.13583186430738
37.7455865165016,0.40608583010206,5.51399821878134,0.640054285923567,7,66.0308117060545,2.03858937790384,8.52718375395696,1.48280000935826
25.2961906332712,0.657319491192927,6.41956737757374,0.767293280080162,11,23.2686979966466,0.442461749496883,10.5988514927941,0.786598175016013
68.6556918027021,0.483504749155043,1.97716858492737,0.377544933200308,4,31.6879594245439,0.430366938891064,0.952875607801609,0.328082860064323
18.1882846881923,0.411230408706056,11.7537490409865,0.886768680525795,29,47.8425119578129,0.63122430573853,3.22581847046082,0.381007547710081
114.096822998568,2.96697038511712,14.6000251399026,1.33055472142697,12,48.3993474067648,0.769178845405431,6.61129910637553,0.62286539435175
40.9708899484986,0.621827426985287,7.97655363737483,0.688608755076808,3,58.918516119537,2.99488838788729,8.40331240981509,1.7925351621995
17.6412026047434,0.86567979961071,4.3521389184291,0.714844684260404,7,56.0739854463974,1.97807086833489,6.97220500754207,1.84604326750065
16.4970658461259,0.494168311727196,6.6791670920159,0.610213878665347,5,30.4778799927579,0.455560438521242,5.05583567369013,0.627085604084553
72.0241221730972,0.640905231842648,10.4006236222933,0.820287601108892,7,30.4709406788193,0.647810915024652,12.2600054095778,0.990502230950628
64.5010180311407,2.28344604024658,10.2618618721427,2.71165867111133,16,38.0896985434296,0.350720407273742,9.17590844647965,0.626342681984786
63.7316051013719,1.43057645270696,14.648165774875,1.00536300476236,3,37.6687593882528,0.529989976333,3.14360231882275,0.386510979120258
42.5151105937017,1.62536916061978,9.88144110516803,1.41939767025015,4,19.5285657405542,0.411937955776586,9.88410057367321,0.980322620191547
48.482887060369,2.98151504401826,12.353021426123,1.05431739313503,21,35.8628479918639,0.797876685195978,7.26481134521999,0.604290096662528
125.031058804979,1.32310932217758,9.54424795771252,1.53229765552662,23,102.57726979194,1.83955679485199,14.7087520041506,1.07394653502732
69.5324456922569,0.508484434650462,4.75408123337932,0.441334469951819,24,58.9898605849783,1.15351406152156,12.1666137764771,1.38243001087761
119.347527956539,2.45921763115009,7.62230266092505,2.47992940335643,28,43.9349734971799,2.29357507924775,6.32002469349602,1.67639727190674
138.302399391345,0.858740926099202,4.47976981273486,0.473436219677479,30,10.56261645969,0.428581804426101,4.7465424736664,0.616502753190038
146.270380411012,0.793502489280694,12.8089783894743,0.926144411054717,21,27.5042411731826,1.02021570266416,8.20929266956085,2.29688532347704
36.2333243372693,1.09021834297003,11.310425766928,1.11726562609075,9,90.8479684380826,0.960829273595486,13.8743587759666,0.984352905234963
23.925291265951,0.757241286835083,5.98687772320041,0.777850719603684,20,65.0733280742356,0.85171841956845,9.97056647110524,0.693346397454775
18.4908606071365,1.69459834689587,5.39652668539594,1.16849699296919,29,88.3228964976305,2.39902589812547,11.6070128091775,2.6700614055806
46.9411303483666,2.73184163497734,10.0426406588419,2.29683938961024,17,7.0960979821033,0.394020639762792,4.0182744042875,0.50339505955892
63.894320558023,2.48246972809226,11.2329436817654,2.72112636900987,2,37.4724370011815,1.74241783421299,6.24091061885395,1.33833714764152
67.7782707621974,1.85678002259957,10.6146253737744,1.94812528300859,20,45.5015380979403,0.691079600016254,2.36912698119851,0.37360681042761
100.860279733248,0.519753663071934,10.8692102157851,0.788496851043592,18,50.2218616168762,0.454265897787327,9.73187614672877,0.645708561633289
122.03510210442,0.842068301330243,8.67113925328477,0.552661358267797,16,127.896320660804,0.701192536313214,1.9819430088835,0.354737495466749
40.745296630074,2.47355653447231,5.59079222781833,1.13555606887692,7,168.089628967881,1.68634674687215,11.4037166312582,1.52754402487915
52.9832609964644,1.79315550365739,7.75960600538077,2.95410489366119,16,50.6602621091954,0.824880104804916,7.99592555153684,0.616189762207881
10.5260453201195,0.398676989447852,7.50442726032807,0.616965525734046,29,22.6199960614446,0.4431994846873,1.87491567524816,0.337033168513467
151.982201626635,0.699764409806235,8.71208224917081,0.59344201091203,11,110.372464548987,1.41676356536215,13.8458503283907,2.66973214409867
86.5244798660815,2.79750341773756,9.87014045272844,1.0426922329298,26,36.1846636997507,1.22500276359208,10.4684271721545,2.82198989733921
47.9861159091574,0.445718395985333,9.52406537674966,0.684372269769093,8,46.5008063095463,0.59569519311862,1.80834473162699,0.380359926093389
48.9432496359775,2.76836549136708,11.6149269486339,2.29075721311499,22,28.5802852828628,2.75242391157366,8.10512537113364,2.05804163275448
13.7691489319888,0.464235921189815,7.3604958491524,0.651955137591482,18,12.2921097320052,0.548991969671088,5.70085053729774,0.906378733108889
210.281813955512,2.03739060439963,14.6333568124545,2.29841110144866,17,218.405313325505,1.56549737291536,11.9393276686234,1.98852859146721
63.2909463784264,2.23159521876605,8.55012316543824,1.72650741621876,3,130.619979609712,2.02842167400124,8.11361365614201,2.35981239919977
92.7438229147999,1.95068229636482,16.2054394387091,2.26780071485057,11,90.4390143325748,2.68756670956622,14.6473177322206,2.03253006027639
51.1167456506446,0.857916737929473,9.94411856070065,0.642675928627634,9,63.5248079512534,2.26223189314405,9.21892923587959,1.1641019298393
32.3615504426803,0.607583275257646,3.71761866827164,0.464268517315804,4,81.4969366793239,1.88052730823553,8.29219752640768,1.73663679395039
42.8143527488198,0.835658683877437,4.92109007817981,0.415618468021869,4,173.887471969812,0.978323119876349,7.73948346382339,0.672353076274526
24.1640839451406,0.316429951701382,8.27955220154505,0.579160004271734,29,54.4872109570549,1.09445753474793,10.7141279029967,2.67536985575259
25.1450666502648,0.332444822517741,8.43732460129978,0.815039584317374,6,88.8979004327167,2.86784104689795,14.192518670055,2.70578036334407
119.29843601455,2.08452902420811,8.07495527044177,1.64263960691945,30,62.8738692438199,2.99846666521419,6.40141650494977,1.10704932468
41.8895601344124,1.88611021952998,11.0138160933802,2.02143507640562,8,45.8404550263104,1.16063000490928,13.6899517007789,2.92148364450874
96.546229741129,1.55831110277124,11.4496427503609,1.36219895837516,28,28.1765689910243,2.10358084238129,7.90080676155228,1.03515649671802
28.3981681098512,1.50087679032033,7.09482937241133,2.61723786608931,17,40.7643023948448,2.8758440954994,8.6140907609804,1.52874330665048
159.913757924481,0.812597892756437,12.4429998666097,0.766166240417747,22,188.088872577608,2.13457825604655,11.4574068079829,2.22272080415413
113.933201796168,0.939052381700605,4.65628389023247,0.661322066651049,14,224.021843033973,0.90567076082788,11.7301130694931,0.717094708724296
63.8296572842406,2.96026206574062,6.79242282694263,1.5295993460836,14,7.55983462475953,0.314349974192733,0.873585531674134,0.33001576041879
59.3968126515088,2.3924477432861,16.0277962045117,2.57479903481421,17,9.79348267390184,0.383705493948524,6.24295954775994,0.521243954785035
48.7738097888809,0.561181716219558,9.77664633925285,0.881530236036988,13,31.7833417355046,1.08307513315142,6.07561015410323,1.90077030739162
50.6578314036253,2.1372688213239,13.3867942879892,2.78902467964293,4,93.5265921563711,1.99410002517628,10.7498999959503,1.69683550072122
70.5689272253502,2.71675823993356,9.7947654526015,1.88489148304459,12,16.3296970710484,0.368872800626661,5.14505998587956,0.875358159232731
37.8496735085853,0.3974064435136,3.64511351831432,0.378067871565518,23,101.114512285799,2.94544468571058,7.39773286046387,2.24240150796256
46.744529301111,0.800133632062764,5.34403107437461,0.459312055973739,5,42.6613002293262,2.35109053329795,5.74780447306412,2.67270469831947
38.7708278063093,1.24188396937677,6.07425107374766,1.85515624620725,3,50.2957624758471,1.0065767707317,12.9199646825047,1.53773273974959
78.3953405243422,0.764621197166946,6.84165324473452,0.648977951045154,24,29.5855393861083,2.67448982693566,7.67335937521096,1.61187176279667
75.5542115984936,2.5488121103364,13.8095061196691,1.64650120748485,6,44.0659618124165,1.07992837761771,10.0732125436108,2.53571912469886
30.0009857116185,0.630504395847842,1.89452269021134,0.419263721515911,2,117.145368953025,0.508232403349652,10.878535904308,0.689721145406649
31.6020045426278,2.74306637589325,9.50435783179694,2.31572185298341,16,38.0882853040285,0.650160969875122,7.62617489427992,0.699517372595687
118.629283369222,1.7816010205745,16.2866269712307,2.74895645481295,2,191.825149603932,2.95881473338886,10.2222142033681,1.12625768563671
159.749128102785,2.48269922010737,9.04350193795662,2.7433027332275,12,70.556423201487,0.510179703209756,2.42567539180446,0.344403439947531
32.8723332496356,0.822967481252471,4.88806532377,0.714970370746033,8,72.333883818846,2.74144166233571,13.7980727368424,2.94117691350338
105.313686363724,2.26361487525963,6.88792828186382,2.96076469516449,26,43.1078487587093,1.43213039804455,9.29517352182267,1.34819220571839
55.9838432042444,1.80147663361219,13.7184042160631,2.68395343054763,17,24.5530082598667,0.379451810983428,5.58085251033531,0.516624602185869
58.6154605889021,2.68674104988759,8.86187701875965,2.13618941269641,8,34.9706894433693,0.635543610026428,10.1109725890739,0.651296449255569
79.082953554181,0.731340758974585,6.31341240139732,0.481519721259031,2,27.3219416938706,0.976191256933587,7.4056322364853,0.841978364264734
30.9535714922384,0.810937709393345,3.09728189913927,0.426056010343209,5,40.8680556108029,0.489358329030093,8.9012081552027,0.743728749724436
123.562069370377,2.38450168000511,13.0750573435771,2.29885288929932,29,44.9364747737867,1.02195304919719,14.8165432760569,1.30421422259467
44.0678369510556,1.28547598613307,14.1951176289411,2.423769507872,25,41.9214026000307,1.53890243642932,10.4028528429303,1.01786516398786
48.3890975406794,2.47625974615712,10.2421146006671,1.01998974585508,3,61.6284778205324,0.881164852564186,5.80295759937599,0.515145780223453
51.5030852119895,0.968421281556823,4.67511985304965,0.440065520219433,21,18.0493973977511,0.495138255175765,1.24806649195322,0.341163240036698
124.469610344286,2.75903439414914,8.09062249652268,1.16106457295326,9,37.2161177996528,0.539979612726508,7.03341868373441,0.518129607027064
20.0481080144421,0.514210937283473,3.3242336005259,0.514036008323315,23,66.3539988107039,0.558427328676093,10.4938748535848,0.912725583638111
30.002044964882,2.19234665162365,6.86526985649618,1.39810444970475,17,103.026251144561,2.02688129051165,7.04115808610351,2.78829694566919
128.954588528804,2.93122275644697,12.9813401260359,1.2074150998477,17,78.3552550343239,1.90525190695838,8.22657623501758,1.90751079397458
20.7926628398601,0.496587679284261,4.19025517249931,0.495153282774341,25,25.6164476906314,2.74157368693707,6.21227147295033,1.95018295889013
10.8607523809547,0.567971347204453,3.73563329295946,0.608017115763999,11,24.457119673629,2.8062214204962,7.75007240014542,2.52815427537409
29.0758295215927,2.56314325304585,7.0676785974614,1.59174691975924,11,17.9131894700675,0.475386944017338,11.4090066541829,0.783447793791409
21.84154794217,0.584910307667853,0.757342113897378,0.317654248865014,23,38.4868894132021,1.54209450008182,10.6425449173858,2.6973577577817
111.984685896111,1.17888421406831,15.0863192790116,1.20041396757137,26,25.0507505664984,0.895114048152507,4.36751681539976,0.517529679185286
42.9094300475403,0.828136384120811,5.12212104063348,0.620946598192591,27,17.4412874958439,0.492412497631376,9.44889764163262,0.936285644502831
22.1619864780766,1.45701587706575,6.80088350411612,2.51895792342815,12,41.5367558121044,0.835068362849432,10.6166003695132,0.879777553879779
58.0024774691733,0.66584347880495,4.76922476102061,0.506871762048783,28,75.6592734445054,2.5679656401519,14.7997694200024,2.05678705656573
14.5220899526288,0.558606758542431,2.18563976277967,0.429341345161373,8,48.3935665029363,1.50829776365078,13.175448209458,2.98083620834248
34.4256611018444,1.12857739124328,10.7485624972338,1.12708351870087,2,21.0059539763919,0.872021120045999,4.36977460661627,0.55972582450774
54.2092151371187,1.30538089721896,15.9372647970014,1.22692678719837,24,218.161594057508,1.41740719173559,14.0411677686217,1.37070497191907
3.09967983227707,0.300844092321092,3.26254970374937,0.557729260375419,5,68.9313578550965,0.577537878823279,14.3289195600259,0.920987305486774
55.6180061870099,2.1588655778548,10.2358376338845,1.63521562931782,22,80.1122530767189,0.734402275438406,6.34868748555473,0.874884963057307
118.659826058204,2.12788172426507,12.327446767301,2.5876752487765,8,41.8636601307462,1.23128221444419,11.7641487951272,1.28618207978372
30.9854195812221,0.517488771900815,4.60044127164833,0.572904362156457,6,21.0709440370706,0.307789124639907,8.52194623852126,0.58071881354284
24.5863893659707,0.768484926990306,4.29920803054999,0.481959682683716,20,132.577822909543,1.8368529564395,7.47722790284394,2.45949355515036
17.5946629456586,0.712356419853225,2.00634200123851,0.447825568853987,15,19.577409926171,0.671212327995864,8.00899463412402,0.936730340650864
40.3375731463538,0.760490612838097,7.63369111397851,0.754954112043182,8,10.3339435451643,0.336399511982486,7.76230605738195,0.583379844390565
94.6416980467282,0.717836682794634,11.0581196587421,0.666830970230744,3,121.484851301102,2.86362833349375,13.7636132923549,1.8264297812479
74.7068141130415,0.850180533059312,1.76098413237677,0.347085252637228,14,76.0002289475751,1.38533161046719,6.40431132206445,1.42886356856259
78.794224936833,0.964388590229066,2.2047552116941,0.341872332577322,11,7.64379534559576,0.450128998021392,3.63454405804058,0.564840648500812
112.056038023601,2.52360550771345,6.8270581814372,1.77452685471682,18,45.6117787762266,0.98458920830119,7.02840126242912,0.679208102912228
49.1490924835499,2.54186418096051,15.1079245140934,2.93876161953756,25,33.7781981520544,2.88247579499759,8.54591201907884,1.86258114463014
63.1308593408622,1.57107852217719,12.4412490969845,2.37499037857489,11,109.737392579568,2.94539349702396,11.3163956031416,1.71588779194552
57.7267454790357,0.92865857100344,6.01858517884869,0.503711019702303,14,60.0474677179582,0.708519129098357,2.87522203637293,0.435694824514098
20.7469222459271,0.61912093560894,7.41910790782363,0.893603298901237,23,51.5994440995832,1.74414895760778,6.74042965410007,2.85221153593357
80.3118589399936,1.37696684409385,9.86876850062317,1.73139163931624,28,18.2153915691972,0.447186535248854,8.4302260391121,0.741490369855598
36.3770048286362,0.864928673645281,4.10132220734103,0.468091573862926,15,31.9986263766089,0.38274193508032,9.9641490373615,0.637254800307767
29.9997028021336,0.822623624575835,2.44304829367838,0.397414146511983,23,36.3199706432485,0.832686299328129,12.5446856253984,0.885589790735431
20.200746466084,0.338140799897499,2.29717796092229,0.428467814747133,22,69.5451261879227,2.68518373197802,10.2263935115709,1.96514800222008
68.5450983830323,1.7538722567736,14.8487513820207,2.78040325017748,30,18.6273980818846,1.42521185466139,6.31089184688528,2.07644973022786
137.84049937203,2.69551672762034,15.3565030783516,2.77496314788862,27,57.2582882880673,2.67181733016018,8.94565379292274,2.45286457034621
38.2375080509693,0.573659837854207,13.6863166888198,0.996913975932761,20,208.239059251156,2.33401714198816,12.8212279217635,1.93072517456319
35.3316540883014,2.12818157746542,6.19339525542145,1.66529211272183,18,47.4288855752043,0.485611376561322,6.93596181651814,0.653667441965611
12.5125705969261,0.430539736241028,8.06444588771578,0.668299547248751,3,79.7529254015228,1.98144159563812,7.18354118889991,2.92616855692296
55.219383021678,1.34667064746515,15.7997883216518,1.23077829959608,28,16.8101844961194,0.310445100859288,1.39379860116576,0.331275910716351
37.85877151677,0.707567988036076,6.62095160876085,0.518978793929077,3,83.0353040778359,0.593148368543845,4.85660846359688,0.435988693365295
22.5056601405746,0.717667338227712,1.48931042708542,0.337939367111309,30,90.5190622564461,1.24154682691993,7.46083316005349,1.07772083709122
14.2126116455728,0.322169995271239,1.42894898215021,0.334131319951185,20,54.8711279605476,0.849754028582819,9.20996906678257,0.83768452337077
31.2246189436089,2.62538922901244,10.1527177801862,2.20688497442458,6,56.46709038656,2.31779051016914,10.3113057809175,2.925769893055
44.2022639855263,0.850757113522007,1.28335340541202,0.311859328966582,15,89.197263999657,0.586286026552489,12.8731956251312,0.813832226609925
40.294428328677,2.21012254834525,12.5818265036618,2.69944073772142,2,68.3431890252558,0.998179418375222,8.04232180320238,0.686152200449192
26.8099226728808,0.712276129546761,1.32902469876182,0.338114757235067,27,18.1278185715047,0.370024145409377,5.23356496190113,0.788206042079386
139.897693417504,2.49207813523269,12.4673785667378,2.95232927774081,3,45.2033809333687,2.63091035748854,14.4036557067065,1.82596723787685
48.8466061029266,0.824851903937122,10.3713393917635,0.962168250403295,6,51.3164328382131,0.709724358471984,14.1729009376601,0.951045036174159
20.7407183519856,1.83924908431371,6.17950935276301,2.69089585064547,7,133.681953018654,0.551779672301616,6.306762228185,0.473412738659305
8.68613034567299,0.371903477453093,6.45401287047695,0.891385730812642,8,114.313880723456,1.51440886578377,10.4274526102443,1.92182070931371
5.36212556051014,0.342035542841105,5.64317623623148,0.604016865679672,28,37.5309970150649,2.15162300600345,8.56260610085192,2.46475043477874
133.357178560023,1.42984562152316,12.2492630428254,2.06866651134684,14,68.6409029187279,0.663381030787235,6.67465857531188,0.65039621978744
41.1461073452099,0.488313276261834,5.86982504654029,0.534925504887439,21,47.9824171836414,0.885425885637536,1.66008125863495,0.342258142850491
48.7255776070455,2.22857049511136,13.0013487645072,2.83753365202233,22,31.112430593281,0.806837841960035,3.64261333825271,0.451429125743664
48.3723403361186,0.683758558678505,5.27087789029334,0.60628197282681,5,90.2237921732002,0.998627374232488,2.35257419168017,0.427585700626269
60.6465506780087,0.999379697878551,7.50133554131425,0.867572136609586,9,34.4100269058751,0.867036057738748,7.15427967142288,0.552456382897181
181.895986273722,0.874767767784548,5.85280877744473,0.463011626913255,14,22.1410994504386,2.0293664693639,6.34588189404549,1.71967205400951
65.9927956653203,0.891353668184209,7.60529785174434,0.693835159809031,9,26.4556157796833,2.27149974742837,5.81226592556582,2.26689352182695
171.741686144887,0.96636847591368,11.5713971985496,0.697061193099065,20,33.6557464557675,0.401872034533255,2.24069986974898,0.36725564594689
36.1653985476662,0.804621062064976,5.26416698715523,0.454319334888867,9,42.3725580637577,1.59445374229864,11.1044511298256,1.59426647883243
81.8880155389643,0.947279949005895,11.4416888495851,0.995075144635609,19,44.2850854640504,1.65212798944495,9.86869687285593,2.39873730638686
36.9474815496426,2.48218036453961,9.04074359251448,2.66578694076584,8,44.6522138811494,2.81609951269097,14.9621892064594,2.05947936199112
108.386950535884,2.8919154340769,12.7537168636099,1.2047717687348,29,55.4538336175068,2.49720694352887,10.5138552395775,1.10439018966269
24.4340158666441,0.662840368616072,2.62418007609893,0.383593216510052,20,64.169467061905,1.46657328825226,14.65414037978,1.00599844196463
128.318130756893,0.837354497434085,8.13647160765857,0.535782660165952,30,171.464564688946,2.08802807329886,9.83789005008141,1.85251062935235
42.9611124556102,2.66441829446453,5.78651547645593,1.96705348410971,6,25.3016164923686,0.55262965525061,3.99095481744592,0.488773660092937
32.5459344135477,0.656679241967841,1.90196893418901,0.324669926580028,10,141.09269286704,2.34536831591625,13.7504084413739,1.00604237924672
32.7734516498338,0.360938189818699,7.20988837281398,0.490076684291415,2,31.1389300505698,0.469848309869652,9.52287177201101,0.768117405677944
48.3273186599914,2.38378600314833,14.0590600429831,1.12765558164211,7,102.951533944662,1.5037568646774,16.5299623322945,2.32709464412646
94.5613977275853,0.813581548760428,6.41100611103608,0.655533975649299,27,216.534313534282,1.80455235258619,15.2867365632284,2.94069806572048
3.08278351921624,0.313777506256071,2.47508935237179,0.459645925086064,15,15.7754793037651,0.327021609310196,2.93968421908173,0.381332441970657
75.8821637837797,1.23237165196233,9.02867637995707,1.84283754482226,12,21.1417976649675,0.359571167788155,6.58244893271817,0.504104420504891
25.8560232290816,0.471980228717131,4.3364674778096,0.688452071361547,30,30.743419061694,0.629814185643878,8.08051996658544,0.607515167490167
14.542956706902,0.378653278092271,8.29433502983759,0.736883452489239,7,23.4083151746834,0.977290500459571,3.09072062167501,0.511643255831237
49.1068461345683,0.857110507928198,9.09119057524144,0.949310754588617,17,54.8049706250637,0.778646124690301,13.5735739754695,0.946810657740849
124.085904057733,1.4340518052874,13.1268008618784,1.43170429830184,13,58.3208523103312,0.85724469112158,12.470034693778,0.837126899296836
44.8982517836842,0.550130023005108,3.61261763475274,0.381313968088596,8,41.6700758991926,0.694316008190385,6.7804036185954,0.819266865728296
8.74889051055645,0.37449457978496,7.07544916262331,0.739244329682971,18,162.459666688828,2.13118845774704,15.0966555523981,2.86114787720313
50.2524345543194,1.37653922319265,11.7984734055786,1.77650280295584,7,129.087219648056,1.84424425880589,14.0012798809295,2.68679894365304
24.9527064558255,0.504129293021233,6.90739811886968,0.598741573719562,29,112.733330138623,1.20282419666302,13.6798290019928,2.66212403962273
70.3989881526603,1.83750470803822,14.2094536619009,1.27995404907102,10,51.3965110249701,1.02852087062384,14.4620408726084,1.14166428473571
41.7909514924397,1.37145147320172,9.49000506808434,1.83606802865144,27,131.985196697574,2.07594844099923,15.4059585155427,2.5451765027722
287.832593621499,1.76671375144103,16.6881671369167,2.79306080417549,21,100.615756506012,2.03846732492792,7.65487160585134,2.11607068262614
164.02457595622,2.05977663873627,14.1847138475759,2.09045700126975,1,67.2157167313419,0.551416911219313,13.9667534945782,0.990008393959448
6.35393954617789,0.316432124922212,6.62135567340791,0.559534798063267,7,18.1820758772695,0.993369213002088,4.051397358284,0.707088141080249
68.9963903555855,1.89814829229276,15.3101324431889,1.19463946251011,28,119.159038832691,2.72704351665178,13.041299652207,2.55999531775505
108.756817352149,2.8298717088477,14.7787826766082,2.81104220718533,19,25.991686050315,2.44519524627617,8.01255014353909,1.26968965134163
24.35816875736,0.366155489763551,10.2108119425587,0.960264704360744,30,45.1619971912902,0.647487193865456,6.2960967646956,0.490652310911696
103.664647832584,1.40776861225309,6.40561849862486,2.38698621996837,3,173.050875866723,2.38070048344076,13.7688264670537,2.55617909171094
17.0084405664695,0.463394187009032,8.04247641603133,0.6518482358664,18,51.9815280465909,1.36498315089231,8.60798737922366,2.0459284617174
43.6485497863618,0.618503809326471,1.48855828604323,0.305064981166914,11,66.4291158295602,1.37894306560292,6.7793192255972,2.3777785935023
50.3353583959267,0.64023507628807,9.7573320375868,0.723218672881677,24,65.2545018989514,1.51405568978647,14.0522411243816,2.67365092128868
96.3728329986065,0.666867931628456,8.26140852905167,0.530419278682455,25,47.3731776069652,1.42150716801906,11.1727548237078,1.04514296971439
37.8258822805273,0.477068121681407,2.08102837739785,0.402307391396954,8,46.1905998876757,0.377728928872183,10.736634470223,0.895311535853286
35.1589890661917,0.402023979240008,12.4820854130729,0.915975444680416,8,26.3344895332728,0.553266021421193,6.74854670773528,0.692937752744775
25.7077376231087,2.7910289058962,5.64163275290913,1.53206487158453,10,66.9966170774082,2.09894919249526,13.7539597740364,2.23843056036457
76.5156364135134,1.03927445561416,8.65304760006,1.83025689507577,17,36.2277665101499,0.687754185603363,2.52196887087816,0.476121361383011
57.0725306284601,2.84777242547829,7.68194751413602,2.91605069232571,26,85.2562319683995,2.82307741015306,9.57494533445386,2.95756496000743
270.191457492613,2.79977640048215,16.1774840336686,1.8550843987425,26,102.410428350227,2.99559090134619,14.7021584062414,2.95028532055561
23.1446827757778,2.78707665391056,6.66657541249574,2.04731244839477,12,14.7955864978539,0.463841628432459,7.38516976683373,0.747198981640712
88.1841475467175,1.82471447010182,7.69563266199425,1.7488814618814,27,105.341974102563,0.811117703603939,10.131001845116,0.655619990495226
117.24243577525,0.747611245276841,11.4801765514718,0.856549360675322,14,14.8085474958818,0.340079392645289,7.34147931417887,0.678290733655085
27.5560072100711,0.947655991198741,6.09728879357772,0.987873418750305,29,57.711216138587,2.31660678662301,12.6411363510272,1.71590210753999
41.0986678624046,0.622964473591077,11.5355011801253,0.748837744630438,18,53.6273889006455,1.42622200190561,12.8388584566993,2.73417957426147
226.404124581991,1.94801818475768,15.3496155337946,2.71714262074176,18,58.7477784327147,0.661183923325711,11.588503693082,0.692531489619879
70.6012208097916,2.34175695378587,9.46783126119726,1.69659061540805,22,39.2794333398863,0.540991659037454,7.77579487782531,0.693885559888432
65.3842511715753,1.1976253053526,14.9956050997629,1.14656285185296,27,147.040052104421,1.37238272021208,11.8091306879353,2.35005836656209
54.2995178949744,1.38474531838434,5.71229339567111,1.8334272799578,2,52.5191953517028,2.34937200177828,16.1469877009025,2.06218849206128
33.2433355752589,1.86892314273567,6.89164382901077,2.93251100162837,8,32.7618503985339,0.947951159710242,0.849718424429457,0.302694900940278
53.4100887156167,1.99591569906336,11.7473956598545,1.48917843505167,1,28.6648759575208,0.551952201540254,4.9751115623788,0.709753945937308
47.0720719607848,0.800151052706354,5.33891795359474,0.629020176692784,8,25.0966120546835,0.639609501411174,5.30099109211476,0.772662140640066
182.945161107046,0.772045827263727,10.8207589145156,0.66405990389242,25,76.9401959007721,2.87425100902675,9.90237892351389,2.01335049608903
15.5395950496497,0.477804369950133,6.25614114229641,0.552998323707377,27,59.1281581533653,0.725997450460786,7.80860302478889,0.922439028669079
182.804699013177,1.68402647149446,16.6203223214939,1.95143079458853,23,58.494379575017,0.73252884156692,10.8469944875079,0.866670928096677
56.252495892981,2.72561346789356,9.78020490433729,2.13992841366136,12,50.5412659066342,0.954321241027611,6.29769168026522,0.652329315062989
48.3938648413466,0.649706658757349,12.6125490618861,0.876424969186234,1,51.1359695799176,2.31300332199233,16.5616051839566,2.44824469119331
135.413075053901,0.895151824083694,9.55126239912712,0.624447297619175,18,69.101427361838,2.04883916836641,9.34025609402829,1.56323193562618
26.7465734744072,0.906705439760268,5.37750467573174,0.69362642497397,24,85.0577492938935,0.832926867143803,6.80225200683194,0.83920300602032
40.8420656224189,0.460298638284662,14.3633418222417,0.939128588485056,8,14.108856282581,0.379355298706482,9.98965889310491,0.747723512432767
54.9714785023765,2.8874618756867,9.77877256695966,1.94907866759342,10,33.1061482114627,2.52276732052101,9.57950010485545,2.85065078828411
44.9488522610773,1.46927829908524,10.1249666832768,2.41340713445824,6,171.516281665812,1.35904289905657,14.3628249446792,2.34525287034252
38.3441714469354,0.635405180440115,1.37255844210493,0.34098690152615,15,84.8295604891524,2.29792579451425,9.47458049641265,1.88641452330527
56.2329789253299,0.623193119912657,1.4106970416599,0.357988140679565,12,77.5969538840879,2.77981165518893,8.85324067990813,1.50320566355368
94.1997337533853,2.94048971384705,11.2843786582991,2.19724112593762,2,41.4350193800396,1.60729755740215,13.5364054033182,1.89999608384404
33.4720105085998,2.30795829396341,6.44484572894533,1.79057125539408,29,89.8546225757541,2.95909848621161,14.6251679237703,1.3220726563301
146.497558957877,1.57581394946483,11.7481431526731,1.66050126917027,14,30.8362109083898,2.26231260979058,7.66359926114668,1.73391434263146
125.467251471051,1.30137533217113,13.5163667811061,2.27925536592331,29,24.8784265467852,0.679338824902553,4.21090425901287,0.604831974873179
216.42838885601,1.77976585714368,13.8059587148304,1.82848545704054,28,38.3158583910115,1.87640312652556,9.72017443593793,2.41648975515783
46.8323982183845,2.21167321981627,9.60608080632216,2.54390972630957,22,34.2139910390401,0.493230390636019,13.3059158626564,0.874190241823902
102.068269507108,0.692834279874315,11.4900607274612,0.75002292131482,6,41.5138219452771,0.873202737535593,7.42936688875007,0.963881825271785
93.8856224199229,2.09361572004438,10.9549953458024,1.60163803225072,25,41.0037816404867,2.51552005371689,13.5879097620025,2.27519206377883
10.835847246429,0.364620685466682,9.25508862805501,0.754877008269775,28,57.6299789021368,0.560469988381525,5.30763117740149,0.717944703612156
21.3606126992351,0.430878641342782,11.9944934167679,0.900152256535995,16,38.9616265076191,1.15019179459713,8.92519720048536,2.71372502020789
42.5468780023619,1.78537805891671,10.0050177175972,1.6161070040038,15,29.8250522293827,1.04885984421163,7.89796834251164,1.29894170284156
77.0220212129934,0.946074471820158,13.4266317434416,0.94618689068983,28,78.2571495814532,1.23933801829908,10.5139166685058,2.97048685363823
7.61321670586712,0.392172319578372,4.38472687784595,0.60613862497368,18,73.8242522810762,2.53637980020303,16.3951510238823,1.38773929931359
59.0256988143232,2.88650695148083,7.65269551643508,1.02379443893972,20,6.86934065459994,0.350920776681572,0.844598377500642,0.307160897191857
108.374804721327,0.475165090528066,12.6936099079381,0.900121647823926,18,32.6617768667766,0.965375390226184,7.97068726690305,0.765400312097374
31.9002545151379,0.490338273316215,9.92989823164236,0.707960396259975,13,34.6558088583683,2.8292025966543,8.73327029839412,1.24688050676689
99.2385307864586,2.3940883079394,14.2003982693692,2.91153057684146,10,21.1879549353052,1.23270187261587,7.0179747613042,1.32520412159536
70.8229316810478,0.634745768133344,7.36496131343654,0.955219528594471,2,80.8528406016354,0.663215379167183,9.76787959305666,0.873700552859399
20.0001858428491,0.782878804078288,5.05266983492538,0.843972515103039,17,23.9928204010442,0.693105973553913,5.02035968669778,0.708811207387169
58.2516710178811,1.31881707325263,11.2338433382166,2.25371529148431,18,147.334818573381,2.23970815486562,8.21890018388425,2.20045180127096
45.7368457243533,0.404892869151724,6.06480908587485,0.686659205227583,18,45.0620177442607,0.343027985227862,10.9601462824559,0.678079615159994
36.9611950796638,0.445949738685023,3.49885660883533,0.371485509017604,1,36.2762062492119,2.9813219575111,6.59475670637274,2.18600654974186
102.282578171758,2.42703714772817,15.1582032196987,1.06337749268542,17,20.0654434489187,1.43371931185996,6.16979844244157,2.53011431782737
23.7915762211539,0.745032391294341,4.5939458424364,0.662217454530412,3,9.28397357037078,0.446484670131748,3.34016541910122,0.587567494481052
12.6649954924135,0.488654750647431,4.78716880133253,0.893418764601124,15,119.487930211791,0.66291994182395,8.34258812276241,0.630198513280622
16.4302382510365,0.377896313947785,5.33144427385528,0.538390232407125,16,39.4478625213473,2.14458577936975,6.75186134008366,1.51668573271166
68.4704099684853,2.57819442137455,7.26255414209983,1.19954938490379,8,68.9515885764228,2.46713607142175,13.8434999264761,1.18538725479203
25.3179288170729,0.800647285014454,4.35628096263703,0.776919767405281,8,75.7792949636625,2.59949680191928,14.8392574782499,1.58835704605238
36.6161636124911,0.743470041126916,8.30411675472811,0.634438557433243,30,79.4730136359128,2.42953141693497,11.8409723987458,1.91173310573369
89.9919153900588,0.780900917727908,8.81107047148086,0.796108733568564,9,32.3658646227638,0.863582924671055,2.35535639641343,0.422850480324392
93.2955150331094,2.55818958341211,16.8876538060606,2.18720298309768,14,70.0732791851217,1.63905942279921,11.9563753873529,2.5206475093758
41.8279391411616,0.595783858778499,1.41366642627832,0.302737553712254,24,42.3574546571072,0.700779711794098,10.9722068888939,0.833384980067136
51.1827769262297,0.890179228879584,10.8393261731209,0.71370087880934,2,81.4160292935049,0.670245702592978,9.71298176953348,0.607081890562193
51.7311567084932,2.81625358887653,12.6027160399635,1.26743699882928,18,122.764418079106,0.855222852886229,6.05239245456341,0.689447388685747
28.4625867052692,1.39265821464626,7.98082436543564,1.9388837146643,27,6.54047287407796,0.338303043889171,9.17902578122116,0.78553958497425
50.6036807609367,1.52915145950277,15.4382970688681,1.94924680256579,8,66.6817487413629,0.452496013671449,5.24444647291158,0.453733588582184
68.2517239471088,2.74403542634682,8.04364234488921,1.44976592027392,9,26.0898312627844,1.02726070853173,6.10946245496771,1.93450447376862
116.78021015936,0.877936012199614,1.73645634783771,0.324150723223252,2,33.197442873097,1.40971020387483,6.50457540034735,1.95178484039776
69.6307200744404,0.70909061668991,1.84916896604663,0.322226619885511,16,103.136222918773,0.480309930650096,8.09247720697394,0.584646782337372
80.8929257295583,1.46000572256836,13.151874224029,2.65294163567141,17,189.533202836874,0.88209150969255,9.75290669228234,0.590548037521704
69.329121232091,0.533147690501864,10.9250752196675,0.663061416671614,24,38.8246948300558,0.743510679477263,5.71083282199351,0.574329527311248
44.6294970887041,0.62121566323641,9.54013248298018,0.714447304051248,15,56.5934031613371,1.77930604808889,10.4527475076993,1.77764069692593
76.1689090321186,0.829656426108749,12.6835487252946,0.861539284227095,28,50.5211282590489,1.07216020678447,13.2936009905452,1.48164207042773
24.3588339893815,0.824902617447082,5.00060888393166,0.92035823681589,29,116.59755517284,1.97977346181432,7.24320986406508,2.35845010396384
49.3598375529768,1.28800872827404,9.54206629766296,1.00441666584489,3,59.2221836637609,1.19444803604763,8.86180065939012,1.00487737203648
9.0378010907273,0.442806059924756,3.3203933052011,0.542138982268901,4,122.066991583727,2.10677285682064,8.68957427460187,1.88566422853202
99.7674672826276,1.93305397388392,12.6217728855852,2.60141386824105,10,31.2956320300713,2.21110281251537,7.20850417004083,2.15002090444379
35.4421653758353,1.34522818743403,5.67766810865261,2.04718538696202,23,81.207125538383,0.842633510630868,2.51865062285342,0.45656111684395
136.284523663575,1.73046625502914,12.7853104366429,2.27825001479045,14,72.2298929043136,0.863967320377079,5.30684607388541,0.472186073884201
36.8207044647181,2.19513939224058,9.63107122874353,2.32181255025902,8,26.3344615393935,0.457697679957283,8.79598545374204,0.664028364704242
58.3435024264618,2.08619111568784,15.9207922902469,1.93170738678513,7,40.492801197101,0.878848320359958,8.69388796345238,0.961037642708327
39.9780148103144,0.554061222351676,4.02802740152931,0.669304037607448,2,57.1638808646072,1.40505252889191,14.6280005498397,2.79937693715369
125.292631101232,1.30148484240218,16.1354502676084,1.95532652875057,27,198.595998412266,2.54796728894395,16.1148596914332,2.65411605263971
73.7126481817784,0.670470450422288,7.02794380191459,0.612273017687469,20,68.4495248707094,2.25879394869767,14.8581076611241,1.05990934882874
60.9878172754254,2.79602541160926,16.1386369820127,2.78701888559612,28,27.2403544654644,1.54084304316291,9.20050144792651,2.27781705825314
6.62319265419255,0.391729287077107,5.00212671583325,0.780931410314629,18,79.6917033309118,0.898310057124691,14.4836253013864,0.965298057070618
121.862300147206,0.698266374788239,5.41835865203662,0.472106135591604,4,69.2252065343478,1.42376600503649,12.4971482917514,2.69162307147858
38.982531207072,2.7108583577516,7.49249501939413,2.22868188650385,30,68.4815545658301,0.963519829126145,7.3386216296195,0.887607855270326
85.6678520376183,1.66501498882337,14.3150038183489,2.57155941605661,13,74.6481987002063,0.975678294839445,6.41718715153585,0.778452973801314
128.025265219656,0.895604813295064,6.89719163234647,0.707629481157932,12,54.8690727988914,0.397752907322386,1.4760231806795,0.31911712536377
73.0388694248394,0.872813464019233,5.38282513671034,0.441092653362099,2,47.4960608252917,2.86290803440091,15.5201416023357,2.0796531929363
44.1494275657896,0.866336642888519,3.58998710629635,0.388758430309812,27,43.920286603999,1.8579776108631,12.8902684702497,2.00161969240027
15.7412686619937,0.506860246100084,4.79633796376874,0.586590751304537,15,77.924675973727,1.94404502764593,15.4545024956976,1.98069361265671
29.6912790091057,0.458697162159634,11.7029396583461,0.757073555280937,16,29.6965405739895,1.01756467079642,9.99259068055627,2.10550427040269
23.7464718849301,0.592202643977853,11.0581348137653,0.97632423553423,15,40.2263799138355,2.41638303150142,5.51018192540656,1.0981657762777
25.6170884682543,0.366305010759401,8.24287384544097,0.910078366009515,25,37.7417952333227,0.666223018988269,6.77543464824954,0.92839846398927
209.560034635713,2.11849515785413,11.4137792867609,2.49842314074478,4,39.1691552366287,0.727827832838842,4.43322889638013,0.459451833477759
91.3039700585121,2.57571578353197,7.72108133155339,1.79685111745275,7,263.538317010002,1.72090429926097,16.0033320307096,1.66488814781854
33.5259969349514,2.22820987744993,7.73465891185163,2.70745623370129,10,59.8787964755712,0.848822626434744,9.32858449280327,0.782643856097559
51.0710820827682,0.777187810482742,11.188015533353,0.793735309780446,12,106.161214588613,0.480589721014898,4.17118095472039,0.408499635031555
46.8530689569608,2.88731572540668,8.79079472320234,1.96462966742319,28,259.020165692228,2.66392606426806,14.4601643712364,1.93837066092207
110.4705876365,1.15934575600393,12.4700037536615,1.30506286227538,6,51.0702759797861,2.5436308545294,6.18898502497184,1.83832106537341
67.3890519192201,2.68775403868562,14.0603192019613,1.56650782171244,3,16.976524152139,0.86647854513894,5.57233318931363,0.988459159626474
65.5149037323825,0.706121752793074,8.13974522450979,0.720154189335332,24,174.088667593732,0.705140495831327,11.5568605813056,0.689280012969328
57.4845454637905,1.01438726816139,6.47634817855324,2.23957037984073,30,59.6000077683196,2.20704662410383,16.038892719187,2.27134136896171
110.924387289832,2.28296493664656,6.92398637591189,2.45275060281004,14,112.321780945231,1.65071346232224,10.8316036653844,1.40986177828544
128.258294328507,2.27574209691957,15.56915644596,2.76015286655235,21,11.2630085009765,0.335644764479954,11.957924373713,0.726251211254786
180.807585492082,2.40542892871785,15.2945187385667,2.58584270400626,15,14.0759007837423,0.423846333763188,8.33698002288622,0.59746774643103
33.4478097893518,0.352067725614376,12.7914239647822,0.976903290331884,19,58.0892022844276,0.622889871025416,9.35842387219073,0.985227273896683
55.7963300619052,2.57189288940354,9.96609699396657,2.06333666613209,19,9.54974952020627,0.372633308830793,3.41937912191384,0.524689534697049
74.2676907004703,1.49246480414827,13.6453666823702,1.4749751907687,6,77.5459667335921,2.19541958093311,10.0054180219915,1.23871359641115
87.4438696993733,0.883531937577727,2.46143200156062,0.356653059869469,19,22.1530373533064,0.456288555678374,4.13874067180867,0.440899437363992
111.056403961151,2.09676795534697,13.6575187883028,2.16703831188534,21,27.2054775141509,0.980676452149575,7.94507206666469,0.897488305161294
41.2595387521768,0.849713619400114,6.79459649199031,0.762957724652424,25,42.9037553643031,0.533520231173594,5.24676231465389,0.542511508482466
54.3841901137594,2.1860391086406,8.55087650709833,1.27343058036842,30,85.5422180890868,1.99665645767502,15.1984255746718,2.91408631268351
42.8772354980104,1.03275526223652,5.78842263671249,2.36480447831955,26,86.6463488068687,2.04578205658863,10.6887780038123,1.43405281026358
67.1564560797812,0.856522218516894,4.62584004793794,0.672378880443116,12,21.8567804906146,0.406640372819091,9.65073594662876,0.593554445465754
42.4503568366219,0.735706422692159,11.7867945147594,0.723982303772186,16,31.0652963006431,0.677694036881281,8.22048284309783,0.971159333512896
151.241622293029,2.84855858519902,15.6540644757842,1.49315633943119,24,53.9374395558995,0.761149868257803,10.2479317197269,0.679128671278386
40.6816248437606,0.548409081408945,4.52871067083536,0.407120673545594,4,54.8362993264772,2.98975348798191,11.618556875616,2.9727480274896
31.9067572338881,0.51584129727736,8.0438734534011,0.564779109090112,16,59.867647985824,0.888732929912469,3.6221359252763,0.422887434118556
47.7544188888743,0.817020535730568,3.9774254951793,0.4759032104731,11,69.8877120223971,0.652424461262507,8.25753453427382,0.567138230880891
42.8525238672247,0.406859983885422,7.41743609593034,0.63548657532534,7,106.060046208457,1.84389268407109,10.5471803209057,1.11964263011442
14.1882315708293,0.383009783247514,2.02664911288028,0.322146366419953,13,82.2542209098823,0.784562736314611,8.71379054768907,0.768180783257565
61.5527006642276,2.56777390816031,12.8399450951481,2.47671327679702,26,17.009762400033,0.409523493685948,7.48568989992852,0.876063499321764
162.954765588744,0.949549387924814,6.42412810664598,0.532340128393696,1,273.933553378018,1.90974326651821,16.315872143724,2.44104118000257
129.883789909874,2.18143418874209,7.15623898130842,2.9967128797255,27,42.0597799941162,0.738099547384445,11.7887245044958,0.786607378038925
21.9419289936411,1.24445228375609,6.64426478727839,1.31394885131477,11,67.4046061114582,1.92322759143782,15.1362973967971,1.27689899108898
71.4853221736269,1.62172679560148,11.8597316931713,1.01417203322121,27,16.9246733919327,0.56127547032393,8.77886796540608,0.939982333558465
43.1876593000861,0.980204592364811,3.02993418385153,0.385089628482854,6,24.1761020256294,0.826073817916815,3.34288712287953,0.438245790768142
105.132648812949,1.61960426118914,10.5810381096672,1.43073005676519,28,57.00009916557,1.92137177437733,14.3869816700031,1.89821936446662
49.810528951924,2.29855310651029,10.6616777321043,2.89049922387395,21,36.121499393617,0.394745207171086,7.49426137154252,0.53738222888213
65.3020560000376,2.00183327164955,13.6759488748909,1.97678161677804,23,191.169466630179,2.05533744953973,9.52294408624445,1.16766287485465
52.0663379848335,0.93749592333463,10.8858171318605,0.692690220897651,22,112.24092473675,1.39787842842275,14.677981404888,1.40672753392843
188.675821614004,0.714070050327821,6.16299340425462,0.460737460291685,3,65.2005963678355,0.688899906408081,13.1093188998509,0.793108972026854
66.8987581596415,2.35312668676726,9.58123428278473,1.49572012044216,8,25.88328345864,1.77930954407398,6.59765778453521,2.777188534042
84.2813947832382,0.700137972553105,7.13870074367975,0.510107690908016,29,77.3954839763644,2.7353148032772,15.3706939999157,2.73260117192005
82.9373479611902,0.932128617652856,3.41814120011932,0.554182069035147,18,48.3973551476096,2.13171609668572,14.2666296067684,2.82166289682008
147.395179034827,0.886253489562594,7.07645872024805,0.651440386790515,21,80.9142577002646,2.12621590882437,12.2918377232547,1.49523019758234
54.9433114173405,1.62756207322184,10.1789566705864,1.80189855412388,20,4.43735823705125,0.32726534428848,1.2715163124934,0.315732708023879
62.1206323824573,0.517488636329814,10.4529174766669,0.631110187720946,12,36.7777143824984,0.403058144332527,2.58624662210923,0.339425803839094
72.8716807865659,0.859330266184561,7.70534531908898,0.941821288158293,28,42.8254467243335,1.48203611783599,13.8667652619873,2.37927978113435
23.8122174098681,0.908449030134066,2.5772209775704,0.494687681769845,11,117.170241426415,0.783581618002645,6.45665134518244,0.631959875273299
147.798779980659,2.74008212266729,12.3475221025559,2.83703792955287,11,32.1161646971943,1.83114853891712,8.22457223994045,2.21520915972399
16.6179160381804,0.362880164909069,7.6059872164037,0.61029400160318,27,38.2480572704203,2.14752560008641,7.12939537387527,2.95370554448895
50.6530280662074,1.66926557543337,13.8433666001841,2.90627728804749,23,61.0021902676082,0.427638008506422,1.46531913849084,0.302534022163639
24.4364536462122,0.626070733566329,2.46195392060744,0.371731409521639,22,15.8040968468082,0.347026876561299,3.18305632245009,0.40059492267592
13.782735578971,0.353990346069226,11.5404056419109,0.920344052654281,11,80.8826436242639,0.509813740874571,4.28260568037097,0.417235034910723
65.9580933628506,0.70048233303511,6.684266695746,0.601342835246048,5,98.4378540653846,2.61717406600303,12.1354297199136,2.72438170202662
44.6575162981606,0.618317558857953,7.22954834850716,0.896370017949892,7,63.7766561334915,0.632856122989405,9.30586124388916,0.690656535233777
143.779755024634,0.947595615950848,8.94540278346888,0.577078612771956,22,79.2757413436168,0.749097423994866,8.46416181668296,0.811560325258387
46.8439730273237,0.730149343713764,6.71903995851134,0.857151328171561,30,70.8337532553484,2.36950454479689,10.4303412205283,1.52706568430952
124.809601256477,1.40210027497588,13.1981101367528,2.00125411901735,5,12.7060159058462,0.427851674844714,9.42378556528798,0.721822062644677
58.0440634371685,1.06449157490565,11.3933467198601,2.39277206545871,13,52.5443102922112,0.764039441384771,5.25303740580559,0.778105564345347
31.8777144329695,0.885312093367037,9.0244045102845,0.9162740243996,25,14.0662842156156,0.458167907205296,6.98736411251194,0.7753384432542
49.7186664925765,0.890127537469543,10.9838187475214,0.807258401216548,5,53.894392426886,0.697471517788191,9.71342521182819,0.781676803388078
140.710652105746,2.33107195438679,9.75764751506774,1.72552624571981,18,53.2969109584877,0.610803144454305,11.8003125459629,0.880665241841925
32.6157536592948,1.35432846152996,9.7366730938326,2.85425779236417,13,31.4099449052494,0.494380800094106,2.49120307956066,0.372964901565342
25.6524755899782,0.391410222472489,5.0856697195207,0.912146988079077,16,115.661503068569,1.55823677543037,12.8380593555477,1.051375183315
33.7956425577405,0.372623749180516,10.7783520898988,0.695271278878103,19,171.974509088741,2.78014298283276,16.0922487631263,1.46596032785013
28.8688591016407,0.889170094501427,9.13144663826946,0.86116732325432,23,64.5216949325052,1.97764809389175,16.4692895797052,2.79066917085191
7.70900679502133,0.378559314973412,5.99979115472318,0.894184100906512,29,72.1886686205842,1.07789644596821,15.4371632363329,2.74931346885809
47.0053823542189,0.578130452530121,10.1161240980961,0.960751506620203,15,50.3048074810262,2.8525483770538,7.36547236281594,2.80363634042676
19.1718160713667,0.3885843607067,6.9759621387887,0.487267195203792,9,50.2114881647615,1.47263340765913,6.01758133679194,1.71102108202962
5.84671325148351,0.328174325221173,7.43021131209576,0.836447790861082,28,20.5037987835077,0.788287271340982,4.21195389784048,0.680087116950984
30.3117966707799,0.517026428064666,2.84630814407131,0.473955513843008,4,18.8172469363988,0.413875366207708,7.96037230376481,0.947707570782847
41.2043784127265,2.34306790512424,10.7035076064454,2.40175027980456,27,40.7061081025934,0.761871927370808,2.62482978137027,0.379429048250461
120.446092254044,0.993749286604868,6.13477104529734,0.467327157350118,30,24.5080530333911,0.527314409082206,7.95677369578208,0.813760051471388
150.084122060582,2.65939229976273,14.9021841652537,2.83776086350612,23,56.5303942688307,2.15792184684705,12.0978099079505,1.66177669468823
31.4470555467805,1.37578222770525,6.58287122291097,2.49670295363057,10,51.9594671554471,0.403621849996366,12.3758899039319,0.943562089187953
40.3264002292321,0.569862467565917,9.48727032204611,0.762582258790965,12,43.0729801776008,1.00641816590336,6.68943619089712,2.01173059655083
44.9063468843181,0.4713628243014,6.27640418350946,0.838731830162893,22,38.6221232478427,0.846674709883535,7.24473650232692,0.963253027769942
42.3785683908067,0.426061231676648,10.9827098640379,0.993957346624321,6,58.296244005255,1.12352485076267,15.1504521641672,1.44967936782571
69.4301373989476,0.956808994247534,4.41251440718098,0.50730455186222,25,101.561951267822,2.78138266188476,11.0133537404585,1.56870506961675
58.0309677215565,2.74777393438825,15.0322229350775,2.78307748877587,16,118.139324420229,1.92217674238185,10.6623539991645,1.01374091976036
40.9775315048311,2.7799582034287,7.20613584686741,1.96167076807152,18,62.9402736030471,1.27630727573005,15.4420137930256,1.18071929148089
87.0856056303426,2.89924588962028,11.9054293939487,1.27027066779968,29,36.2829870946602,2.46054686732142,6.37693265148059,2.93676336379038
31.4489390037781,0.440700862189989,7.10515528916411,0.548788481520259,28,23.2548247715559,0.54603665232424,12.6111574015376,0.948503366266339
129.606132772211,1.90033131021026,14.3985358029746,1.08523718578764,22,6.99507050777042,0.326834756954163,3.860044499592,0.452613970933675
54.8936010214382,1.72186127986555,6.32213137002221,2.20097414944831,4,50.4839572292735,1.10235310030554,13.8724556861855,2.94929169190963
56.6565135400327,1.33148793144504,10.0994258649673,2.57417135083888,6,136.146428411036,1.63395660244155,13.5455222769595,1.68482046716549
12.5485497104629,0.519501011853724,2.63695950401786,0.43166162052722,10,3.56233946578245,0.301073310415887,8.6941495028825,0.785253913286707
7.87025682816163,0.406385696970432,0.862092149078048,0.301232179937142,2,80.5096507745695,1.09999931576609,14.3126178746741,1.13690755707706
68.0018598851512,0.805229667420028,6.00866054687845,0.543828979378746,2,43.0453951845739,1.01916293746488,10.8487338368412,2.93022589143033
37.0503912116103,1.54634787858589,8.78706734927901,2.0190147367779,15,116.042465468706,2.11614603552221,10.1416435135334,2.67131543369917
45.716471882112,0.686663929029754,10.4879267250333,0.774749666813483,3,16.1383572882869,0.534967117242167,8.20686083420838,0.772975191954636
86.4276027999206,0.501415664743982,11.4915800278582,0.691180030104418,15,51.9997285530084,0.857179564308409,13.2311553268522,0.945714946871357
243.909189677147,1.29808583154285,14.1043070831311,2.08299861322148,26,35.388869405485,1.44887153002355,11.4205844714814,2.61175979990812
15.1759187838677,0.58496970780419,3.80219709453067,0.493417096823871,2,45.2896430570178,2.97095092127181,11.4885862844637,2.4459429084201
114.646400259973,1.50577423412771,14.5884348966336,2.42302763956212,5,45.4593921445613,2.14916772433945,9.14677210832792,2.83266209084556
122.013491692328,1.75094091817605,10.6375074790768,1.79686224768184,14,29.318574455701,0.927303814838058,4.58400273027422,0.480987676785115
95.5797109182537,0.851174188753787,5.62229760244034,0.792739783634848,1,34.9057696641955,0.691079974334577,1.37535767521154,0.368977616761243
108.006114127318,2.9570332572977,16.1819291063108,1.98303391232975,15,22.1746044154495,1.92908673657071,5.75998262103218,2.56041249717344
121.104343408687,2.14134409015067,8.86920804254077,1.37028686707174,2,60.4156420159164,0.949538174264841,10.3905722765772,0.762076267367441
118.478969909583,1.33843428110381,12.2755714712174,1.92025557987586,2,34.9450314964868,1.39197642600032,6.33119747077044,1.94758531054558
32.826473890111,0.625350504431375,5.68551348880153,0.67685302913165,3,72.8865923893922,0.900088395714872,6.59024516807773,0.622064993519611
19.6064485589806,0.440128938675994,7.78424718141343,0.597287232400413,3,79.6504036308643,2.78408452492886,12.9370319441698,2.45445412857391
215.642148620892,2.87879618209513,12.9338043856298,2.01343651500999,4,22.4114428221591,1.00187555760576,7.52234679878652,1.09972255763812
43.3428042401272,0.475444018814628,8.4697111471116,0.587169377088993,30,31.9113349003432,2.02505270094231,9.31750949087164,1.53321280391602
134.707035317285,2.87956117643161,15.3288005210613,1.11652042736796,10,36.8952904524687,0.900990546405387,7.17291180587761,0.744647721295024
19.118946730668,1.94638447966027,5.95174582961683,2.74939718312154,14,57.4338213463811,1.65495957684396,5.6989508701507,2.64009535975658
62.0521722049918,1.75370492350376,11.4121730131439,2.93137926719221,24,40.1737370223054,0.565479469106598,5.74051067001315,0.59025212141536
50.0627099009071,1.44426930918251,15.5335883185526,1.91214655246482,11,67.4728182683237,0.631261913740913,9.12489547401895,0.825211128273993
14.1692675104406,0.424413859752248,9.02925361757477,0.670002161041269,13,43.6895757087427,0.826107100746536,4.24756721327586,0.540421430681179
30.8136437068076,0.65023700520102,3.89388401764487,0.482611460647018,22,21.3920558290007,2.42829632324015,6.81824757602561,1.46146214334972
78.8288114981121,0.784043460033576,1.02353746794921,0.317171294612726,27,76.036987100988,1.67538999392721,5.84936118509931,2.56483713401933
24.0272293913895,0.578147929569234,11.3397956518325,0.897631730025621,16,17.2743904283447,0.598213394724318,0.953386427516394,0.33255722235082
29.18055421539,0.75789832218319,1.27137452732381,0.336555101129031,5,43.4656302443722,0.843376398261275,8.31435299008787,0.630014862214712
132.251821515149,1.97508771720284,14.2193808369389,2.78741816627764,18,51.6601355487182,1.36115338686945,10.8056100827332,1.14715604335207
23.574567343474,1.85871794745792,7.09069348808582,2.45536805995055,20,6.63339612881991,0.312484504632407,7.15375708265832,0.600310514432548
41.9464856131644,1.53261003004996,10.0911571363929,2.88911117510289,18,72.8265271136465,2.48667602590436,13.985795713977,1.02278198094809
40.9048445974428,1.68530624863882,12.5309269342284,1.44893368770793,19,117.971589053095,1.59796502659289,6.80636767114496,1.92891162041653
131.895640848899,2.29135474152241,12.7188779042038,2.59360323254521,7,101.438707515294,0.90235870126538,8.54733181809061,0.813396319311486
96.8285858874072,0.882147814437086,2.62654705147026,0.339089690817983,2,19.4231746333361,0.405585252886691,4.35403578778714,0.413047446626896
38.8921533446094,0.610687005552279,2.37632620535847,0.394500909167765,6,35.3018408531218,2.68617006435062,7.57009350367344,1.99685285015612
39.3220714299939,2.68641138807497,6.83783137644838,2.79924267378219,14,109.463504035557,2.08421873592886,9.50485212584709,2.6032291904151
182.225455195246,2.96321772012896,10.9505501278422,2.57346546299779,12,47.4642719999445,1.73255587384755,10.4893919353078,1.60089500777552
125.841752305753,0.981814554521862,10.6972698297947,0.961517264593368,5,43.2265247929944,2.5004659054181,14.0213470458152,2.27444489838235
61.5124812070915,0.921661266088006,12.7721665131636,0.871400519545588,4,98.215823604494,1.93001754687428,6.1415110025466,1.09424083978711
43.9086397196338,0.52342715256697,9.38685701325508,0.648864541425065,12,54.2015631930507,0.782789000437846,8.46508374672803,0.573069405773441
9.52956686483272,0.306674642525067,4.8056833748733,0.543848044610381,19,202.090532544928,2.23322231918493,14.0359418094848,2.80960785781009
47.1137498319982,2.80173942062719,10.5123572512122,2.79752508632424,23,34.1154452556239,0.404665071325486,8.38381540977778,0.968722634595891
74.7389365147294,1.12326934167488,16.1210479404876,1.47532571183143,30,22.7184519924776,1.36112306497213,6.13171784670333,2.07687740249587
29.0207551796368,1.26203948282791,8.58242272633651,2.37573051800886,11,66.3047928555325,2.27310750575865,13.0077684821387,2.24887080898216
17.5536264013535,0.455705943823366,12.1596995057273,0.894383813582047,13,32.1419111144729,0.667168420707782,5.49244671156157,0.865124706152499
13.0533658029478,0.394359286498569,6.82928014028402,0.541385282424645,19,152.400013968153,0.691148526928184,14.0515631388319,0.987604614134001
77.2880014643886,1.58044470224785,7.13063902678848,1.43095808599586,9,21.6715059038948,1.20253546031115,7.18831363552838,2.39083831522737
183.238500107211,1.87983211483136,9.79030705987518,1.50072795728025,7,29.82584676806,0.816126757721495,0.850979343911632,0.316241305606772
117.996367999694,2.33967854024555,7.01897189283976,2.79801302100292,11,40.1457381368818,0.755086412188608,3.61878455240412,0.505282036216063
10.1938209183123,0.346906668384271,9.30484803827763,0.873843209501423,22,16.4087773638954,0.507196944109803,4.47167215921427,0.722655707112714
48.623072258968,2.03722460275592,6.40320271716105,1.03040066736794,17,95.3592531134183,2.00309030276651,10.3470410880471,1.94570711773892
151.935658299984,0.942828954936289,8.1237552794451,0.582408188811865,3,60.9584413317694,1.59020682809247,16.4918282103491,1.73712101481329
44.8744974266043,2.5800119868307,9.03113864500504,2.39198353152312,19,44.9565568862135,2.35323819986779,14.4988947282345,1.79000628029855
49.5889593545313,0.811954101305462,10.0233560657961,0.772335992805727,30,70.9977057461211,0.972683093214521,6.32257393257565,0.92586632528706
21.1119358905404,0.768231146319436,4.55378395092661,0.759671281346821,29,64.32633040079,1.94190091652247,9.57406547851988,2.78837796391714
18.6971183889397,0.455156763068814,12.1841617005632,0.776405808941319,9,41.1610730602768,2.35385073959515,7.38654664610263,1.72303059944131
28.4244722624929,0.549294143792822,8.87110540282771,0.568586384877614,2,33.1621874136325,0.642930870743151,4.43453115980676,0.703442210012024
49.7821783287284,0.445248997190762,12.7995133678404,0.884339135032468,28,30.6498964236473,0.861903938722935,4.4204301695362,0.488747750283174
18.9491201125461,0.466448657913087,7.43167848870585,0.809860569326909,25,24.6496781097017,0.439781522865819,7.39665558381482,0.704239129529883
15.9781421611313,0.6655000913576,5.04769922184515,0.683600485099329,15,4.45411850380512,0.300103279973558,2.80746965979726,0.462412176568151
39.4451424287057,0.679020723765933,1.85367420814127,0.378782057271742,22,191.492999870471,2.56136271974012,12.6256667586012,1.3255502974053
58.6454695021859,1.83591933973009,11.7365148124973,1.48380382917226,23,62.2718202462484,0.80477565462962,9.35005088822759,0.615827862468086
35.8248852415873,1.94904803207503,9.93953280573773,2.95874408414338,5,18.2347889472688,0.461509277626894,6.32096525643399,0.563780316233505
48.5228344128346,1.98692869189831,8.84154235681848,1.77926011217733,14,77.1730711502183,2.56419243342536,14.8317793337951,2.51504103747737
22.0631465983476,1.14885895653732,5.86555246765613,2.97723828718813,8,54.3554983439502,2.61273358905203,14.058091061419,1.94644500818637
44.0917571837368,0.802459553978004,6.64733714306484,0.501400497837294,17,26.0070365332179,0.812218533856733,4.91595931982273,0.614949466363845
105.899062511303,1.10184788256922,14.8770954860462,1.17506542973607,27,73.3193427755492,2.57059649561708,11.5224001129171,2.58826647505382
95.470078181604,2.55165859702778,12.6584086848997,2.80583662291723,6,158.429674627991,0.720289674668484,10.2876831132236,0.915558081754673
64.7023129577965,1.20002985777119,8.81764241267442,1.80428396491881,3,62.1049873761413,2.4693169262492,13.1717766188752,2.95305859674111
41.8420411615118,1.59427389517916,8.22103272139874,1.98115069285194,16,28.7980210460535,2.06500540232958,9.18325345015329,2.04033075386096
35.4500024284685,2.88027146484052,9.60740318126854,1.28748042765145,23,170.11792444713,0.957253136906019,5.98106191967376,0.505421887824174
57.5440628544753,2.92697421861537,13.2663472266873,2.2251862466587,20,178.824274506124,1.08218629197853,15.6307228914618,1.91654491989826
22.8941717468778,0.478145394810438,1.4099989687512,0.376489469992936,23,59.3880307086986,2.5539653222901,8.43937144843239,1.90499983236816
83.5730760476231,1.58878508468571,13.3205024793378,1.15972372023427,2,103.434541120276,0.603972546137258,5.04192329194847,0.445649570798659
25.1378259946418,2.41923618198459,7.24458668865176,2.06262043420046,12,15.0994137671794,0.443651574893089,11.1624601333851,0.923282065475532
183.115231865648,1.29805451172095,14.9773417213721,1.63369436517848,20,64.2320889638933,2.1786468397339,12.0878992538026,2.88992605455484
158.037302632986,0.874543040104002,5.13089300018642,0.433263813161089,4,50.1776468526259,1.10717963469853,11.5027845623397,2.29702672031115
83.4568127618858,1.21447676982295,15.4908978498201,1.50435327613061,20,66.5040127361429,0.583040218917468,3.8383715353093,0.453528984470361
10.8739392138621,0.475421568854956,5.17202604267735,0.693512382155422,18,68.7070626295979,0.777925237432302,7.53473002406982,0.918518333704358
88.0240971195936,2.26477928256892,13.5971822055423,2.53532098123132,4,42.9579051982952,0.627952578503873,3.35980703865164,0.433199936247506
21.2242476754281,0.541499681344489,9.80785445119274,0.710511506297587,21,45.6890675070849,0.871755043418137,11.0074933405035,0.844764468084603
34.6298464613779,0.406039056554608,8.64566367791319,0.709098899257477,5,153.456206421665,2.19679444657964,16.5069320028957,2.24348146985518
14.0620894298951,0.365086001401728,9.06902914565798,0.732611821407206,20,50.4710558999365,2.36058769029792,6.35472248693485,1.064219553694
26.4229471244874,1.96736093556824,7.94190855414948,1.09425628741549,15,3.19275088465805,0.319600734124676,3.08189413840934,0.492586247586946
32.6717459156003,0.669308918931638,8.01820712809062,0.68657615038417,21,36.4092201085793,0.738160178035432,4.32137815210437,0.592403425693372
45.0369673355564,0.778964162628732,14.3936718086191,0.939011015199093,23,48.9552359161831,2.4747762715053,10.4063064507632,1.38233107865543
29.1756390376644,0.726432311675557,1.2223468725888,0.331148844740822,19,6.16262252811705,0.310681444179024,6.08079781574156,0.97647680093974
74.2479763583892,2.53577089818275,12.9896687742823,2.80027656403572,26,118.085211652944,2.4442590799132,13.6604190970655,1.01882533699206
47.2793245228981,2.02968458557521,13.3513310068846,2.21461472847713,20,78.0840474061479,0.882775092577953,13.2268262075967,0.871268922542473
18.7545462602073,0.799062002351574,1.44716269657132,0.392362938985786,12,96.8055461995395,1.83886732952428,11.6296551841316,1.63779246659005
51.6804583800609,0.442245683699286,7.22211171736517,0.801185372413462,15,31.3195213669103,1.41237252938105,8.33698409695675,2.66532669509141
25.2859821461578,0.362973865629579,8.79207578124518,0.706495807886855,7,44.5783414015443,1.74289000872385,6.13268818294638,2.86723078219759
27.2357739219151,2.5782938197648,7.71348015085014,1.63696360351973,25,42.3473271040232,1.65750934973913,6.30482297251253,1.4359968405173
16.1126631546978,0.489207178424776,9.26151576472183,0.907675734972544,10,33.4298279783549,2.73612143711176,10.5303758982779,1.33393606964422
107.449943855688,0.846124788275697,10.6235177174049,0.74612101204051,1,6.12477970811754,0.342414226930891,4.45778502702553,0.538714953337087
98.9468042584733,2.72107634438168,16.2793550945535,2.87555552980023,17,147.203286338716,2.92086119239557,14.1888876058373,2.8000671884241
233.598578393327,2.55295577665451,11.5286207070302,1.01458855173264,17,65.9974733543959,1.70687417251076,12.8953997058391,2.85345536565597
65.5120653034811,1.49842927371148,16.5458918110402,2.32098440886108,12,40.453942677554,0.728529131108167,2.36405216577808,0.338418970534524
89.2688102163414,2.86436226731457,9.83347870355512,1.00617727266353,24,119.544979541166,0.654017219830098,10.9384992352635,0.71679611286719
92.1484414350434,2.21098137890895,8.36475521684948,2.30468058577605,24,53.5213638107242,2.81835844041746,10.3980066846247,1.10001540602901
19.452401340581,0.394580722254189,7.35228225698742,0.82089993584396,24,110.882478885176,2.9612913369208,12.3917205852304,2.72011840937632
57.247896507466,0.776362813274273,4.70509131276863,0.52849289669295,7,111.48568297519,0.769588144296711,3.11781083717065,0.4042792882049
30.6812711924374,0.729675729358644,4.38075055470394,0.745320812055358,12,16.2018660359883,0.609651766593825,2.09421818290346,0.390499093970524
19.7106771764748,0.361490455085722,8.79902044214627,0.567908934650424,21,28.2552475603381,1.18958752194695,9.74723584314249,2.17004182036978
75.9289788570491,1.48927862807003,16.6845090684414,2.94116498538309,13,47.3941612983835,0.999660815448913,6.66524940309719,0.975583982834789
49.1522250607626,1.56911039998267,14.1161925436883,2.86697966421756,16,160.616882967338,0.802857209651431,9.19072886130333,0.805052948649363
52.7529851118634,1.31195918890236,12.6080793865485,1.08415311872009,19,149.714817000981,2.71117955421091,9.14051506793455,1.59777929306782
5.93609083310725,0.366081162987597,3.55170333980369,0.45676159574767,13,14.7165300772564,0.534149615019049,6.965337601259,0.72953477461261
7.66289928517574,0.305521188986023,8.68995748944368,0.550622708242587,2,43.6368993772713,1.79013103241818,7.68854014710129,1.89656518049811
184.384298129288,2.70831765340444,12.9178119089789,1.2441169524298,1,75.9562825333306,1.76488234951007,12.8710142039312,1.89226750051807
100.84793826708,0.491831387472214,11.9439587568283,0.887699519913572,10,64.5516820622669,0.768259788180456,3.9081268875079,0.384117578246152
54.1952928613326,0.945702613192329,2.88529063902072,0.378624012366604,21,57.5673994489249,2.59914124013453,8.52792487426146,2.2970311287661
43.8781987365695,1.68756318244468,8.79265376680534,1.14489382440408,24,23.4149740196149,0.727728376720642,6.1461940315139,0.588274936601909
117.293485462806,1.97020273612332,11.6217382083522,1.59347754457742,17,121.937848698578,2.11947202161552,16.7794090086417,2.78694507194645
10.2044585012254,0.537148642229022,3.49215036332441,0.57676686331568,4,46.4729165765651,0.84893194616657,7.79153207399332,0.738223450338148
8.74554861273183,0.324970907892668,2.05097947014069,0.318150966862052,16,21.7564076855584,0.376742507788926,1.42327138665525,0.375128104248367
35.8491413528134,2.00910748444234,7.01281593450207,1.75307173792441,20,94.3823043364961,0.576289031584092,10.974541619721,0.79418189737693
15.7512913927995,0.566845416213628,6.20869525797671,0.741300288624672,12,73.627821560687,2.52327218185303,13.8317063284599,2.06854789416447
14.3043642114777,0.469209792866155,4.45556087892658,0.501615925497332,17,64.5305784408776,2.18863926517747,13.8125370840394,1.85906334242213
84.2386200547581,2.3538945364709,11.6584762962693,1.02833167663544,12,66.6189322476504,0.515629687529947,9.85632123636325,0.832619157716225
28.8668759347141,2.49130491162769,9.24721665184571,1.90610453283067,22,13.150702588089,0.427753279833583,3.45706728182235,0.422910586689792
40.893868635596,0.902583107124503,5.71428752057728,0.480966321414092,24,29.6793336505229,1.7157947322811,6.72611792838204,2.69814447386891
86.5877383148799,0.921452700232168,1.84109411795681,0.322399540188736,14,33.4059696814377,0.882727574285209,4.73220259110138,0.505170840442022
103.484231038058,2.23446491490732,11.9446532407296,1.31794336298125,21,36.8289977139587,2.56225855437438,12.0798551821898,1.97053232370466
26.7960985400495,0.577346748358876,5.01151280688753,0.48848900978556,6,91.0516737452619,1.59569771432638,7.04835657928748,2.50433922468163
74.7562712252398,0.51871894311907,4.59777412011033,0.535890226142282,21,17.6607443063797,0.449984075753218,3.08680013103632,0.498981630834145
57.4225151225922,2.40737596319049,14.4232696270471,2.69253898061932,7,109.706878852277,0.937826600942071,5.68100966009063,0.903435563925544
76.2636307677278,0.798099695455908,11.0653458909553,0.724543898579187,6,28.3258385799855,0.518772097115781,6.86535228142392,0.661414736326979
56.0975719150738,1.20350598311671,15.4296341044148,1.60719182405108,24,30.3641486173575,1.78833333056095,8.35662712662237,1.99257780437979
40.3688035783044,2.83898270488919,9.33373393678094,2.07959059330975,6,58.5781269711696,0.896282990454787,4.75970921533591,0.512666504023853
44.1250421105508,2.94472880423644,12.9082197252134,1.41745207027999,12,37.5428248402079,1.25584854628068,8.4194112332749,1.39090454670621
77.2182823670274,2.85654769409113,7.59580717675341,1.97639778122438,29,125.565683554442,0.747786848387571,7.28351527335584,0.598140105037065
115.601639151454,0.688313961203232,2.78158412254686,0.353157425045467,30,87.1963085873465,1.87133596184071,12.6850296095292,1.16203817873227
201.251724150621,0.907320448604886,9.17404210529712,0.662758066688858,12,20.4937356795037,0.426130234128855,5.12048337734884,0.60514591389725
91.9373738951259,0.941008511803108,2.49289360776125,0.378347581298533,26,74.9545820227949,0.69734529316502,1.9641643570331,0.331231954959782
196.844397623984,2.22516911970671,14.0755563830797,2.47603935993861,11,32.7692046520161,0.763960948988381,5.33677981926719,0.889847409306453
41.7791506075182,0.766414052801506,8.61806662417601,0.596402329686894,18,95.9623346693994,0.904126151315616,4.30779676226267,0.403978379095756
70.2678857088747,0.6271603560074,4.17210581563391,0.40644646781,29,65.8117773007061,0.723313387640751,11.5595608020438,0.815927967591466
46.2323242264815,1.96499933657391,10.1541703946279,1.83358561861482,20,121.733232541385,1.11896533804596,10.2143015489192,1.26649435349951
210.993673934552,1.00988351158869,14.688045573247,2.36378427811151,13,40.3252228209905,1.74018386845365,11.596456422015,1.78439764781139
46.8626747130403,0.960914770807591,9.79937632629835,0.635255376006576,13,58.5626063977731,2.89923703947998,14.6290128237872,1.95125666812918
200.851861740058,2.11319053654333,14.6163026572533,2.85664996018408,14,14.6337748912361,0.610524695851389,3.37868928653954,0.554198728537287
88.806339197444,2.89327358646026,12.8049778054499,1.85898774212378,14,92.9479217693292,2.19287692729033,10.9995513526455,1.39351462480447
71.8932371844183,0.951863374654924,10.0721218744856,0.953724663998216,2,8.49006574805506,0.383341679844852,6.59915043700637,0.806537971907484
13.3868709158263,0.364656461420471,1.37560000050251,0.301940797562829,3,127.70979936549,1.18023349529364,10.433455057666,1.28735598679632
49.5712013143085,0.850740792673371,9.53262323147153,0.871075186441235,28,62.9143848689734,2.31597354978125,9.8589428838463,1.22175761595982
21.4847271623146,1.25854156091669,6.92811987751919,2.4980330862316,8,47.1423569050179,0.369731388657426,12.6841771683167,0.937789077419555
132.389967880999,0.940650587982882,7.87283394196651,0.661845843891439,11,41.6336840528756,0.699786893047017,6.45422817490434,0.7617400146487
62.0291758195432,2.32723835641774,13.537239811642,1.10653379531186,26,20.0005328407304,0.534196983366155,4.47502096316012,0.602137633130913
126.384944507592,1.57966464163668,9.65243874935073,2.00508314636752,13,94.727010171776,2.64774405854931,7.0970910634295,1.41220155192734
34.9609961681997,0.708183152377798,6.96922532404682,0.640394902339757,9,38.7767094402327,2.40324460602249,12.3901165958924,1.87448461363283
38.9026718677911,0.786896340381999,2.26565117724629,0.353966565137745,28,26.4921246976121,0.412101964656686,6.09110286060111,0.734630595496096
18.9803110818827,2.32970339083468,5.71413561228769,1.31785173434779,15,46.0261536464077,0.961422580672127,8.8969629037003,0.729663521556396
41.0135706388587,0.87227858830191,7.71962456923076,0.886439212938137,25,77.1409774616391,1.88661678627371,5.68534907377779,1.22748482150801
58.1215739763269,1.94446962160279,16.217964536814,2.47366139989032,5,78.2704799763826,2.94956143956644,12.8664269341944,1.00505749528495
35.8910716246351,0.886640511486201,11.0112584510287,0.78966188194053,25,100.469334191478,2.07424487616459,11.7196395128579,1.1901287167963
208.910372468294,2.56109579414095,13.610315320556,2.60841035475294,10,63.3982725851909,0.663696385005744,13.01656109431,0.925188316786804
86.7586903951439,0.463709142946111,1.38888823049761,0.309557859378333,5,81.0360815634819,2.93897282337971,6.71158835236165,2.63932008731191
90.3051963134582,2.04449331738715,15.7354402440926,1.50358986740715,26,52.8098278640081,0.882210068623886,7.37347485199343,0.576098640035728
43.0524019572523,0.753834577105506,9.63037508329154,0.615594379699684,20,128.637447134703,1.3490062084186,11.1292321502944,2.176659066852
69.4568982222399,2.19008393947413,15.2285462190917,1.53173256388303,6,17.0628964100222,0.808575683937475,5.15290508099651,0.796991364675628
51.006385957467,0.866385318705312,2.23590807451542,0.357863416160532,11,66.6179498652507,1.21338151033597,16.6632772147842,1.70060812715406
45.6265260841716,1.00532048802684,7.06818626053734,2.85359023015697,8,59.3745537888586,1.27824788776574,12.0944422301768,2.82286958494101
47.7923885534893,1.48967417047177,15.1067213253326,2.12102278861942,9,27.0215336843765,0.579649483943635,4.87132693990929,0.58241033779648
7.12979788796359,0.30509588876778,3.16028547549794,0.474607590905478,25,39.4416381049666,2.73492515291355,7.28648158870154,1.57346567655454
9.46801552682325,0.374545671883297,5.23116017711877,0.532889687118233,27,23.351030045049,0.451737725169074,7.65459806794791,0.598417559343323
6.06080151743849,0.31475835899174,3.76995156017155,0.431860169010419,27,54.5097192067357,1.58258966809548,14.2039917684451,2.53259064154798
67.8543627947842,2.03019086192217,11.3065691461807,2.83110051384131,9,20.4862786386559,1.85320145930005,6.01960986910461,1.5904103350854
23.4184156817248,0.735520239820269,4.1352195991279,0.542170199486173,29,22.1644355735793,0.629576565915103,7.31613250311548,0.829946117994104
58.4000822385329,1.65867120231742,10.6371649051879,2.38247855983473,2,72.5978609086017,1.60563893519553,6.95142812703458,1.52722526415121
9.64791762985627,0.381405295576179,1.87653995556004,0.39222454317788,3,59.8934405587085,2.13798012163856,9.00697145868977,2.09209318600671
104.153861727467,2.53763368402925,14.4442685628544,1.20977376488621,10,52.6481610504034,1.32100717299029,9.35297565382525,2.48920145498259
106.868574738776,0.601950517157684,12.7668445712847,0.899196581039756,15,130.160133710772,0.971633978297304,6.667313568312,0.47735168761951
20.6454425109416,0.664617677319306,1.87690882226986,0.372440998721088,14,34.1538995278236,2.46268064601387,10.860861772101,2.99380214594489
50.4573171037484,1.07029543344885,15.5980403741448,1.35501401551811,26,35.2141750308681,1.3320705547488,7.61510486178345,1.04072985215789
41.107867255128,0.456220366862555,4.39920992448192,0.577756982813869,9,61.3407100414378,1.03826808836588,15.4341308471287,2.74007497808825
36.8336540210782,2.61852765165664,8.06647497435717,1.34506279332864,9,28.1872688094657,0.768395552910538,7.28739401433486,0.93502024192566
18.3192846152073,0.949270845320692,4.47481009402688,0.685819872605444,21,52.2392571635382,2.06459266914109,15.6545711923208,2.41582621931253
47.3550037497359,2.44826531307431,15.7087296574787,2.22154171822172,2,238.418768501483,0.809949551335199,9.54843627839209,0.59060892251422
215.5162212705,1.24102597438993,13.5872562481411,1.37019038115938,16,11.7918638424527,0.439908901212933,6.90736647328566,0.766441075231949
120.293205847654,1.90852957127401,7.91360092415562,1.84955610403822,3,158.24203169723,0.926750961314359,10.6870757510311,0.980052909536267
38.5734312695758,0.784467712035794,3.76273267836203,0.467523173185664,18,57.518813072711,1.316192479411,16.185491120708,1.6020371689223
52.4936459919409,0.594562056492157,11.0770627951857,0.899451510564982,12,13.9844565775269,0.323493093028054,2.15500925021461,0.401400290762582
20.9997820585848,0.395541521136858,7.42246007702662,0.660062659719983,14,7.76560653735926,0.363727833528493,6.13374933471585,0.839645792809657
91.7604168538756,0.611976277027741,2.35620531786514,0.367452476759633,29,142.696682687045,2.88895450326171,14.630644227025,1.68115497213795
47.3774041478898,2.21267817361474,6.82194959529782,1.39249892577259,10,61.7709255244716,0.996231222716947,0.890463179953898,0.33387971772775
38.5385053091884,0.63317270800066,10.1560979048063,0.933912211322381,8,100.756389642107,1.62052764232784,7.30416538587393,2.56281913775204
19.3639296369366,0.531990133157229,5.241868487302,0.495231021023157,30,7.04322891354583,0.381727533585419,4.14430230866734,0.54996441367436
130.650703025683,2.74996100446805,12.4895285485452,2.99400058320481,10,55.9298104808311,0.633669678815191,11.8505627773325,0.896464006508959
32.8285602077926,0.576577940480101,2.93197464978162,0.370484659195178,8,19.6971669702441,0.877513217211157,4.69629507908597,0.864710440515872
31.8439215960314,2.32918943344407,9.40100848993812,1.23656940311544,19,12.9948901344083,0.324041177146921,13.8476953892677,0.947137478750811
5.35096104793569,0.307583461594123,13.6251845024366,0.854742987612775,12,170.310405302059,2.19396226257107,13.3160599208667,2.79311248555341
6.37283632957941,0.301655226289632,6.01333179086475,0.868667355556996,16,63.372487264238,0.738884970063675,11.6844130780288,0.982331557555816
30.3867628778109,0.55193031354131,7.63563571121511,0.758968570949312,25,37.13086712272,1.55784419830448,9.61933590457323,1.51346051142961
66.3378384030644,1.80307233761435,13.3917974695323,1.30766903965495,14,48.7912538838566,1.2908336266933,10.7945909496002,2.55910814868492
18.1720147400126,0.883193999415935,4.11034015938676,0.629238769961754,14,7.34489027022145,0.363044022777054,1.7095639599305,0.333025680530834
3.38495240339395,0.303328744306674,1.1393570645564,0.345596284397456,25,32.1651495431955,0.567278093148226,2.33782526339229,0.33547946780211
82.0015006216396,0.619438099879528,3.86423249862701,0.4910130081869,25,53.2313573498701,2.46113159675852,14.7645900269664,1.70926763235802
105.447105896282,1.90660074397403,16.216739903388,2.16636898622461,26,88.1523663050605,2.98549387286646,16.7463531281303,1.92573496147607
37.607537462392,0.876701522511979,11.6729255953308,0.883978320060514,22,68.1675220038901,0.452832464193766,4.9656755386357,0.436820276206831
105.011939764748,2.80607027808113,6.76939340900234,2.85263475010566,3,72.1111807138795,0.754369204992619,14.5978792861762,0.985544295498461
22.6582577952587,0.346012799235225,9.71151869151671,0.739516981475749,7,18.5377811665367,1.18564000402188,5.82165681330684,1.62743852421599
52.5754734734247,2.78868980915168,13.9589042653533,2.38745592357419,29,131.942736750139,2.61948084363229,9.18721066366744,2.66619993009048
31.4784603215461,1.8616223645166,5.52366934436345,1.11069468375185,1,22.3555415391611,2.38058290553646,5.68405067927975,2.89146673637414
53.1768484714609,2.87143775095537,8.37299627369787,2.6168913457542,23,65.998924697146,1.89315341488073,10.3907234002039,1.44823684981582
94.337722247716,1.16498596159632,13.2751200911404,1.25619057367409,28,83.1468159792425,2.56532915066154,16.7575603752456,2.87485160516743
114.401633765477,0.918425605732764,3.94738786560618,0.403416222312258,26,75.8881128259089,2.63653136874575,10.1677709192014,1.76451277512073
61.4287478104979,1.03715614882965,12.4438342551043,2.16740723487517,5,47.4686225965332,2.62542844421131,8.13028038152183,1.0362987056842
22.1497124336198,0.858354457319044,5.07710130660649,0.703123654900256,4,62.1160565909503,2.47074468791377,13.1385262166931,1.27231897484579
59.9313606891043,2.70394196355609,14.8151034114487,2.87500777174532,9,37.874685160444,1.87776277424611,9.45121129572455,1.31061360752109
51.9926749020133,2.06274608419264,14.2353178996195,2.40206326429414,9,14.8797671095553,0.792288061840586,4.41624889230022,0.780851532793213
52.1618156666024,2.77689952314729,6.51500274977093,1.80426205959486,7,43.0099984332296,0.605493637465787,1.91659492209246,0.333043892414071
60.1956996723533,1.69431403343821,11.4969224811542,1.21148981512239,20,36.5914401900169,0.89669974148168,11.8623662326979,0.976721567372176
86.6024319377068,1.56967750272554,6.09343915680483,2.40163377532881,25,9.22760109633366,0.339725238572798,13.2177664071681,0.957852521235143
222.516081854927,0.937858443614034,14.4168289410745,0.95990524213496,13,62.0193903731971,1.26128395877817,13.5472276055582,2.6306458945591
34.289143576838,0.888427124629561,4.64395349215602,0.466115863363976,6,10.6566970633922,0.511764315796938,5.67742271168486,0.752622586026608
157.753941780384,0.780064302119465,7.9823453948219,0.714543882185729,17,23.6265255217824,0.701506825351298,5.02626720875108,0.544612337146037
53.3078934267545,2.59926954898924,16.127727476578,2.85756625470652,22,78.6295042134924,0.95368219215516,3.78232894278619,0.515382188719181
86.8096214771898,1.53189594670001,8.17983089899364,2.31196361344438,6,33.9101846217362,0.431259129809603,6.80941333299375,0.486089447919371
59.9440007544514,0.676244996943808,8.66969588642102,0.690033397481175,7,125.58369207496,2.96641315515729,12.4011817228071,2.12688407348446
63.2516234934218,0.60768323627295,5.86387257541034,0.469039957731957,10,79.0540446828413,2.49945036947923,5.92825726012605,2.30234898053684
29.4420956801302,2.0945090725857,7.46927696589294,1.05662287757379,16,17.2889650101891,0.540379092272117,6.2036534977818,0.642771842111518
5.70292053802616,0.302496175075757,9.05891822031219,0.976577871550516,18,21.0735799192471,1.71190152899277,6.20195113902203,1.44032598761474
44.5945087983363,1.28935289308079,10.755482371156,1.47162590013106,17,54.4114386234425,2.28681446228911,8.47715894891413,1.81760001149299
100.41036616358,1.94443542915606,12.16749264597,1.28220873353046,18,85.932884266775,2.90640539077167,7.46049266230618,1.5376724565272
40.3879623607394,0.831713704977535,4.99559797950727,0.954307001914674,9,91.4877788909276,1.72415919697495,8.37522609691863,2.39177957177567
59.9431499647216,2.94127360608539,13.0788949810856,2.40519186987223,1,86.3434034012147,1.68056243907089,8.63368506925774,2.50769160946063
41.3513160102187,0.651672281797701,6.54980008207288,0.560878178279926,1,144.192951434199,1.12507533134807,16.5760351673805,2.18727032146567
43.4218219753213,1.87124277705864,9.51539651375481,1.69297516729072,30,112.115624625834,0.908136721709469,7.81868425337414,0.587824831168146
54.1457296000963,0.928596507566233,10.5377460877205,0.862633575724975,3,102.062343745743,1.78840001844588,8.42539433710771,2.26722265390024
26.3360824885296,2.7859161243471,7.05690904347554,1.44290296265656,22,57.5026379774982,0.914574413228821,6.63081660689325,0.70248116342925
39.2926311324767,2.29403961996229,5.52775560845319,1.46951603891881,17,42.1151996646293,0.872611125277702,8.37494753602169,0.953388736732864
25.3328163621186,1.35506578171529,7.65295680527326,1.77819309521569,2,53.8321753701806,2.42837488870787,6.18507297480879,1.95119201167238
53.9667392931957,0.875870961073306,10.2849309251382,0.788540423840833,16,63.2914255794421,1.41018351857099,9.07685599283344,2.01739732745131
89.7323709278685,1.12195125288995,11.4313565710908,1.01950988635149,16,29.2525836888705,0.619334033751081,13.0294477962738,0.87698436494325
57.4895248616422,1.2915552467588,8.08637746374892,2.87235644957843,29,83.6876368758333,1.56832341203932,12.3940622949999,1.37820656591623
36.5250418550249,0.858090672733378,1.34388626532046,0.320332581413293,3,39.2036090868895,0.867452075880908,8.56833017264688,0.962447051179111
98.9440462519986,1.58846029364417,12.502609351907,2.51853843910436,19,37.1538683760114,1.47010659599285,8.78620891434533,2.11411965806377
138.787684590153,1.95736235411233,8.06474913202355,2.0491967480315,9,24.6651563694653,2.58480542761252,8.11940290719239,2.72445383915514
18.3855822577411,0.468124168789502,7.90272988162231,0.55138587649336,27,9.54157811346633,0.564945300875456,3.12564116541024,0.565565036992974
61.2202208981392,2.16940641864226,10.3077248376831,1.00018194067058,15,7.66707196988673,0.337921288474669,5.52220821214677,0.521379359959656
23.3366201244135,0.451621321971975,8.62290806918616,0.732268315495809,23,110.911401171895,1.58087927972738,12.8614891945156,2.40781614650812
57.5009738384013,1.93860772841632,9.40212675316259,2.99155585972155,3,12.8274479862906,0.416188913489049,9.89001785322966,0.889763065296576
27.3653438379875,0.91639750926652,2.97057854220366,0.46748068809538,14,60.1737034709524,0.611916592179309,6.70147615903349,0.974186271631571
45.2852360935995,0.964512928474195,5.02836404618254,0.956857817375007,15,66.7296896537643,0.622346414977536,8.5875050106843,0.877729888162293
31.7366378884931,1.96774050304189,7.10617956949072,1.17841713521688,21,54.5436763822835,1.48890137568189,9.45572639146675,2.92037132045227
52.7620131366168,1.10169885538736,7.95827219207174,1.6731433175357,18,91.7052713569924,2.89493665969992,16.3870242454103,2.08517518659411
37.4219931654742,1.95831866227165,9.39933462270275,2.52088586701573,11,106.082653427448,0.688762703126062,8.02854827070561,0.731089437440277
32.8871816429216,2.81197710901143,6.05082466729397,2.11988601929598,16,40.1254081449318,0.467453980324273,8.13916372417407,0.567922929125071
9.54183129171647,0.370862877159541,8.85422898475082,0.625967264789259,9,52.4167872432008,2.93054831102811,10.1301263490981,1.33127502447364
12.5157583472475,0.448580028646524,4.16068623843935,0.709270784272655,24,34.8435839835227,0.821905802039984,6.21523854698135,0.747690557226175
96.4638569082197,0.936877819216264,6.98665116182552,0.782110383531408,16,28.2648425817459,0.62925104984582,7.58367012123704,0.781734436483275
30.8253387042557,0.433267756694089,5.47869530363337,0.603993177610632,19,28.230871772401,0.626073708534434,4.51496861160832,0.638966592474875
49.5682375530086,0.780846942808064,8.96351581157263,0.825636490286535,22,63.9280380225901,0.546666160185843,1.99336270458237,0.324076098587893
40.386936758183,2.71519818379864,10.5579679920923,1.56411562531415,4,20.5757756027258,0.595148552384666,5.20632318873839,0.858956566431047
50.4036295154663,2.24130694992789,9.07055987725224,1.10273415686819,3,67.9076890106935,2.42119392236762,8.34022107952196,1.90534364333633
48.1559188692497,2.29616233057373,7.36736310519246,1.08989267473561,26,21.2822098963163,0.428851485282288,3.66001900115304,0.486009713493715
73.6665267894007,2.63712743831103,16.2038354653582,1.59777275695885,21,148.527049590155,1.09101318662922,12.9668082162941,1.04792552035903
27.6879821513088,0.724467194288177,8.7033769906981,0.880114079578074,2,112.196995516281,2.65228813938994,15.4757947719434,2.33665149034732
58.9301924854805,1.16919745293196,10.2872960655391,1.73016366867025,18,24.8334635174966,0.543391476211595,8.20752150775338,0.844044125195268
55.646114017156,1.84233987267201,6.94096936921068,2.0432829329086,24,88.5880632960514,1.15027680734937,13.0855087286374,2.71323970682886
117.930064802153,2.11100580092097,6.79794000755252,1.39025253921664,21,41.9763105466134,2.69372953472057,11.4668518087206,2.63276163674233
123.303969316638,1.55096876578484,7.96704972481464,1.98123520503381,12,210.532218899314,2.99633373904041,13.8063047589047,2.18151865087888
11.7600782689906,0.376997792787869,2.46837587420693,0.394547358465463,26,48.1353751380564,0.968183216194816,8.95802682682088,0.746147898354421
21.4048060563201,0.782408663301965,4.63777910525028,0.666336158277949,12,78.3106889524058,0.867024390147419,5.22250754492601,0.631734739915433
189.382930223467,1.26952468274927,13.4002376381349,2.31363462193603,22,36.0182672176147,0.945450523517676,5.93381014499494,0.684497390882867
38.0604725298247,1.50566480207863,11.1117087874645,2.20733738242547,27,75.0189093196826,2.60513253322309,12.3595799628539,1.74886289125337
15.7617798754447,0.383414143064542,9.12456277145187,0.819500132222437,15,100.03695027046,0.967995876970774,11.0742041250322,0.854862282263139
103.839385433153,1.86613996756761,12.0628788451256,1.86156237154275,7,38.7013111881596,1.92617479501536,12.0920224561162,1.76819767296529
44.8735296111289,1.49033151544565,12.7825642587681,2.35122254452153,25,21.3038441198693,0.514350744342781,10.76639344215,0.830703614659344
54.7234699694721,2.88331445420594,7.25718584705621,2.1682487787364,23,92.4493212031278,2.3693305732696,9.84871347115375,1.89475342204929
27.2624538101944,1.91764820724722,6.79962973397767,2.63639313784885,28,33.9153132644093,1.50949477728659,7.78569800660928,1.12813484090936
64.9839924345839,2.49296086452582,7.67151038698409,1.18574538004774,22,44.1675235997503,2.5280591119459,8.44082343009896,2.18927746477087
42.3464768710941,2.40133259663813,11.1771459394292,2.88516048740415,16,20.6576187639482,0.395177024570594,1.53140914257199,0.311032824249073
83.7259658584339,0.750554610306625,1.43008416937212,0.329134535674748,21,73.2772070088058,0.896115425263442,5.43640977128593,0.526481642793781
58.8790706767081,0.546959562312161,11.6407969485291,0.995547142911379,18,37.5007462498805,0.856308077789889,8.52095414098099,0.940967739557944
41.1408784377318,2.56704021428416,12.6221714759248,2.36904616946543,18,77.2998221553979,1.01413760542098,12.8687297052799,1.38459193684012
16.2859920767835,0.890476903106933,4.99627929624498,0.976451361166718,25,44.8690848106235,2.24002634962033,8.24998772077952,1.65668090000953
33.6977701877536,0.671559884009519,12.6480039516776,0.832749431925923,4,70.6913339757987,1.48015581261196,14.1017630706302,1.46480591638872
26.9170248648992,2.96518963152689,7.36376372205993,1.72304069133562,13,64.9199236238262,2.31819665481806,16.4753918443465,1.57815458512982
15.9167027677429,0.417208026898915,7.87748911508174,0.778746186919235,18,44.8161887387932,2.04633727874785,12.7556336688373,1.53515418238002
53.1929545569517,1.4070981609274,15.2202952364431,2.56797997959203,12,21.8692452094866,0.555976411350408,5.48541333864549,0.800561197118392
31.9340153751579,0.349022107806268,3.11894221759976,0.357594496072062,2,53.985814618699,2.43859744959668,12.904329237227,1.82632860223192
13.2419495814177,0.401755855149168,1.23173561497558,0.35068095256579,21,18.2833922397314,0.603129658190891,6.82203308555572,0.824567785290043
39.1079636500388,2.59070420116716,7.33762440512373,1.57529562482764,1,33.9994455929987,1.71696223828396,7.16485338351303,1.02969417125305
158.85163183195,0.878144970861337,10.8234910682306,0.867193882504887,2,42.0442054077113,2.41479689371006,11.4518502831958,1.24085276844124
5.69027145301762,0.345384894380922,8.12997659870951,0.955388822064031,18,13.9060185193613,0.412072998046505,6.5020688497995,0.717305945761043
30.8096670121312,2.79948101375148,7.30465005641873,1.75234039712212,15,36.9558986535599,1.04241453027912,11.5045060469954,2.51863383900366
13.9587675456437,0.328476066558044,8.17255519698728,0.975798779690813,14,47.1918490802111,1.9383749163151,6.09480786764559,2.6625908624849
35.671934476087,0.93176883407403,5.1343321443733,0.51026389271063,15,30.6268123985787,0.476603864643145,10.1667714426969,0.636968454539989
17.9527648532149,0.481822776393656,7.84222455568271,0.614075279142049,8,55.5579888906389,0.667407725846093,8.73644766575026,0.582276956040226
65.9732011327246,1.47798524240324,14.8733289551008,1.56056774852697,9,19.3457117018684,0.689175058615514,3.49117975878438,0.601144291738648
33.2715432907697,0.552300958866762,11.4385543388665,0.772737502200722,15,59.8636562570481,2.20553157453661,14.5119605976913,1.20278157825912
4.18850081594199,0.35202733858383,3.33002418932697,0.537961181077967,21,26.7549160055629,0.562018562837313,5.48724079922091,0.801441962939706
270.717381336226,1.80908110735508,13.9684348291195,1.40608428613743,14,52.2830864973599,2.36324561753885,8.64649491859909,2.5875592265884
100.382217672463,0.921261328667885,1.24322979366675,0.335604587970256,21,75.0689476195251,2.93845790318869,15.349478629686,1.44417847276523
268.505435838652,1.2529238956666,14.9086301348181,2.3855574068195,15,72.618680982132,0.717235194710188,4.05040354713581,0.585590123641327
19.7799858434036,1.99004017853229,5.91928799530713,1.15326561114033,12,5.90394388791927,0.335758963762547,7.36336517225887,0.605349437006265
18.5909234783403,1.35482926221602,5.85800237525168,1.57501306767863,13,43.2183295372271,0.940067650850301,7.9835585873484,0.99891176228127
54.7642987781623,2.09100359929899,10.4550313089981,2.95790476409873,21,25.3175973433275,0.697497455485775,3.95113553643929,0.434019254153906
87.2359152395902,2.98186331147452,9.50260535468592,2.96352120225208,15,91.0944237305849,1.9812475523153,6.17302756837277,2.73784350066842
9.07581125879515,0.45886589283466,3.79858770949796,0.610438532500934,8,101.62312642212,2.76825169852008,11.9793593377013,1.12328639868133
58.9846868912621,1.60272673233294,11.0623149877594,1.80635357053274,12,9.39338843558126,0.354477169569366,2.43257129057267,0.34058739260737
106.402314398421,1.0879566845801,7.54216405004913,1.99927250650093,12,45.8129400313253,1.19655882288158,16.215375933816,2.39015814625241
24.7218299532505,0.323932917857741,7.27346491031744,0.622954307508693,22,15.8174075390438,0.557331513278673,5.31964524386142,0.952817829937405
69.4661409463765,1.19416066862455,14.8201140396468,2.90207807715124,2,36.6435009101219,2.74717669358746,5.80282491706553,2.69350610716172
70.8635492234468,0.854546436900728,4.98808755076434,0.724548123159128,18,117.202645192607,2.62606537557404,15.2952001951178,1.42916153541971
109.294436169409,2.94623971570308,13.1663196087057,1.30041846884793,15,64.0334421012138,1.8753818974336,6.02030966072486,1.15350812843507
22.8015327162908,1.93465602112072,6.39473571777792,2.41458624095925,1,73.1971445290728,2.00259128249571,13.3186329065954,1.0633561633578
93.8528291936485,1.97155010700498,14.9385034935472,1.51392939605304,16,23.0720722974986,0.958178386634712,6.74536363323236,0.915759810688334
23.0074327388893,0.6590622190898,8.28348583245528,0.964894926749669,17,23.0842306968946,0.770293321033915,4.93694932863853,0.729780075562186
25.4859478443404,2.55204302042497,5.87584038530926,1.72317822852139,30,72.1650169809597,1.45246339583329,14.0959023014456,2.98160234236641
65.961182338773,1.87629468151258,8.47983832839916,1.08305224316174,28,127.563913613965,0.891213750114431,10.8435957990319,0.706127285475763
26.3747488723127,0.503395101810747,3.99142269298205,0.385520155475319,22,28.7447111085012,2.59506097615456,8.67600307985284,1.8175745389744
38.8263216358562,0.505364285698253,9.12863919167864,0.594972168015243,10,40.196653998672,1.01887247735703,7.58659168295766,2.81449705081422
18.3443503713771,0.489636784403973,6.56974582390631,0.823722031915759,8,40.5252990838996,2.94964219629956,11.7343926552093,1.25945079559625
50.2639806129314,1.2616510071508,9.19491468780125,2.36307614136288,11,38.5041986839241,1.27324222688838,7.77072479794305,1.31899344143535
92.1793562122859,2.70755587695612,15.2378939807126,2.05816999000855,22,29.9559432698559,2.85194969368154,7.38945162690575,1.82758945608427
50.7139059601438,1.40818557187724,9.2131531010173,1.62558714628043,18,82.4116614455716,1.69916484137892,16.9033511616863,2.24596197431095
55.6856055695606,0.511480288884372,8.77337107192742,0.975145361777588,13,70.2223779874907,1.55404750535895,6.87374813092273,1.78121334455108
48.612397677139,2.1369300576954,9.18374034809737,2.17905749261875,29,10.2561686626293,0.377499206855037,11.0221299483299,0.780851844150365
51.5613632656958,2.61096806212746,10.5377010768891,1.61242812739827,3,125.018448636291,0.698279845374906,10.3094876421562,0.652289659565005
78.1852247245442,0.670947224730164,7.13219171854805,0.828754965978379,28,31.6389806835815,0.69890872024478,2.54370329341322,0.379203339523825
7.07967906156831,0.303487927863492,8.15594296140756,0.626799287071253,21,76.9624529556135,1.25243736975583,10.0348044071861,1.34287355238225
7.43959385684611,0.375172394042731,6.02143581648447,0.829122506831004,7,23.3144072503002,1.76966261389126,7.17863649609503,1.91356168651349
48.7552687065942,1.48582576535303,9.29694098783764,2.94701694949589,13,71.6773429721687,2.87412311233052,5.74585732868161,2.16334313033985
20.1990522576289,0.947974847180621,0.96733127539382,0.344799853516187,23,189.3405717468,0.643054363921657,6.2472466158266,0.465883119086158
28.8818984476467,1.36822613496042,7.05294198331304,2.52790077255063,29,140.306497710114,1.41702451654573,13.5972560840941,2.58446826035374
75.4557234147919,2.52272783144378,8.6881307865845,2.07534911362659,2,21.3499332176482,0.743303940155359,1.27296389641675,0.344023000818705
84.7658057297538,2.17229413906951,16.738049442995,1.93825702879801,1,145.675165153312,2.35943777680138,15.4884132132108,2.63793066981266
62.2916780877557,0.671679323327482,3.82241762597619,0.388993254504952,15,59.7446067483552,0.641778746540018,8.14815091721452,0.584549113264906
39.0008908123514,2.5157212819748,12.5272588901266,1.73068351057011,23,196.796027183839,1.83722346373437,12.1925562024311,1.30510463670479
42.2944770437008,2.55547349405483,9.53734542296772,1.09445773415593,26,52.1855325244652,0.877189663841598,11.581388105625,0.719207763191298
22.4076076664529,0.363460788160891,7.02412386559724,0.499264734608584,21,26.1050682691636,0.595370753431929,10.2261859513792,0.976567442593779
82.0844171184277,0.653602191684492,3.5369571082912,0.383399762814578,17,30.3812773068608,0.620147340696277,9.77144979504059,0.648758375525799
31.8868421758604,0.981466343947069,1.17197057495925,0.309814710088906,19,91.0843001970744,0.942917229935499,12.2442265211934,0.776570626522997
29.4783152682317,0.344364174996669,12.0633225411798,0.918064768230451,24,32.5727772578462,0.455341614279704,1.68597197672324,0.409777138410924
100.36981109154,0.557919501229251,2.19507872674096,0.328359258645872,7,10.2677921898969,0.396805312859993,1.52967892962237,0.350621120042588
62.6687520330418,1.02032895955589,16.1403101473605,2.24675047115525,5,52.1345901779203,2.66941108257095,5.75099418739963,1.96670843243334
27.8810016052605,0.610931878335229,9.44617010321823,0.758857816226546,24,15.6092692724361,0.407132142659293,6.83191728195711,0.87851209875883
46.5292283067683,1.51754855241595,5.67759942975106,1.04645308793432,15,121.521737307864,2.21415105610456,12.8144602386435,2.80839052769696
67.7210950528283,0.764426386952911,3.90978375568737,0.547574888974669,26,10.4909761459821,0.432090321995179,6.25069245522199,0.975189369865076
24.5560046475281,2.58629197968461,7.36536922330019,2.23456649872666,28,23.4364751708694,0.832632305256377,6.36035298458733,0.982264803582242
183.96429558079,2.23837771206011,12.8953525180787,2.26760080883287,30,75.2318153213232,1.14045645359811,8.67020418854141,1.85613006215361
14.2471820566427,0.424848554558375,11.9019384571155,0.899075920487497,30,19.1011889825832,0.417336539939311,2.70996813890248,0.366674084089209
57.8330439765604,0.9472404859627,11.5817239814484,0.740079386258155,18,78.3721729479865,1.39341169333804,11.3141058699797,2.43085340673122
10.1076150825341,0.346519798113386,4.62818382005763,0.447011690175082,27,30.1139543063686,0.675978607475191,8.41517130989053,0.677815032974401
67.5408350842175,0.507289071837504,8.2143156534551,0.899683152182818,23,37.5211589500729,0.652895664301105,5.98908196996838,0.544979360202579
157.108150474267,0.894466035750734,13.3926937473373,0.914269977428932,29,43.3112873270326,1.17351403781895,8.95372892428392,1.99695979772913
13.4594154195544,0.539164316783944,6.76481275389581,0.895665394868403,23,58.9523612386627,1.68930537850877,15.6458772157096,2.96265442470118
39.7670696678248,0.650505338561551,3.90256518130506,0.431073974365754,20,98.0203303941933,2.33289142270313,10.1589841877646,1.6858210180325
20.3384247199893,0.433125821466028,12.1914714112689,0.805427060699647,11,79.7678863062492,0.94627785095861,6.7782189458838,0.579609413474204
74.3111681722723,0.675447016552831,1.20820360730908,0.345365941696658,25,33.2971851681489,1.72847040947828,6.92951496637706,2.64336858810808
6.2871029581284,0.310564796467821,10.1707410608922,0.974992392500215,29,54.9471226381134,1.41942059562118,10.0074136573324,2.16644295150129
146.122490038233,0.755681462260497,11.2305689184201,0.906271763638248,25,26.2766240563299,0.490390143389041,5.15933253978692,0.447785540263474
111.443899030795,1.43768026445604,12.4853841368209,1.48765889049447,8,29.8049715706776,0.955964797808448,2.87510634894218,0.516544962512848
64.5717714497256,1.13649478576305,9.43161444294397,2.78169815081506,16,24.9963384836868,2.07644620592936,5.42908688649277,1.02372883829218
40.6359629933896,0.549322893176095,14.7727358397908,0.99832681301816,2,170.07013975227,0.648018764166606,12.648787613112,0.967082012679144
23.9498931429289,0.519152828931989,8.67684659908859,0.766595820478419,21,5.64669145910444,0.300413277395574,2.61725189245245,0.348453755975639
118.298248823821,0.907735709696068,9.38564212197734,0.660701858298314,7,13.6820574566422,0.403490647552009,2.97673069627152,0.461667434536154
67.8747795304785,2.64275488651378,16.4784730329663,1.63544409342028,7,213.980523295651,1.46941967902202,14.0213890243464,2.86274870052017
38.8613567888784,1.10941258858924,6.26879547577254,1.43767424662046,1,115.632224987796,2.08824802752706,11.9228901355233,2.415600408461
62.4806603498307,0.576985708255544,3.86454073649201,0.538049081557441,18,77.5470662366136,1.51077786826213,15.3054902057857,2.52454981948165
34.9086277430836,1.72130122763751,6.39095601048484,1.30804693471569,28,31.0584388952303,1.25124324551967,7.82397632699598,1.82652771355773
20.8005862548604,2.42601039576199,5.58153788181704,1.59706172261102,20,31.1840284209521,1.6124790965488,7.38738668926235,1.2087753940663
34.3133757104059,2.23356915949603,9.6784900675239,2.13268789901896,30,86.8075871954612,0.556345750400351,12.388366941211,0.767993482914162
41.8146738005644,2.65078944485957,11.7245710576667,1.43814559383902,27,50.0844291464949,1.71542087086307,12.7146450619442,2.87897217077893
28.0940144244488,0.757777340659987,7.87900034428933,0.794824251914129,4,19.0141810782754,0.370629313939663,3.66456116618113,0.392959973113937
122.341125648931,2.18219213210039,12.7589082519562,1.32535836621702,10,74.6013407970166,2.63490001246035,9.24615294535857,2.8985200783121
119.00443956352,0.659201938309035,10.0966838408366,0.976657182279215,19,54.5576543583371,0.440341343410619,1.93922870305872,0.352244229598807
19.919516422901,1.62033731418029,5.49280021110947,1.38308814649734,17,160.21655867844,2.83216966025344,11.1105636875056,1.49503048555987
197.36468215721,0.827340246694485,12.6835363490332,0.946029133798009,26,61.8855999968908,2.89855233578756,12.0445592511323,1.55846550770047
50.3341387941962,2.90228564848392,10.5354259008368,1.00825631105725,30,49.2971488062051,2.60171611160105,7.52415213643241,1.03694865550013
22.7624047413573,1.21189838267662,7.68811629020984,1.58779013874787,1,38.351919785444,0.546458195428212,2.45521634905246,0.334144892238391
100.472532746178,0.78624644553248,13.6013563055921,0.89916547543164,21,47.4968588105088,0.566407264378566,9.92939327152503,0.997710745301071
16.2259200127609,0.383675510824134,6.29602131949465,0.643797936118692,19,172.781588978287,1.18690086822117,15.7509031975174,1.50735784027281
7.1174262271329,0.320689290199393,3.96759792402517,0.435653947982772,7,63.9379721951738,0.389896253763996,1.49358139081071,0.302616902643165
108.637387000409,1.9869418089607,8.89789417257197,1.40600538732378,17,38.2718012949109,1.02634815877812,13.5372561732657,2.53203643032963
38.6774830162698,0.713379275428616,7.92157855852775,0.606173153777171,20,91.6386811255722,0.771624785959747,1.60277429275751,0.303687045398432
33.440501551327,1.64861548196482,6.00509277092088,1.13662344876708,22,40.8091973257634,1.01535916227693,11.6365082062561,1.80894718956037
40.3777761476351,0.483539816182922,6.52301699629935,0.474877277115636,11,26.3511078684255,2.58991995053428,6.53213936213323,1.49539311101861
63.6075493063541,1.05400258409681,12.3264369574827,1.5795628907512,10,50.569398696034,1.31864250635747,14.4572302207251,2.83631201902666
42.8873629029709,0.628023791876116,12.1954239644062,0.889226116100138,13,37.5999106391883,0.752317434683274,12.7351084212746,0.801286529974756
77.6262275983544,1.2562912882357,6.21994602027991,2.02076704600961,27,91.4196265344943,2.09277098664991,12.7538090096047,2.48847290192889
28.5649316296394,0.605233819763132,7.45386685661668,0.659475166018952,23,45.9024533538381,1.22131700308992,15.4504049338726,2.16903661714369
95.2978043112745,0.850398092708305,13.9851566745041,0.87481312297537,20,42.9228582090163,0.469973984644153,8.80779560026145,0.812308988247279
39.484094331151,1.21020918998317,9.35059222103467,1.41101049334139,21,83.1048300706244,0.941587703246851,6.40401162605536,0.535052889428139
48.0871379785725,2.92503677946541,10.9800382393185,1.89048830624196,27,89.8648146478293,2.75333374905852,15.2229576663332,2.72694171403803
42.4246852855352,1.40918243002087,12.8594768444256,2.58399123525299,28,122.393784875131,0.598457122258339,13.5837372761045,0.897563971366027
118.068192060942,1.38556358529337,15.8139869736233,1.31154861126006,18,35.4478607156483,2.42636468089793,8.54281995897737,2.49922575588
57.721487034311,2.71215251273246,13.1150062868677,2.08731545392891,7,25.5236702475232,0.898280843378131,3.96235671870779,0.607810408912793
86.464907589704,1.01669882728278,5.88011336665148,1.07653412134054,24,39.4199263657846,0.489655470890856,5.70907878926816,0.519966559445201
109.619865368822,1.56654547549366,14.8788895824845,2.81940480444247,27,51.9408895453552,1.86392066293829,14.0120325457109,2.6982935239529
25.8412546559279,0.446614473995046,11.7769865725049,0.96133271677698,3,35.484503866129,2.32409554192376,7.43563078050426,1.35136262737494
85.8593692404406,2.83045918085924,10.2126846723264,1.40522826698192,12,26.1089171760028,1.01340316035017,7.77556671573206,2.86755770823361
55.6064189606908,2.53453761332859,5.63734820572824,2.5869628713434,7,13.0034384243124,0.358312073185577,7.58836877008813,0.877502907748614
41.0099987417934,1.69018012441946,8.63654099600288,1.15725428401185,21,113.332032799663,2.27581325768495,5.60261359911133,1.15634995845577
20.7355367346799,0.82543410319062,2.28257742121289,0.409257418514894,23,38.4904525612891,0.845355230260179,4.79654864758181,0.606961290535356
41.5249635190011,0.412576990526603,1.99294795421622,0.338057456072377,13,25.8256622541641,1.5750113280922,7.7815363602271,2.35282539369263
37.3945594999903,1.20261915280809,6.74693092274891,1.12439794846938,10,43.4942837291949,1.85445037385965,8.76716755108612,2.93267705420208
49.1660924784157,1.00932883273038,12.6490889568392,2.48897694791624,5,68.0010623780609,1.54934030487051,10.9336330177351,2.61337134372506
44.2246250425714,1.19227590042517,11.291002188492,1.40010063477274,15,57.7228748866937,0.687129376398947,7.06327729683428,0.919811179644888
76.0010870693319,2.78447976995991,16.6058152266346,2.13318261392866,21,45.1135057200247,0.782967305836473,4.04424125305941,0.506073671702052
19.1800694689274,0.457186435286297,3.33782566302228,0.56171716007397,28,29.0926400090382,0.615676319268374,10.3974996679939,0.80670318904427
61.9733918739559,0.774994783937494,6.33125096628063,0.572755770286535,22,35.2265591159143,0.877377686739273,10.9267941722075,0.885310535878188
52.5115739832785,1.81871862046109,16.7386476366997,1.90617792155249,29,65.0401326587849,2.33005379954476,7.89979249148646,1.66003030227629
10.9338781232529,0.317401255427866,3.39421836932509,0.38427825954789,6,71.7192813008528,1.64300981035151,8.91157662135073,2.49679370057801
73.1550441279034,0.587919977279633,6.79616364904794,0.698312363004201,12,179.23168602377,0.802093381104966,3.3196911745939,0.391320179803799
112.724435656286,0.819965766007242,2.92061868474142,0.367028811191059,11,115.650734225804,2.2495261023761,11.1769216148784,1.26335677213904
32.8129388114901,0.505932374057141,4.02824162136971,0.462542132830729,28,69.6295931241342,2.64776593988917,7.90913250056277,2.17582133716588
58.1572427644916,0.867886207680305,11.4632617611708,0.878743321613697,24,100.925823094625,0.980257846426716,5.02346155178068,0.480611444344539
20.5130968760933,0.54454946890368,5.58079935774707,0.687415036272415,13,49.4876232072928,2.60701970231504,16.0593913392454,1.85709030505386
66.9110605001661,1.41255163652023,13.324472044701,1.73937054668393,27,142.387630665104,2.4265354331193,16.7829381766937,2.79975143514659
53.2112153773716,0.456023681669266,13.7410328490048,0.90264126458581,26,30.3590671235955,1.16843867221887,6.6975090436359,2.0086035655514
76.9945033672375,1.37182075935472,9.74175556925561,1.08613922524457,6,43.2393307108983,0.816608938582776,8.64486057117531,0.585023592648752
61.5411954620896,1.05895668323718,16.2543239819019,1.60717855139751,7,128.164363746306,1.51992799619152,11.3439612812344,1.5958249749106
111.160774996829,2.07063152678882,11.5444474476198,1.5566432730813,12,43.9976503551612,0.823717047018141,6.4892615901141,0.777301725127855
26.9571668703518,0.396637099595447,9.9820886325064,0.90504775780554,22,44.01671083739,2.96215126711467,8.37569123185125,2.48421484913924
31.8942964330864,0.368480306630637,13.9384521928626,0.927278016577268,8,42.255308630219,1.34351558969342,12.197746140064,1.18018359108074
34.8761792789277,2.94755514196976,6.6717383763996,1.48902386905124,11,42.3649953396663,1.13378074376206,14.2762750835281,2.54160667899389
26.7960685940182,2.57133735638847,8.63186964816483,1.89287983805382,22,65.2051071931177,0.634708328113124,11.9359292210252,0.732737124303339
204.752544807036,0.750463051200659,6.42328240068859,0.462918965725444,17,17.6557737356584,0.476228075572965,4.88134515522416,0.628479705121699
6.12252297066729,0.34379287822459,6.00555771696724,0.69669894852177,12,92.4947197171505,1.26720375729544,9.8653485758327,2.18522008722543
112.831205495971,0.866859827995016,9.77211068536934,0.593656785411359,10,64.8992435474525,1.64189811967134,12.5453424076383,1.46181244034225
12.4614280853299,0.641257714876856,5.00477299300643,0.955283447240076,9,56.2159675587771,0.788035940257025,10.8430585635199,0.959943618937367
232.414318768188,1.51268564069296,14.5684328899886,1.26468417819197,3,53.6005578360102,1.71468712840956,13.858370455803,1.0472947135828
87.5489390010074,0.738963450754705,1.70764296565501,0.374370762271204,4,16.8488488528409,0.575414106976305,7.95798608130193,0.925247387924869
62.9243072753263,2.87759802209224,14.6983983867912,1.58334147220143,2,107.434293919315,2.20941273697098,9.03135029664127,1.11562230678976
54.9309344570251,2.15148754660458,14.39263427889,1.93916760758897,29,85.1905142840961,1.69073404579648,5.6440477640358,1.29913543102414
101.105592455876,2.15678336906967,11.960292864884,2.93219790023856,7,23.2882568767978,0.795614390916624,6.4430890596983,0.782199525040213
87.9574402595911,1.61043466619038,7.58035263206845,2.24863423756989,24,58.7647112286045,1.54547933335698,15.4345811156816,2.5554067844377
76.9337360037856,0.812229388331486,4.13356949901344,0.523131135581975,9,213.557452750548,0.987962895603028,8.98146807753031,0.632293904217834
168.158705693455,2.44332159877028,13.5255313422733,2.12613135487334,19,21.4683358264816,0.924447071500286,3.511252662761,0.535260225181174
32.0530312984451,1.64177165718347,7.43937297467877,2.65633898759798,1,19.3757207204406,0.813714734748103,2.12897359652644,0.428320987956046
43.1273226287138,0.843011815365671,3.06616858754883,0.396083299790567,15,147.036962753053,0.719875047755818,12.4439900849798,0.929629048013698
70.8328696052723,1.77711582501203,7.41021210118164,2.90645226255929,27,58.4786015380652,0.932435066460423,9.45456830553662,0.577547396813069
98.9137842114569,1.45468420178007,16.6987806816838,2.63741416713287,17,63.0099095273499,1.54427142640561,14.3491599295238,1.72954585066296
26.33869352562,0.893921330681707,4.6695211662184,0.823500032186782,15,52.3997235031198,0.731148887357653,6.78148451772496,0.683504680464044
51.832087630961,0.797913311209819,10.6729542621513,0.675288942946082,30,73.2058641182169,2.67490628447522,10.7208300416898,2.28059749394296
130.063881141777,1.01033108476715,11.4069962030257,1.16828118559713,23,67.4144657494886,0.618039996033355,4.98899990322001,0.565544514712922
14.0176260869598,0.312031638872866,10.472380425828,0.677838517602963,23,62.0746114506736,0.824068190684293,10.1182238208103,0.649286637027793
40.4086625555686,1.92847613086742,10.5883064833886,1.26464357072467,2,54.6321566350009,0.451186817498348,11.1807559872089,0.70558042661664
82.9159174864103,2.97965404438177,7.43871535002667,1.12146254247658,17,85.8263437767723,1.32429821020356,16.367888547406,1.92414267955952
52.359784474386,0.620066261599076,6.52845582557787,0.528796063892793,16,147.395578952359,2.55538872743661,16.4626634450232,1.85373413435706
95.3189111983276,1.92305421165723,8.19488925584355,1.69101754462564,5,80.2059308845807,2.87161143585369,11.620410966111,1.31950991947888
159.333506793169,2.09165303882154,14.2743081798079,1.72517272584934,29,46.932009066695,0.643249343850716,11.5839933028461,0.730779107222004
47.3554838941751,1.89543747412565,12.9726262536731,2.70931397932081,19,29.6979909658798,2.07306301356187,6.98683190341464,1.66641283551397
84.2684988364866,1.16993700239491,10.6624209472342,1.94591834944529,21,107.820435189167,2.85218885191425,14.9136835572372,2.342480417737
86.7775258418434,1.93002895803681,11.2161694794492,2.81525628004436,11,22.1205791613789,2.91193035840738,5.76366527553531,2.06074979009832
47.9486651722008,0.987911633755721,12.3402529830661,0.835003610712397,19,21.7800688283058,0.459321206964128,0.611527867632303,0.301983769374115
32.5713122531157,0.490403476789364,7.41890889276941,0.762841378828034,14,69.9379327845375,0.517147665822459,9.84909287281864,0.770244268766926
155.924692564218,2.77842924674478,9.17777396005135,2.22606095244673,12,83.7352030247558,0.643406987815039,11.0898731169528,0.758195948646727
34.2111171554716,0.983797575687863,6.76360020119556,0.759176952602099,2,18.6495042538335,0.4918654115329,11.9065551215789,0.889139286874049
116.99102896077,0.959361240662335,4.15974874321763,0.441832356023973,14,47.5984993122131,1.08741141645271,12.5662817710079,2.63480473237386
168.051995341142,2.18791586353048,10.535673738196,2.28238864116825,26,174.728874447046,2.22273638679475,10.5732649750823,1.31620319390054
18.6622469960752,0.473000074002297,7.98088590704241,0.695918017447029,7,22.831203549555,1.51366528544201,6.12385185955312,2.20976682129307
48.8314113188857,1.30630930944061,9.50650683546335,2.64891066205848,21,85.0609140001223,1.59079334655443,10.969643718533,2.16930013134265
26.6075293158228,2.87550499800084,8.83655380380792,2.56378156071583,19,99.4047589290223,0.89293644150761,9.72577322337887,0.600453332555503
109.104497315646,2.69556981145327,7.08653574018992,1.44126483355118,28,174.949739374098,2.35396870585706,14.7747447292793,1.22901404322679
104.998679361436,1.66763554177739,16.8548166647459,2.35107270227306,12,84.6351755676927,1.40190457491011,8.7817309498207,2.62469922413093
50.4594986696825,2.39716544801971,8.74110784765621,2.71010977401201,24,18.8256255851094,0.524449215139486,6.48111447827977,0.545422587846359
37.3970718446827,2.28388611404563,8.91707544736087,1.06688504565312,5,141.641870012458,2.23110581143851,13.8896397269976,1.18478520638302
19.0022052754657,0.91442134559898,0.858766886839025,0.322685210751378,28,24.2933950068309,0.834405954584293,5.02106159073925,0.851127894634231
37.9775161124498,1.7585058075179,10.25794692589,2.65363379899472,11,33.0187925986879,0.988927446543124,3.76511636118783,0.522877601850272
86.2300733296729,2.13177638857246,15.2294278972207,2.30306040457435,18,35.7547499883968,1.02745743504356,13.0302517894641,2.07089304318084
21.9310185771674,0.530174767247655,2.06747487885081,0.355385632206429,27,150.091535569518,0.925395616353827,7.16419277817727,0.736951121466336
40.829883607174,0.786561872787536,11.153507011249,0.990045159975443,11,26.9840663983803,0.403874534594911,7.37485034523782,0.501922679645383
86.6529243594734,0.929165637294953,11.3562842775233,0.677234680956185,6,36.1360300364663,2.61454414878502,9.00021567454292,1.48076305282965
296.775613542428,2.9581985278545,15.8684560881298,1.77747818854604,1,48.4478805913452,0.456955345186373,8.8794264869298,0.714706035172804
30.6068039198807,0.570572425052558,12.4998404865813,0.897836644066556,18,50.1751456573337,0.994231347915851,6.34956587114261,0.653473923496738
125.184271143025,2.83902697436347,13.6075077625781,1.60374546628196,12,54.6802599591558,1.16541837658827,10.6402625098742,1.63729880435128
92.5388304342924,2.47316292504786,15.7434316170001,2.42216309928409,26,81.8390125938839,1.35539619571569,13.3320082108649,1.2386624728567
67.1682483202127,2.222660795138,10.5190751139438,2.81514523184778,6,172.711585845992,1.50602573121495,13.0123184200081,1.97825230732487
78.326940893411,0.453516681080441,12.1761742828564,0.742497753826609,30,74.1144104668183,0.926610815295849,7.45674562892913,0.601606358816024
83.4538080536225,0.613049558245045,11.8463978902136,0.832266813606712,29,68.7533146217828,2.83704732231449,10.0917074411906,1.25176662742214
48.60587350541,2.33459315242226,9.96630878329218,1.01956950720503,15,121.307150132765,1.34772203760194,14.4144524860303,1.81375276317738
114.974073811581,2.08983428246792,8.82905482536629,2.65194482168962,16,47.5218595169252,2.01255332921516,14.5238365918917,1.31797378676827
41.9736697289763,2.6826111687417,6.71617106346002,2.54493778839925,5,19.6487086001462,0.432592372750913,9.82908737873662,0.904746639480793
44.2004871886263,1.10497933886,9.87611660312576,2.50947305802768,29,31.4504601893899,2.52497237253797,8.29900934033635,2.45152103487465
40.1521433689428,1.99208331381985,10.9980964723419,2.40702563457168,17,36.6516725815347,0.421228772970496,6.51958931207319,0.759999345893087
5.13573739495845,0.310450890838365,11.1553052473346,0.801117962167004,19,34.1165446094553,1.6805178575213,10.2753314395418,1.90465280807085
47.773094849446,2.23288206920727,10.4664994741452,1.39884197570894,14,16.642369417579,0.595506568230274,6.10548373503775,0.936803575137822
33.3486875726906,0.627205732044761,10.7124974705438,0.884366052250752,8,120.780999264118,2.37550646146756,9.15427682237624,1.03447915251843
93.2983430177313,1.29262500971516,11.5584035910951,1.62656775193003,9,47.3516153980644,0.772501589959369,11.0097673019281,0.9970653679741
62.122654236974,2.72627975561092,12.7347183161626,1.62536105806561,13,49.1538510166291,2.13781063355997,7.1582901212173,1.90303846882237
35.6457930521954,2.93028393114732,8.14729998521025,2.80923266855727,6,29.6452567838846,1.27866070594117,6.64595023306899,2.96954239824509
9.93621350383713,0.401734723369954,1.81556737075556,0.407118668364698,5,6.97055703416475,0.406603349991537,4.31256596894896,0.594669936676429
110.024641580818,2.84058389290523,9.57065109603342,1.7389631759958,9,55.166905532931,0.966639490880179,7.92874382513635,0.655280327940971
59.673167794193,0.933675216309133,8.44181040455899,0.632086798638353,1,16.2766941691378,0.397011433194945,10.0418596522874,0.653994680059127
91.0072050733959,0.899217930944206,6.6684079043457,0.650476139164288,9,133.570978104801,2.11375389135997,7.78813667156769,2.46865777084582
125.418651224126,2.50616354960766,13.9613874576,1.99615444683465,7,48.3852715562697,0.647500387617958,4.05096175721673,0.40287167788047
9.18931301027757,0.384574630391729,3.93480790590041,0.537229666783464,15,60.2721970845129,0.99671223705208,9.04853584564365,0.814803124104566
36.1339773031578,1.95516139340132,11.5857318502628,2.49273632983481,21,32.2643041743066,0.478582883153416,6.24097274323391,0.714956740659385
178.775096623805,1.77289350470838,10.7119515695076,1.33076691974733,28,46.2676417871648,2.0627169217096,9.08828501507674,1.09673007497561
15.2337306863932,0.414130710599208,9.87830915025144,0.680460401307294,14,52.2110984686419,2.26661927125149,11.0205916670789,2.69766127793831
3.5705903365327,0.35417055162178,1.68940893908722,0.400081582605164,29,12.373173007637,0.44227583865479,10.4445847291153,0.965110457954991
100.917334677122,2.43318346538354,10.2635830023516,2.37417671718622,27,38.1384945610629,0.602916305658614,13.3365141139131,0.836044236291547
46.8370973570071,1.96245543332761,13.1165110984225,2.60195420837991,3,41.0012795291508,0.718085608416128,2.1914786274926,0.388888332208042
52.8656062507801,1.89188325507075,10.0913496698499,2.49272695165131,2,176.053000602668,1.98871877376304,11.8893821839805,1.46094646118905
45.4740434539874,0.9787576463318,7.11772071819234,0.742097224143782,1,81.1120448683787,2.74897576185551,8.90489334323188,2.89000905942556
27.7191074056364,0.814785711766138,6.50267400788954,0.62780125042235,15,126.702749923195,2.13469624233623,15.3409976947329,2.21321829222635
31.348971297388,2.00375276744407,6.51526622178106,1.14067035405413,19,41.8659658920002,0.778812814497336,9.44999411317856,0.783179431134372
38.4478491235573,1.29636826909728,7.73655469912013,2.0228187184074,28,63.1343925501301,0.505667826709282,13.4421610356611,0.899640996951829
7.12238797444203,0.333454494220055,9.96808845657002,0.872196989866789,21,55.8547906291679,2.93475785813399,14.3886065932336,2.28041577756475
36.1708095940537,2.96670142134892,12.0085656875883,2.50248371608598,16,104.149865145489,1.33390458331057,14.4791406525718,1.65276455030598
42.1398929341351,2.22473296592466,13.0186672657079,1.40593791018388,16,43.198459267705,0.706918745907131,8.14202619091391,0.589191656075936
196.180258729139,1.56785800997577,14.8160164601667,1.61993714405863,20,29.3672391515699,1.76547121081016,8.4031968868836,1.92296779379669
102.169449831523,2.46705465761791,10.1297756523866,2.31790628665267,27,47.9266197682442,0.900850157421142,13.3963924459303,0.860011081901233
63.5860296170088,1.15372982404588,8.83852481453283,1.37843988978834,14,34.4295923202595,0.706074496467081,3.77931707164483,0.393880303872192
153.585469219583,2.89777131930935,9.80012598143712,1.4717559331281,15,34.163176556101,1.66998251441511,7.08386271679618,2.48284702656033
26.4933835991281,2.9477730631334,8.31023079622983,1.89716980271764,29,33.361194832725,0.753797648110995,7.9129247480823,0.689880163137331
73.2331517358161,1.59547813967392,5.99557466715872,2.76192787373557,12,10.7770430798989,0.351491870234558,9.63657475440733,0.814573569956446
32.8709225658155,2.29171438866461,7.28451894287794,2.6440015553322,15,85.8212075630741,2.92587491239258,12.7856212313516,2.5455157550442
86.7149380192145,1.76564478432029,8.83196696116994,1.399673459149,15,13.9482608420535,0.719007547992965,0.606489322245145,0.305521004137302
30.1024539435034,0.629167599571492,5.88250526051186,0.892102618326967,22,112.381381187819,1.16331324729381,12.4749808928088,1.11672446966541
132.084486402006,2.88623661495377,8.07030943348017,2.59237705757368,18,62.9446418909534,0.721474394024577,10.060052349489,0.608288254086912
35.706255647844,1.58229712117744,10.8811597111169,2.69617329578529,21,123.605711697128,0.955177089928048,2.1242488674158,0.351099027294426
8.21448886192353,0.379323370631633,4.21358133651293,0.635629571359428,13,192.828807702958,0.798505743686323,8.33919777884365,0.625659249735254
135.343145828598,1.21453631775208,10.6953762503748,1.73527368178126,18,65.3066773727978,2.89893521962739,6.9269164557671,2.00308070206337
22.2486128899701,2.4448705074969,6.76725560459589,1.61029124972726,15,12.6584405880569,0.363704825840386,4.37741932513515,0.717151507830549
116.921954092296,0.738020500895193,2.86916551033929,0.35780613662253,28,39.3044348591059,0.97699522198536,2.23807815222704,0.436660634470396
70.3823311486894,1.44081332749592,8.23095421767801,1.76922931661638,27,22.6015979821384,1.69662300556323,6.87107037119244,2.25328950871102
99.8785152242299,1.29144573469645,13.1688098246256,1.97785967834828,28,37.160357040092,0.52306475206344,7.99330704224587,0.522176459578908
81.2684016690397,2.92225156822995,14.1932427120341,1.5922062317929,1,20.8086472579627,1.46910365415436,6.48192620477719,1.69731638551468
59.4632343431059,1.13055299737215,7.73153122890819,2.75257374585429,16,38.634587115209,0.715872989784342,2.87961791766278,0.523799399843111
93.6052567528088,2.8165412341081,10.24397035464,1.54382745621599,29,9.95454248701669,0.334983914823734,12.4248439626026,0.952924169985526
43.6555809835099,0.822475511494932,5.17040978966891,0.611019165884692,29,101.366871430254,2.49268194982744,8.95591388749123,1.27348937533034
48.2853547439405,2.18672140379244,8.83197774782812,2.90653149034409,23,176.943985028195,2.27743627365033,13.1829121523482,2.22344917944082
24.7698485583962,1.45741666146992,6.4155499004856,2.23792919491791,9,52.5463028980046,0.860067476248697,10.8666217305959,0.718389153820771
120.614929142788,0.986564779815703,8.37408732245646,0.983405273046347,19,66.1892954693064,2.19245843562403,9.78314304446773,1.72225295362358
42.7521907414293,2.79577028563572,9.29981541768028,1.45281291108643,23,118.123662713571,0.95544537906266,1.10583921249731,0.309613391851292
74.6966979316504,2.34501145764022,13.3786144274703,2.78695652809854,14,54.565154267525,2.17004033322721,16.4252874711279,2.1006588884959
79.6803571076799,0.786043531694384,4.96395301682292,0.710774278867421,1,79.0727998189378,2.91802859964552,10.8322590325703,2.68070519235089
81.6650760477605,1.10624835001406,9.04169230537253,2.42074556468916,8,16.4950122725593,0.461081318609561,10.7520971449526,0.823932341051238
41.9859323001471,2.42552000159056,7.78981706562493,2.92548448755574,4,32.6649088531952,1.27308258295054,6.01281743826384,2.96698076834655
81.7767687351849,0.605687783577183,9.58762810771229,0.921260498855895,4,116.773974142882,1.95758126251577,16.2363650622731,2.18605685843503
27.2477728407484,0.533734540261644,6.40518091952685,0.542103674760647,10,54.8712921026226,1.53555530822975,6.32935649802579,2.6758526765605
74.4404833690709,1.32586417100888,16.7621762883162,2.24936705078036,28,50.0928057849626,0.691097676478208,5.27473654105824,0.433434630985118
58.3516948405719,2.14128658667677,8.46673921293436,2.77143652887063,5,119.491949769867,1.66132613114883,9.1705944420343,2.15468577689954
117.563904430188,2.39651544363578,15.6682407750931,2.95348070180747,30,38.4943590800764,0.965645293552675,4.03902480020596,0.626812057180385
23.2644031456186,0.361125481219467,9.72805548005294,0.696588944506265,27,65.6816686916618,0.902079450559767,2.57302582034941,0.344715443063197
148.898879725609,1.21271477587248,12.8508332975737,2.38836075477128,23,62.7440218615232,1.72181448559299,15.3402404737652,2.64641835211293
4.96306205092379,0.334580529748763,5.64030981809988,0.883679642792071,27,122.469481914076,0.67023183344552,1.63939950388594,0.345487560485754
96.9862167050887,0.768827336646017,10.0219878387505,0.764139808056425,8,35.0352898415883,2.59057549741559,7.45913949257577,1.96596880511913
105.899872562335,1.65762384837863,16.3864809673839,2.2737280120658,17,76.6492585560872,2.96058831263081,9.39184371534227,2.25206497221831
109.007927946177,2.45495020100109,12.030050572647,2.08569531960492,14,16.6129241936203,0.40401452500864,11.4431279720437,0.854789276748846
15.7123772741395,0.310642984890307,11.2818886118537,0.932496198983651,24,46.556633457794,2.75641787489875,9.98825815358097,2.05040716404091
89.4220959232371,0.741302464486574,8.28530054527464,0.675135969757785,3,36.8757408371709,1.66752695840997,6.71078634791932,2.9548069779051
37.0969587077951,1.81737490444937,6.968708392866,2.46258275012477,26,43.9333460770072,1.96924259426102,12.2551260575025,1.41728126315257
37.8195644302351,1.08094299480518,5.66838524332929,1.09383563552772,2,23.1635209087078,0.481448048416767,2.03709728618629,0.33109015899693
66.0749461330172,2.00492881684297,13.3015665856688,1.11302699916178,20,46.2556552662271,1.8399855734942,14.5953845930877,1.70864304116667
37.1223566463932,1.03938181190328,7.6405138275377,2.04928632211587,6,45.9727215757473,0.946271342087409,7.68422955302507,0.932423812344765
45.7261238082775,0.949890918429442,4.1156231509354,0.391642539689899,7,54.0387511109526,1.68215416768054,11.4171916659388,2.79910182879759
60.0795644293068,2.35009141731533,11.9536597828515,1.05039802201625,11,101.911057193922,1.32330053792549,11.0307525771307,1.77746685352534
162.415994562626,1.41423751879429,11.0004422201884,1.31428318416989,27,22.1832307715311,0.49235199526087,4.70093748119602,0.51111925645028
43.2211248233054,0.538922949799992,4.28049021505631,0.561346451905699,9,59.969304024211,2.00961640433714,16.1145822874998,1.44169419471565
48.1484237428247,0.587968578205252,10.1720678716107,0.94016300636523,28,4.29587877877848,0.323476759335414,6.6785914956197,0.718633652847174
83.8986238049633,2.93469899746484,6.59834906192117,2.52092608844555,14,44.6961829330882,2.18209542119661,13.1668966325678,1.29627347303927
12.77120933605,0.410913525897862,5.41183186659977,0.964310836810663,28,124.742873586467,1.89552471119108,12.981579593856,1.67805772407026
43.0960168026256,1.87776906779966,11.6016679508458,1.15207304753088,15,4.43258458354079,0.337699424372304,5.1478118128192,0.728682950287089
15.9793272646009,0.577375018836279,0.624407565138255,0.303470471124285,26,20.5044751863962,0.447395501662172,12.8115600524775,0.899878331464015
57.9278516889743,1.11956257162483,9.78662391610023,1.9558581240337,20,90.5786866575351,2.19772729134353,12.6465391857088,1.67542165372523
42.9004868538502,0.930580888682744,12.157108787376,0.735087114854868,11,23.0656858791682,0.497276176721007,8.86251659548166,0.669965296640355
36.7679012187848,0.445186944886883,6.50620843158476,0.741754013463147,25,79.2499487722184,2.45045885852327,9.91047382267058,2.55650572355551
21.987489534133,0.475008953350323,3.4096989247486,0.422360463003395,3,49.1423723516327,0.556119437158773,11.4665282762629,0.715245707294756
29.0986163368214,0.481269580061187,2.60547490273443,0.446173938009565,15,114.89438462992,1.74511422147828,8.09877632308294,1.48306550761928
33.0050271094509,2.05586482311475,5.5623396754926,1.33686887160981,17,21.7769328150617,0.566823469965193,5.0555295577294,0.57323961099813
16.6924106168737,0.350327039316945,7.27994888090626,0.575568489499518,14,129.187111687679,2.37100902152566,10.5818997532382,1.48481616891485
80.6915865493553,2.8752617013555,14.5677049358846,2.07682382675845,2,38.8538802223432,2.56250653774429,7.8835723244403,2.39323987580879
19.4209335755091,0.363611105788152,4.1039746751957,0.65051955121629,6,103.29721598754,1.6051065323988,16.0119626197672,1.50524619812685
31.0925374035532,0.633378995548408,4.35548419256316,0.655021937628357,24,29.0949493766446,2.8821506817851,9.01981675797084,1.47066292245079
70.0160042245562,1.90361666766699,9.39456807489088,2.11838381524442,12,74.2491831334458,2.67006352473133,9.36294887079528,2.43720470609874
51.0734486771972,1.86327177933608,10.1920969957311,1.66641971704788,3,21.3944369053181,2.13744215801783,6.72219356173966,2.03555352834419
47.6597561346842,1.69733184357262,10.2205783178213,1.47171261841053,15,121.447792900006,0.774106385438963,8.3734901784123,0.643105070439518
94.0500348254057,0.691350352509636,6.39224442932628,0.556736361946055,21,31.9850730463086,0.493853837431247,2.53602125865269,0.440867164801536
118.93763273143,0.895955149040891,5.15142060172268,0.629466059093688,7,104.343772143005,1.96361764043435,10.6786733405806,2.25480415186615
45.7014405490632,1.9791470248787,14.0240513513857,2.81462620572482,18,129.329196281441,2.26049238751735,16.6380964058863,2.98751313254881
36.7194520337206,0.548425475364238,3.75275452998328,0.380927829368812,19,21.1482979028774,0.715654501074108,5.11591619360497,0.672353983452191
61.6818790387263,0.953660980651379,1.45426765599351,0.333341843234921,27,71.1023041591122,1.65873760234166,7.78797811547359,1.89795970856508
43.8997374904944,2.6533019607569,9.19852900104067,1.38181164583036,10,38.4478871995756,1.24977018607103,10.1784419880467,1.44490154809163
73.994247209669,1.42148605050216,15.5704595555838,1.22331188787615,30,62.7843737310296,0.74622374990188,9.63153567435198,0.639715793920952
30.2659849369805,0.84085169898836,7.02517588014327,0.858663399443886,15,73.6268058411684,1.65715518458863,13.0197099332408,2.28070072706278
206.686850231112,2.35261121994268,11.8323497552425,1.05260340595182,5,60.8408708097467,1.62448907859303,14.4241299677242,2.32353321865316
87.2517133265277,0.581866375266643,12.5941876148403,0.977072902315302,11,137.915570447031,2.82610541391139,15.6891377670052,2.04484047430051
76.5257318546353,2.12764682071764,16.4194800460917,2.76748965617193,7,36.1992839215426,1.01034858096644,6.13136242581379,2.62860932665052
28.0953544568467,2.59528147076233,6.33492156610505,2.55135082600879,19,4.39808147813834,0.318784592980744,5.71515414853683,0.969073358634605
58.655956760416,1.31523100276491,10.5665180630564,1.61625590394752,16,30.1904858730056,2.37578960018594,6.07553282863747,1.83878898180819
38.0754388212569,0.495029881456959,2.44586858332646,0.35725599457314,22,34.9795231702169,0.517549783667718,3.17775423325589,0.374125983624512
45.5404157597386,0.614089622431399,5.79134007242593,0.746877716337447,1,138.898731713821,2.46530534567091,14.0006009006873,1.4541062173584
34.7824963519586,0.883331765481658,11.6544109107421,0.897235912212446,15,29.3941432722007,0.856177331606857,5.9223875790143,0.769795499168997
89.2734975091607,2.47913987212891,10.1172259005795,2.22968407167231,3,11.6392578059049,0.571249353052435,3.56028085126609,0.606289955432478
20.8336347174667,0.726371423396111,3.83213277622302,0.665323780271702,30,23.1199268388201,0.669055251226591,5.3390724008374,0.776872403965183
83.750664245702,2.96726746023423,12.9802512748911,1.21898462514098,4,22.3341040128197,1.83956783555643,5.87189405046896,2.99866851080938
66.6468317498917,0.949996594207134,9.60239089110804,0.743062285378884,1,61.9385066692426,2.35230139365754,15.7159752107897,2.59025211900363
30.5146591582405,2.15172011135595,8.83578985094968,1.09914433636561,7,168.906604190782,0.927244393825961,2.71780406184387,0.379416067708154
4.83048838581922,0.363980658772952,5.08491519640556,0.812336615220884,3,29.7651188932982,0.444960792766948,5.10135505523396,0.469475749903914
32.6783621866741,1.96427152774875,6.48526483492063,2.58354812632279,19,139.528652754573,0.777586821357775,10.3361992164015,0.915145833697024
119.191631757457,1.61699283072312,12.2890798132956,2.3382416537217,18,54.2747397093801,0.74802122304158,8.872424624155,0.576722766796205
35.9714816142876,0.612980421008689,2.7167089600228,0.463713429417636,19,40.5041342409893,1.42618271887494,7.04103414720114,1.20494405639816
40.5902563940858,0.943101368587476,2.59677731177859,0.356231510769266,24,26.1440863812679,0.831283918462015,0.7741198284107,0.324536712673045
103.74574337355,2.32372406657218,13.8400254884639,2.27543633252282,27,128.818957262691,2.91165603161194,14.091393735678,2.09913258246268
235.515195986984,1.85847011943402,14.6976585687915,2.36122328425538,22,44.2992333261984,1.85251655184421,7.95458512054312,1.46270040321668
76.5165996651314,0.504423605944115,2.78494893278268,0.351844138624686,25,105.60052908956,1.37987113374026,9.60851769202191,1.93795813386646
53.0234502640424,2.06589252250708,5.97995597795544,2.56047206713142,7,34.5805814691266,2.27490678227798,7.1745272698954,1.07199513807218
47.7121465287448,0.561682250910954,1.58008423382282,0.322437969116014,26,119.136551688171,1.26729791345481,14.7639882718896,1.40691833520676
69.7414115939705,1.93698560852726,11.6120989646717,2.99977552698402,25,40.2366959157248,0.670319025630578,8.78598699614233,0.955289136159389
39.0823879987626,2.67511283241092,9.70462862992126,1.30761590818188,21,5.55259681715493,0.415393973674568,4.53783353658248,0.780949373342637
126.38214679137,0.651866377114731,12.8026994533309,0.845975400968041,24,26.8259632233526,1.65318409376421,6.5398951950116,1.43431270083524
86.6675618317527,2.56317109138437,11.9303363444928,1.16470280795682,1,222.422606920853,0.934928674137376,9.89134492184875,0.698534140586441
51.188914533173,1.00923336316312,14.771865855299,2.36418238915875,1,23.5068116359443,0.575404129160369,10.805661466186,0.784974029307148
25.4235092128226,2.93929491949561,5.87843110396431,1.24893686421473,20,38.3466827137121,0.52161203157388,5.73363462554112,0.49470952094075
8.38126560523528,0.365763514126524,5.69756546036193,0.614201199065052,22,67.8656474494746,0.64006885109847,6.51671158622436,0.577118805927048
64.8172942030091,0.663046850824479,2.26902220890463,0.379558802035256,10,78.1112863984085,2.63526929725089,9.34836202938034,1.9064315368184
28.3193491070923,0.494679651703067,3.41104585207947,0.536102445762882,10,68.3638438439156,0.926487325060656,3.00163584082032,0.379855603614653
63.2997032071476,1.86900361811816,7.15786655768359,2.6723252563071,24,73.4911349796837,0.47265983015702,4.20618737275846,0.459686833984223
67.0544426571443,0.730062283243363,3.16015577341805,0.527048642212661,23,115.507300315125,2.59946205248225,12.1017929649364,2.80805187931516
72.7280690486272,2.91385353070505,10.6514119769849,2.39987360734939,24,28.7336014370757,0.744035343096621,2.17656867438807,0.419907022071963
58.5629641553852,0.707545253492775,5.74317042905067,0.587738939438444,17,22.3372034298041,1.03793876911288,6.67216120231826,2.25563014694145
147.142462483158,1.56255562540616,15.1683140411351,1.34746037636169,3,97.8077861238928,2.38579572619754,15.8159804713158,1.96088242770703
26.2970926161804,0.78156634773234,8.18184960370564,0.787300092500968,6,33.02776282514,0.396283788824536,2.70084833695726,0.360190449521853
25.5653199182342,0.876057856482181,4.56517471716743,0.831561732501002,24,129.789652173117,2.35314404635358,16.2283662997949,2.69424252452057
167.234726489907,0.958533250448157,12.5036015881752,0.957153241195287,15,76.6301814462367,1.6490584525261,8.17012691712268,2.78295006434366
13.5972882585618,0.346041554313865,13.5167215765594,0.918182671776073,24,57.9355693555371,0.532142612688745,14.3583166048095,0.964948836965323
52.9435655807451,1.11864124118438,12.1179536133127,2.39655006809606,2,40.0467473945333,0.89439693070033,5.94877309538971,0.538221640181152
18.8206672099335,0.439379930830415,11.8953909924195,0.736853721024993,6,57.2462118609665,2.78443315717441,14.2252759406636,2.33527924860296
67.1284714364863,0.89950275336115,9.42664400695285,0.61954292591254,6,25.0233363609128,0.505213139346693,1.72565705149878,0.304879460995487
30.7553221682375,2.23768297364104,5.86543541902097,2.71026457303184,18,47.8649725600753,0.928048173364281,9.72552342958974,0.625579762881419
5.94649385922278,0.343693973477872,8.61661918649762,0.736191627579695,29,144.273230326089,1.38820500617233,14.8628309582396,1.80803289348662
96.7596978856583,2.16649574390415,5.80186548829727,2.76974738256789,7,10.322848577307,0.38328133851844,9.45293025748812,0.883704246902099
126.781960073011,0.979907977744436,6.68846705702755,0.923949675223593,23,85.2256469544805,2.48179406975897,8.12148148645027,2.58515355324707
96.493789329349,1.25773320604058,12.4174420029524,1.88896631353672,19,90.0861031483791,2.63496334142387,9.42378648887166,1.07612180029001
84.8889979511196,1.63564159597697,14.2836338108483,1.47919689208668,25,15.7103174328251,0.528754002564899,4.82550941232294,0.686038303947754
55.1938486011351,0.916695143311857,7.8123123884061,0.532718950181142,5,16.5712457013113,0.834094687268106,1.31763280881768,0.360400326929614
137.435160311212,1.77982571210498,16.2264650129174,1.9399916456005,22,197.307117694274,0.837886725207856,12.7813230100478,0.911547904004719
32.4108701770511,2.96100378758858,10.6104732631953,1.67078745235856,20,214.590974908759,2.78666061755616,15.1598121735523,2.18150510758067
6.98891588305016,0.362265864341671,7.58373798104383,0.766830586404591,18,52.5565107587856,2.18343199538146,16.7860137607404,2.67183110824693
35.5058150295021,0.871682332935322,3.02964986056358,0.37669917135633,20,155.641271255587,0.758163065251493,7.0161419697406,0.58771103848607
48.5729520648466,0.607720509441945,3.98616062801065,0.392623691745795,9,13.1606638113029,0.376964126679471,6.62767728666638,0.521387081746219
33.6536838715587,0.570859305080988,5.93290477232047,0.447273119985641,9,16.9778620242901,0.313137811330957,9.30269840336165,0.760500226923328
45.2293689190959,2.06141402798824,6.8362807721523,1.59309411273369,20,84.970938736742,2.05853152864654,15.9720281112713,2.83836355198876
65.1643700876329,1.23682266167829,15.6206021793712,2.94567963226095,19,48.0171870003961,2.12623313177967,13.7264860396498,2.5662178266305
31.4715385984104,0.798072491470789,5.31211036112652,0.803604452382691,17,57.1013593372379,2.22456037307325,13.7307117804007,2.74199842944225
36.9066588612418,1.34082814703807,12.511982078258,1.87915384513205,16,25.7490360657738,0.773584895328334,1.56821716695978,0.374319760095102
52.9113693978323,1.34711784477397,14.4626977679408,1.27000288748616,24,104.232400251464,1.00099542617284,15.0913203775662,2.67828720491216
141.072994389929,0.976237417502036,12.3674435504045,0.981010245835384,17,31.2846605123492,0.531049337049335,13.7621051795031,0.910769913541497
19.6043738779149,0.72743733091877,7.53886088127778,0.889348717280615,22,25.547585771955,0.873101382829557,7.90962134031293,0.929053893883312
58.5441903191062,2.93362351021565,14.0038155775286,1.24893322397214,4,64.4758320685247,0.415728146815129,3.94362877592705,0.422037650178759
89.416928787613,0.529288560328295,5.05766649839818,0.509107778157487,20,91.3897131628054,1.91407866164717,5.80197447061425,2.7510676263624
16.8917082862187,0.421273205992571,9.74465740058213,0.591508672601178,15,106.538272533512,2.39422732915655,14.1297260363,1.52403252351929
80.1588338057136,1.24397230448219,12.3116066386603,2.73766402071386,13,113.210453991229,0.992283775207298,7.33291311875535,0.732802578742901
18.8390428992467,0.980605772765872,3.85528522331369,0.564625651382103,27,101.985073092001,0.54946299653288,7.0281858202467,0.646884197795776
32.9397539350272,2.73385625584601,5.60093068087917,1.22489264497261,4,49.9251348136239,1.95221670481957,8.806498204974,2.63635766377337
54.0566198951924,1.11275887806216,10.1458891767801,1.95621963505908,23,64.7132685133844,2.98833871426246,8.82669601181912,2.51226173168431
24.5475481463895,1.42870374093676,7.12220888527891,1.81499809462346,8,51.5116999318477,0.976328803452304,7.4159510248651,0.81340073312267
23.114191173196,0.398701308414201,4.85248442098816,0.44029246996326,12,9.98958352223385,0.367864527798392,11.791515075734,0.911765894027274
40.7101616311852,2.70898830418587,9.95338865294578,1.75793470691499,6,27.8296405424603,0.861254396560363,2.06127445913753,0.394348522470774
73.5795757309892,1.5180544516453,14.6265578666256,2.30248771764157,18,49.749480663414,1.73322905684682,14.2575330096898,1.83993767528554
29.3927434838308,0.887562104968079,4.42630007367159,0.709364673944901,18,111.355459935428,1.42437428583848,10.2839550798765,2.07227362984695
32.1449432392766,0.49019731121224,8.9947287246564,0.592793059121925,14,85.1704442570976,2.4708755642376,7.78794940885257,1.11880609404167
16.4769249526555,0.404730279145436,2.849971621631,0.424476696026486,13,64.555970120011,0.532700301619134,12.0555583932978,0.952001322975553
30.4618713216524,0.754169990404396,11.786436090009,0.988569611800508,1,20.6608847127527,2.44999394056979,6.13133454255785,2.34631336020851
30.870515941556,1.43859145119299,7.26036600271888,1.11246717694258,19,41.7416066164654,0.978505642978795,6.22750524307668,0.728535491090594
35.7082066527592,0.433063314906336,1.4534619230786,0.360860336041736,3,43.1731966284109,2.7506940357194,6.08272731706529,2.65466751655885
56.1534774804593,0.918856765237922,11.1321103783548,0.954341053010418,29,58.8883748019337,2.15088335335771,13.9376570120508,1.32602568682654
147.169453348345,0.975513075827011,4.91182342581833,0.454646000695853,4,42.657356834819,0.502387641819916,7.50038344557172,0.854354719522376
41.5534915990748,0.607819668286324,11.7922987395034,0.715336721226914,3,47.1105170786825,0.832618219982567,1.20272843555219,0.352572972646781
8.54614415403596,0.327892998891168,6.63843631098934,0.979062770080743,6,173.076573099466,0.792549718729051,7.65304323233961,0.561044461046057
51.2617198299926,1.48596724421321,8.5370288180484,2.84728461498705,24,61.1477022118647,2.69810940183923,16.0324561100726,1.47128246793324
140.208600401218,0.924854356645217,9.45752888295106,0.87105869709705,5,86.6923817315311,0.787051339052752,4.74495670981804,0.442590820624747
114.610146569305,0.950016847964292,4.28765352654836,0.473999511353311,22,88.1717379895581,0.737536885814951,5.76760395987083,0.542200389218741
97.5538106860245,0.611205781029948,14.7791675603283,0.976379410411233,23,125.880535733859,2.94310489995056,14.6734539645463,2.02122766486533
31.5528149802823,0.487402174510915,9.27553922073717,0.57961294150593,15,117.121812560057,1.33955472788332,14.4272619301096,1.43645211028402
24.1348323742251,2.70016994554976,6.12868475253479,1.53565153847489,4,237.890560519092,2.34882374707992,14.6258948549125,1.3629334760904
77.8055714775653,2.17182789219647,7.99189913266686,2.29739261021943,12,2.4224356606571,0.306325057955131,1.24477755845019,0.349841138790034
174.467863225635,0.864240728912383,9.17193449021213,0.751455478123714,25,75.9230807661434,1.06078550578804,15.1355772918079,1.30209287862256
35.3758334881593,0.700843541292871,6.08891606436564,0.731061240186384,8,35.8759841806056,0.41001597473088,5.95257223020814,0.545436325122063
37.9140635218856,0.438668897588297,12.7169589452229,0.80645883813199,13,15.8917113230616,0.384798008067701,9.33737151412254,0.896189422535602
52.4004081056805,0.68560403465974,12.9725686031303,0.859038018436909,17,39.0045269203472,2.97254425609806,8.72331400923505,2.93755381013819
121.413127697342,1.54987570851702,11.2492060943487,2.55325361067346,26,25.1018728009314,0.772098773951778,0.785293128013152,0.307494075497885
71.7240384739202,0.66996690128254,8.84307531929444,0.849988511241844,18,29.7993555670911,2.07022868372676,8.48621735887526,2.38197387706441
38.6602745274107,0.381735514798079,5.03535970108838,0.448344424002989,9,25.3734037890702,0.737188320832095,4.07304756689674,0.631040604746006
12.6084175218257,0.361775438071883,11.2815011513244,0.714872745064279,26,52.6815876976346,2.00392663371177,11.1713434229959,1.38440791985449
47.2593976999026,1.95414854965856,11.2140166667494,2.12607875056496,19,32.6427905312273,1.34879906315507,9.22219352493777,2.62441631199314
31.0578442794239,0.737854408518641,1.74025482276795,0.365130950348228,12,52.9489353233051,1.63500047811074,13.9863363819414,2.4591392147475
25.9300893586643,0.387760057679521,3.80564484504941,0.510407657988933,24,8.26529466260784,0.359098596961749,1.83380270401639,0.365587471835273
46.5507991531747,2.99950217879783,14.0841826653591,2.67082280005695,29,209.207507006689,1.25057179520126,12.8389539545397,1.14359895521646
45.997517173215,2.65609712187524,14.9750589195346,1.87338338961666,26,33.0636452027161,0.807809974189982,2.75490371171712,0.368835421525442
53.7245159349838,0.962459614106632,2.85087279860684,0.526279017838075,5,75.920235381633,2.47492013136101,14.5897757692444,1.98497801934165
126.344924091898,0.732521437645403,5.16414645694462,0.525971311409585,30,66.115985857087,1.16292725330056,13.7479524469239,1.0650811159283
88.8453769243109,2.85476435095213,14.5144338840272,1.79350940438945,16,53.2828531712948,0.450517482276563,7.37264525269244,0.632162414489742
17.2732970740649,0.519980768127107,6.28739102323715,0.938402865674483,1,26.2214521854358,1.51780552786693,8.65265298286104,2.06084865631556
11.2175857091461,0.320064861934661,9.22980837606612,0.666581157229484,10,13.9176365106011,0.302039398018589,10.3205473832349,0.99306970216455
54.6754986414149,2.00668945237472,16.1706648123563,1.39059425662549,22,202.522651057214,0.84224678839475,12.8182796914444,0.947954296962613
43.5519296705093,0.904564232507467,9.26918760349654,0.843110314955369,30,53.1697705412566,1.25606307046294,12.3057997029932,2.3650626409287
87.962291688756,2.48193999381508,13.067436383506,2.51172052419793,25,28.9326355653882,0.658499530387538,5.1924702460023,0.77778898662228
125.299631080501,0.921057116768247,8.37003703446703,0.855644465530686,20,28.4377966689551,0.573661359095992,0.979454140374727,0.338542364857697
79.3525896621501,0.452250527328643,12.8490070937321,0.946311269663057,17,40.0701765065575,2.05537248984218,11.468714442869,1.91803053599439
38.1592704998392,1.03081314242663,9.79957358261004,2.59104852228884,1,36.5803984651647,0.66978398605749,13.0435289701251,0.845712502346036
40.740250744807,0.839303604270665,10.1247006795387,0.746172891527939,11,10.6758714687187,0.362587040999796,4.27772937668872,0.421344078292576
24.1947196449598,0.686423374230279,4.45588655624096,0.579769395485613,16,99.8309021183894,2.66108523048485,7.35532028501725,2.79286717412698
35.3864999700654,0.936666140146724,5.70969690989449,0.598849307647035,17,28.9271012973989,0.514650307202558,4.76854187882552,0.438383637628509
28.851212627943,2.89611637155407,7.15286102141374,1.41283646959521,4,20.8723765927911,0.864581166574399,6.11749505179665,0.920670320277955
64.0589080997838,1.47364972982829,6.34163418419259,2.12663828351924,1,188.545719482138,1.74174121604475,15.7473715262834,2.18401485514714
86.6626888620363,2.40676218644856,15.4081333685766,1.19956960618753,1,92.2164755207282,0.655906544492932,4.89316897023126,0.60061186202268
38.4436814509652,0.689612413444058,1.36739738205132,0.353558866333148,29,40.5626591889436,1.66318703666351,7.31122780920108,1.1637712363653
94.8000273048965,1.52026964965026,9.06073512709109,2.37176644449526,6,32.2332407780112,1.35894801190078,7.33939126115297,2.70233659473485
39.6609963161018,0.552375352824221,9.12003181537032,0.571619781240554,5,51.7098130205772,0.430920394433445,6.56449135868424,0.470704980495817
16.0242990297234,0.523400638000161,5.47804302262539,0.688133639119771,15,31.1900856312324,1.15283871135747,6.71446168085291,2.54244177389353
30.9030837766127,0.946609852321682,5.10437846290588,0.805854675558647,18,98.6407963256602,1.59571268890728,15.0051948087068,1.86111774377438
3.21212261816021,0.322491096863511,4.98602524280645,0.758257252430962,23,49.7764710479757,1.26750205907064,14.3324056995873,2.89916296575771
108.329404367455,0.893603717569589,13.3896555507739,0.935035852339746,29,141.504615635396,0.549339283774165,5.13990923034774,0.428377090533978
44.8480798122156,1.53882414008132,9.09638713223682,1.25240017237656,17,34.376719293668,0.677191685023568,6.80113910095581,0.98674770994284
30.4125013026889,0.486408998464481,13.6528575121176,0.920113849710024,13,42.1141111699107,0.920802038252353,11.2053294350641,0.763434503674939
25.7049901027351,1.90307582028689,6.38347660537652,2.30581605030931,24,30.0367612367977,0.90543271852773,1.4835055788687,0.347853366137682
13.2154718748439,0.419571799129679,11.1555425667479,0.92332300602105,4,175.367822831409,2.25804391437683,14.9656215797224,2.78054725674746
7.05836025885376,0.419567631887207,4.4840639756905,0.599727670600504,2,123.776614256677,0.894560086282681,7.50375831118369,0.829754602393271
98.2458978400264,1.60222861868443,7.83221385892054,1.0663976464011,4,33.3926724794205,2.60984170114044,10.0414047013752,1.33081142641135
210.554625189954,2.95626900030269,13.2747140506255,2.30304260973162,5,50.8942390727033,2.61610690246172,14.6714217504456,2.64580654853256
74.6793798000904,0.662809134632174,2.91584644204924,0.430372378262082,7,19.2686615251155,0.493394561225881,3.53880608893757,0.607568400966474
25.0899856418752,0.467932725858705,4.55617667052369,0.510594940101292,19,92.8984750076268,0.604029409232814,7.44918414988742,0.68624900993946
9.55207967112438,0.480242918531188,4.71736367493837,0.847786637385939,18,34.1846999665357,0.375795454960953,6.42120473286613,0.495760758203026
4.73699852768712,0.322798043596419,5.35326606226577,0.787123647258169,7,73.2774112747122,2.93637683618012,9.25842049625026,1.47588650776744
28.2156410352589,2.26799189645659,9.036902059766,1.7360291445615,7,62.9826081743593,1.3146528887459,14.2095086351165,2.56779567373418
22.0135152731489,0.437634155863728,5.65587314484077,0.770466941206676,17,38.3819950833319,0.663822969742378,9.96699310549709,0.918966090609993
54.5910237089499,1.12033372679571,7.9693024584507,2.18259776504297,7,167.838377666889,2.23258296835262,10.8017843872877,2.35699046347948
64.7392781575012,2.75076527283122,13.3811649401122,1.57278682140279,28,53.2078345069639,1.35474624145213,9.2860049760303,2.99997193242394
126.338840425068,1.56908380721127,13.0531888951733,1.65831335087359,3,129.209784104755,2.60511871586665,15.3529434160063,2.81463283528223
34.1195219983198,0.671070863465312,3.21347140717599,0.364977529054564,22,64.4164769765323,0.733007267013699,1.07052132062822,0.341161369954704
30.2058109249705,2.94863249213775,7.4328475551231,2.96394860242299,13,41.2568190327118,0.659373319715342,8.37733621811808,0.555333112418988
34.2573017198711,0.68842589654357,5.90610523365254,0.619475132959033,17,69.1290702330103,1.73863775977689,9.82555135445262,1.00635594684404
68.7496204639685,0.629808006542164,7.34754193506743,0.579680430658195,19,13.8392596614407,0.423159054476983,5.42664982991987,0.520533518801061
34.4976271167609,0.627638586118666,2.66364717005596,0.361861526452636,23,25.3423606848662,2.67852803717937,6.77210710081374,1.49617646308463
78.4616360854133,0.696903304990353,7.0120009673674,0.530420376133008,28,147.340544791959,1.8385541821534,10.1223890059716,2.59004849127426
45.5831058929675,1.30135768013344,14.606972825847,1.70061007479432,25,8.0730012238132,0.328153592605883,13.5583326537793,0.98879943615023
40.4545517004722,1.33524510656421,13.374841480753,2.50989659836281,10,46.197187794572,2.55844059469236,12.3052701241125,2.48368766976616
43.4972356242768,2.01225915422978,14.2932257987937,2.46428797137497,7,203.900634900874,1.22231208760965,15.1441767734987,1.34323420704046
125.318058284207,2.6689913772841,14.4815148056289,1.60894538674557,21,12.8183169810684,0.318287134297917,12.5941340444974,0.767712592376168
35.7139075028829,2.61477542127858,9.15170541500389,1.42847245178812,7,33.1094383857344,0.539355193553176,5.41272015181486,0.887383297655178
138.790064263426,1.93741580991785,8.7582940260955,2.6608649554798,10,17.6238939742498,1.43732111457801,5.85482709649007,2.00898697496136
26.4218486075738,0.794552825829604,2.78820063502108,0.463651644875167,17,174.725801808119,2.77990492485128,14.1424935331797,1.68325641786114
72.8435353609749,0.566305366146969,12.4748497976797,0.843254613094358,23,25.8161731665522,1.80640121550786,6.90414525803726,1.4207123213414
57.2574747118871,1.55213944520444,6.26170395473492,2.60660347321409,15,196.215394169687,2.68464834616364,11.0990739568367,1.49125637572902
76.4476823499574,2.93163682385908,9.42350407148168,1.22401538610699,22,36.6848295428445,0.835362075128954,1.16556340140725,0.338933690139185
56.2736306173491,1.57569866136649,8.68618558849534,2.88850146864964,18,49.363391746439,0.655452049461109,8.43246575894292,0.53793051240361
45.0836828676311,1.60731507883024,7.91882187751396,1.67365187887046,2,94.7216135265904,2.0606823575344,15.6883597798559,1.27566181437572
40.9928323154843,1.64563860975026,11.2420178481993,1.17112937497719,20,27.5445605901212,0.695741822251402,10.1148741979007,0.916655732845635
21.8270328703186,0.481891859106543,12.2019099337165,0.812972427102045,1,36.377724900292,2.57865551354647,7.32986260027,1.30420255311391
23.8085940008632,0.550936527844291,1.65184514717269,0.323998469511065,28,47.5853688847249,2.07757432503566,8.77053748235025,1.75395852852434
37.8420153418477,0.736257825854345,11.4901353013889,0.683486518452241,8,29.6712417946184,0.446769687041905,7.55689520969152,0.507739598938716
24.1526750482399,1.90036679421496,6.81591957532586,1.99522220267072,2,50.6888142325559,1.14895378223378,9.18620641456426,2.4342577869887
142.088898712575,0.688907596946195,9.14013008796921,0.667732638624153,5,38.343509546414,0.929920865020868,9.84065780132345,0.868680335521039
42.5198507074799,0.601725380866146,8.78725647048537,0.574928573188346,26,35.9351726206401,2.57948631350161,10.0413183228159,1.99992137544955
36.7969017284899,0.540019717761553,6.33485543280865,0.668082113911912,9,223.003199794914,1.12101939937011,14.6295650829853,1.49813506024821
7.01123656807936,0.362648446536279,1.66306094798777,0.339573018835074,13,71.8638672475577,0.508482765976288,9.07049624474277,0.906799912533729
29.9727288357446,0.800779794296732,1.5215240614569,0.37721627663811,4,23.7565073992302,0.595349318096849,2.08317297602496,0.434621198054006
24.5487748167522,0.533335671448141,1.22427947421069,0.320609010674297,20,13.1560638372833,0.464812953410661,6.46123067832383,0.595176551582677
163.248073928581,2.29537270002923,10.3832947284828,1.16042266708175,21,32.3278242870474,2.49198574498599,9.60021003174461,2.88183363398611
41.7392189037607,0.84968753866885,3.21990127759277,0.380867931182652,6,33.743280602723,2.87823624085307,9.10340523168565,2.53420341377755
93.3647588796324,0.983693614696136,5.48986544053445,0.441851062816935,30,111.157134157376,1.22596311650273,10.2071652650724,1.3034170603042
19.1188538974302,0.754732215242519,1.59104391855238,0.357919352735019,3,56.7323614250505,2.4327519530598,12.5786486489872,2.07607966248842
20.5466435053042,1.09501793797504,6.73380284720816,2.27393309533168,19,18.4462155333016,0.505693395245857,5.64769128862407,0.512305773952728
50.3835379638768,0.792083945733647,6.24236947153849,0.978076226819728,28,24.2185976035039,0.56403473838962,0.817859109870971,0.328523239862097
28.3701361344477,0.956814759728116,5.86582201504827,0.749184364220863,23,96.8014809143924,2.59387629846621,6.9833203749926,2.84301734229307
45.7596499068857,1.5097886589971,11.1056182903508,1.88076460812586,9,102.288609066806,2.51842018187831,14.958531984713,2.02260531751839
73.6075025975713,2.29531813807404,9.87610294986612,2.22721623089802,6,36.1123659215416,2.23847981888244,6.07141902114294,2.19534335607597
56.1644612883648,0.760744987314106,3.53699894638321,0.458705677537214,7,42.1445701741404,2.88216302280481,8.35147424890193,2.56955688545407
20.3579144899438,0.459015700793719,7.40778037246737,0.588603695055266,26,49.5562176580126,0.959098889004268,7.74075727870549,0.735926991035049
55.4479224165891,0.891044762345143,7.56261788801298,0.657411469250483,7,31.604278971328,0.802407264738134,4.04040340265284,0.570792279924996
39.6592981291358,2.94112900597904,9.80029098886288,1.76053363341205,26,73.2732995924323,0.635406899648064,2.87809565002376,0.369145080407055
100.62240750916,0.758693323383501,6.8076600025154,0.696729991381211,9,54.5461999188799,2.55313974102749,10.7070662730729,1.49486034785851
35.3566730779979,1.01696171649434,11.2428351976699,1.54875465089762,7,42.8284136596419,0.870046259494382,10.0216490120724,0.700679776923031
98.3939752143363,2.70808737306988,16.203872656618,2.90391483703769,11,59.8039174128,2.43282000797953,12.2903134023458,2.70027749303061
21.0524937952426,0.502512611008777,8.57436043353043,0.773744933641864,26,34.0978191807353,0.953075233470032,5.53607735421706,0.493582739590878
225.221925819458,2.2342564258693,16.0653882942185,1.52230504177802,9,183.809953060329,2.97037637696408,16.8704543833936,2.6142034527518
53.7443131815508,1.77235008570637,8.56448951439745,1.83592320572056,16,55.7322898056097,1.17930426454514,8.58867980746382,1.77968412957008
73.5056182132228,1.7966584851559,8.86261138759432,1.21718020133835,30,81.5347102391385,2.47713188962684,14.8729376027009,1.68080720660117
43.653736940845,2.08211256029058,8.80951367461418,2.59272280265344,3,14.0289097436325,0.47442379463573,8.37623126951234,0.744988626286892
47.1745977018147,2.37930093802892,14.8861877391355,2.27712658208047,28,24.6042644460623,0.620684273060247,4.18226817718254,0.705530370497971
42.9892049009576,0.833766467546139,8.33720915266798,0.617002243727724,11,77.8536437933493,1.06322599089711,13.6880114938478,1.747879099523
28.4396949254484,0.567815828704838,10.5128105996834,0.703049073191459,3,36.0073414476986,2.32976964163811,10.9952698411834,2.08732772025418
17.9326501337442,0.566277802947123,5.06648427022591,0.756124642801812,8,27.3970910583193,0.684567311838583,2.02020455513658,0.40581582205328
44.9972052065593,0.737419349286986,10.0841065478518,0.868669844295206,2,63.1508441956092,0.783798914007067,4.27644392019128,0.477511521918115
93.9112246898637,2.28153489023568,10.0059672539974,2.63885934299284,17,26.4574319984739,0.439221284355804,9.13331923263761,0.669592580820632
48.8190320042929,2.84262154448922,11.5932836748969,2.73477840661557,18,123.307593227589,1.93518273265293,14.1552874953367,1.48065732092055
61.3225100355972,2.0948250258658,13.468965178189,2.07282239009852,18,26.4642223648199,0.32697516249612,9.62153522595321,0.914451728602902
41.7783069965028,1.25823465632684,8.90752495894288,1.29825583326744,10,20.2514280897132,1.02981735645367,6.43970943661461,1.43305533179902
77.4687724759579,0.704996970773597,9.61112934316736,0.986226826412756,29,10.2969732902076,0.415144832215544,5.24944324630967,0.739776858382178
11.0397757283947,0.374477449655595,9.59102681012721,0.692912597881593,24,53.119625968537,0.852698019459363,1.66060870255287,0.323726230768492
48.9546628030517,0.964319875633451,6.39568618330162,0.508329037908573,26,98.1148938618771,2.61002450353839,11.4105609601288,2.58765534390442
91.7837359164863,1.07365138522033,16.4359309616244,2.66825559893107,2,38.2203473288363,0.594462981853078,7.37238714121828,0.819655472136396
21.3589533480497,1.11392185596092,7.36994885980144,2.66375790750388,1,28.0507254579731,2.21017003508617,7.60808890622452,1.30562516397356
23.2916732273429,0.777940048689305,4.0164273898293,0.505228619122918,25,48.1962615651362,2.42947945633762,8.48960403071568,1.13569677406443
50.2904049063686,2.6836613518971,6.6986411651042,2.03870870303817,18,11.6770651138995,0.459671849926752,4.28000008954047,0.492161131030956
196.999013400002,1.39581393853323,14.620326673059,2.43377643597416,28,87.1883876507399,2.23266385132973,13.5467076265169,1.5129691888573
154.173830226355,1.62217013811256,15.9991222346125,1.7601436315761,30,71.0299198869813,0.84477528606354,13.6192564494544,0.929276525241462
46.7853731386377,0.930658781263723,8.02191850250868,0.906316514962476,12,49.4876875553909,0.828415764525357,7.92254735292342,0.961184733599171
46.2207346910401,1.79637507137739,6.36828604467204,1.6596993331646,15,28.4351834627267,0.824713970676985,0.845136630083508,0.324300115607035
149.054819101043,1.01702233641368,16.9035922015675,1.90173665793367,14,12.9764640125343,0.318443835950707,1.2680162527583,0.356697857938685
19.5565336433786,1.62045541845985,6.042249780326,1.64631266466138,15,69.0431484033233,2.00033812672919,16.2737676295461,1.6792888236749
93.8667824487604,2.22498555936973,10.2938594491427,1.8307647077313,15,61.9691345661248,0.797500691506706,4.79612089000186,0.762659580713387
62.7533696757492,0.573477159792905,8.38953234725786,0.646433007513208,19,71.5773996642553,0.891557784291264,4.03285960278646,0.434689147124544
35.9432338862216,0.500246933159033,10.9855437341313,0.801687154152422,7,46.5874554296435,2.04009422110191,9.67355528846524,2.87125826666354
95.4811806720123,1.02250112554083,15.4978217685027,1.94670398608411,17,175.804948752547,2.24351982215523,15.3661946274623,2.51440304948684
15.6910901256952,0.418274103679971,3.89520063880567,0.536538187177127,29,157.140161869617,1.95905622159631,9.96050831435569,1.55971232354587
50.7988478346048,2.32486384525068,11.7082086689998,2.90865539562363,28,62.1943690235686,2.57317527124598,7.11561978693143,2.47337112034011
44.2320101361704,2.8059649923729,13.3885907695577,1.10024356462958,20,149.899370041948,0.929848521174223,5.6481466796155,0.499940992995887
65.7797974313069,0.998740057813844,6.670148214498,0.58275670006766,1,88.261995647683,1.64838669978494,11.3975970351535,2.70582250605728
37.7469655211173,0.753276836569651,4.13444340375876,0.487582776358116,14,57.5687130219349,0.575570143592656,2.18472789305238,0.335489811785032
193.422093232225,0.868621196549493,11.0616363019868,0.698885604191507,7,5.29660770501133,0.301408126233642,3.09543252729629,0.360980999831623
9.83420826486197,0.410452453120466,3.5955528533921,0.571155347180197,12,127.449519331712,2.66643152886506,13.0734584724666,1.11985799471194
54.0844430177252,1.78738125500659,13.9866091839671,2.32917161682501,5,45.8353933667806,0.862749498486529,2.82848961322887,0.411161711504681
71.1295967790841,0.758983372477481,10.1674242692831,0.995141221053124,24,30.4599071714133,0.631209426208144,5.51613610418667,0.533781051873956
192.381253973388,0.95793540415013,3.76047693769013,0.428609179847584,10,29.0758732718997,0.586409433208335,2.10503217907422,0.414268693918254
155.004946120147,2.80852340937067,10.3640539346983,2.4155341803553,29,22.6285193296179,0.35048267589592,6.06598146398635,0.486576085525315
31.6205858123806,2.43212794633455,6.32371737980688,2.32543314371497,29,42.368521039133,0.921154793697875,4.72226870562959,0.488548632293415
129.189356304,0.753814774909723,7.3636652464021,0.81138232023588,24,72.1010432955856,1.82521010135413,13.9401856391415,2.49947498314527
43.6028968533169,0.534627785073662,5.73044374388975,0.442653656081305,11,56.3999387617648,0.648104365836237,7.09989175768381,0.712073640634959
25.4889592228462,0.635490055118501,9.55951335509096,0.751058615409216,3,26.8662929239179,0.367304989567791,6.03507662297272,0.666048346397629
129.023006657084,0.859750017148167,7.0601772568844,0.514527885751133,7,15.6091976705741,0.703596850598702,4.59384415761361,0.684057253687433
18.8157131465655,0.701616179139114,1.36039354368002,0.345169855335949,7,45.2354312214641,1.37732704476437,9.83238337425801,2.42050178830801
186.097609150049,1.77479703418052,13.5875759540621,2.45513104702292,15,70.4189464216954,2.0210943218636,10.8700166949375,2.67607512848885
89.1947726876066,1.99486426690589,7.18511866612785,1.58506140524212,4,32.2007874771738,0.497356130646551,2.77290730131499,0.364847237123477
37.6464210949697,2.11230956082614,12.2774738871083,2.11952434659878,25,132.237911337028,0.686070860698127,2.79481797815006,0.373631001385801
39.4308499455626,0.928381913728369,10.6770928933096,0.843612373522056,13,44.7729839058672,2.64391298510585,14.6507083462665,2.49911816940846
51.861913785582,2.13576191889517,10.0868375601928,2.42005675355065,4,38.4887043052447,0.851009406091513,11.5435349968025,0.970635136204328
49.4757376305517,1.47274135054568,8.20949758587538,1.28595303723256,18,34.4955669451428,0.621285315688521,11.3207594157799,0.71815426242115
3.25724682840808,0.329882448198701,2.15129671892574,0.444952455037875,30,61.82968858447,0.744842557829893,5.67009246527702,0.688933368048916
35.1280214043696,0.963638081001574,11.478961199662,0.984135594003134,13,50.6453717152579,1.21137591979935,9.97429594849681,1.16606965664597
27.1308555270417,0.677599466839145,1.86992393308712,0.37996149414982,13,50.5010334654326,2.84118822747907,8.22296418006627,1.2347052617466
15.4626956992129,0.516444465377459,3.18324640796937,0.439964007510695,2,175.443860261241,0.813313689051686,8.61854981880376,0.601919776925572
34.5885513292784,0.953499201091859,7.52743754920628,0.913383555015695,28,99.8492666071488,1.42426593139042,13.5342326040058,1.87985248804477
53.1800604014091,2.5500283599273,13.5526412786335,1.23271480371227,22,185.656392519954,2.00779914956899,10.9572353755992,1.66973739901722
50.9398295048896,0.650673113125173,7.84723255393443,0.93622404931564,1,71.7628559570647,1.7162956818322,15.367948783754,2.96948741784612
135.136992568669,0.92506818600972,14.1590944797263,0.964157720931833,17,30.9906283544168,0.524570967771089,7.84869040989686,0.66672820304739
82.710969848579,1.17399942349477,6.09855264760683,2.4297615646539,30,55.1481595502268,2.12241953327633,14.8329239294607,1.43884221693592
7.90149151128354,0.372186653153436,10.4824943177755,0.995769721808846,7,20.0589785645655,0.86997857315406,4.92280775586198,0.783082085238304
61.4413189613263,2.51135713704239,10.9107987356633,1.42296156841556,9,40.7799002225674,0.653014220832852,9.36420467992623,0.961931227886268
49.4543219151124,2.68054304470506,5.65211300991852,1.17103527077575,13,92.3875148969538,2.3188368879785,7.40616505589808,2.42672335177855
12.7169327238123,0.345831707135853,1.61705081708168,0.322231620622916,5,27.3808860544736,1.09360362308168,8.5776871041633,1.26822840021277
53.3112261196672,0.663508947670524,6.65186665083943,0.57385822372816,7,48.7878290478008,0.78053228389014,6.70673074840385,0.521656746339206
54.196689282998,2.44876436846953,15.3439160707159,1.26635888656532,29,233.131109681958,2.23613292260949,15.0878665630088,2.02976409523389
112.359577119617,1.79401461478077,8.7492935133879,1.52276622519331,1,6.45951577863265,0.326862329010876,5.35636126421973,0.980002682022395
72.5152060109104,2.25039151608028,13.8911622484047,2.61138853034615,25,54.9314346881834,2.69597279903217,11.0644599988691,2.78504954850078
74.7957902150923,1.51944601758369,13.02155939598,1.92876792080082,6,13.3134420260271,0.34257611496723,2.14403270595389,0.430946888859731
164.582372103623,0.975208298855008,12.0090808022175,0.734031928948858,6,69.3603642186474,2.70838289400106,5.51368728115568,1.33392280194184
33.1925396063597,1.39974721836935,9.26569271282472,1.10026178161298,5,166.467369251912,1.14968514395108,10.2103506613434,1.5879596401316
21.2316355844944,0.820653148648261,4.49661663045172,0.591223689309736,29,59.7620899954241,0.910018953743447,5.33711799574124,0.816702884590507
91.6292470404285,0.880899314939551,9.50500018072362,0.872894639876496,8,27.7804076237548,0.98549503041851,3.74437345345785,0.650629339964012
31.7691832689301,0.574208961158147,1.37761144051115,0.310264397958709,30,13.9812796819104,0.403238434895555,6.892093122181,0.548294043746936
41.2658688069886,2.40369862152794,13.3106665659483,2.85042604043135,1,7.74133074627709,0.30093338935836,1.24323816515614,0.334698992002432
23.3763247992839,0.707647375409506,7.36592692902071,0.986146585018182,13,67.9475296546491,0.506839467160347,8.19984496743999,0.53177023280143
28.7170775141403,0.492041908765853,10.5820089795239,0.739523152923662,10,35.8350558626445,0.466796083814912,7.74390237991198,0.530729276321694
92.5235051746545,0.760883519879089,6.90670720415439,0.498538377337828,29,24.1430451179534,1.74581719566518,8.01842925035098,2.9220000884392
49.7574337239421,1.15910899769598,10.2725562060499,2.42711544306162,30,53.1340063972045,2.0660083214334,12.8740524610739,2.7363046954866
65.7066371592364,1.73989728056917,15.3610718446706,1.07421160483819,19,63.9737316122043,1.2295440646046,16.757629307699,2.23562788870829
49.1047910845612,0.978206949026423,7.51998375906242,0.571602132314697,18,10.9478621675805,0.366917390792195,5.84890465106134,0.726449298278628
44.6198037365422,0.939460009487964,9.53056850958406,0.62819841424368,25,28.9689600508146,0.726051111872859,6.07567375236667,0.548790455088398
119.698810981733,1.87651941856748,10.8616940732212,2.84512703745472,25,8.44511716796619,0.401596411996025,7.16930951449741,0.902877083824731
88.048143376353,2.53949882466887,13.8234993138459,1.00770940633439,26,70.2139294327769,0.904919864301586,8.43524496830957,0.554333411191567
113.573205850151,1.76028305449915,11.2424496702806,1.61578037131929,11,38.6034968449241,1.44803942800571,7.51125006884645,2.12538704847153
43.835514421738,1.57658740269975,8.37948516025672,1.20302852038534,21,61.0891978456964,2.26206671275867,11.942881216518,2.68449033660296
100.77211775475,2.22191777246344,16.7869357185501,2.92206273287492,3,55.8996737557399,2.77775160024562,12.8424760067208,2.12965113314458
5.41831183491812,0.309648721765205,3.07460334745582,0.472120469062319,30,152.433558142526,1.46898054979071,11.1671389498224,1.32424027106514
16.9892166800945,0.347695543394838,6.83799065934151,0.886500615569368,23,46.9365229044212,0.379523108710641,14.3066703176492,0.912851293392209
49.029713376827,1.79812945989789,14.1176537385272,2.06153336946978,18,37.7726949878308,0.727671452146766,11.216875220641,0.855151121656435
35.984972602694,0.915559351154159,5.68536994618627,0.794799308708501,9,49.7271692116442,0.838656065242522,8.08299704451783,0.704965308970729
86.2423625263252,2.35563903492611,12.4846602596738,1.72005819453806,21,115.637570273237,1.24053486282663,12.056014201695,2.30764897479362
67.8470194283176,1.20987482361423,14.134732993205,2.15783444257524,16,38.5622673876809,0.68718896961685,6.16264734124687,0.487594152126738
11.2202765177977,0.479835270728367,2.05228958096337,0.381834503562265,10,39.6895649650974,1.16604299659153,9.0819723516959,2.91702731741291
56.3688561564737,0.945744492276194,13.8108734022524,0.965838598746631,20,14.3712118614018,0.328229217011131,11.319766461795,0.955614446550141
76.2938402164582,1.45351736038439,16.4726259191928,1.70440651263026,21,51.593136642261,0.934209046766533,4.41283498075679,0.632974545415623
64.9652364948015,1.01449877181956,6.98021397851001,2.38675545808082,1,50.8943788597805,2.70596267235583,10.7106676509193,1.13528760046917
97.4308504443474,2.8992719380005,13.3028368503245,2.2782364889375,1,145.700417666705,1.17841553467247,11.1199086223162,2.86559751588083
134.748835941538,2.1343263947618,8.91270648929516,2.37989839128626,26,84.7385415988538,1.06998777337189,12.0713396390177,2.32696067552421
31.9498365648252,1.27229204500182,6.74543205607541,2.35873395056617,28,64.9880866061032,2.41224263272481,12.9189850299365,2.07148770742326
68.4111555305562,0.899162676012537,8.46923013703233,0.983957507988902,11,85.5159637029777,0.682878771644413,10.2230962169438,0.798346474395153
17.7641079973878,0.430612755492177,4.76999630867605,0.787834962957495,23,12.2662144257548,0.403188957995804,8.25579083475677,0.730209480881079
107.059847709187,2.77584517270947,15.221979891085,2.5239345476802,17,37.4881015132017,0.477391796658617,6.68322713258838,0.827206927345818
59.1924330263752,2.0648955996948,16.565901926194,2.15536783994404,6,29.9446505343235,1.66602003348097,6.31823354483684,1.60264947617111
45.0774963651549,2.03326577572124,7.98268224250474,2.43965375493693,27,39.4758967122952,1.51559554411866,12.0109998738646,1.07010145654249
21.2219626097599,0.510710717835699,5.91102284241958,0.843840495047263,17,52.519892601286,2.39232094224523,15.9409691046527,1.62957842535415
27.9780504348569,0.833165687474155,9.46627997078632,0.912296043362373,17,29.6026065594374,0.575988539628623,1.59857806985041,0.330310913211505
40.9593655073354,1.67321129061083,5.60322392728442,1.48563663382932,22,59.2703908958061,0.935475696533283,10.5897461714943,0.651176618129343
152.167533090292,2.22828330328088,14.0674661966516,1.58839949087786,18,77.6155901111701,0.658768232681095,8.99923172355854,0.964841764824495
56.1285739505345,1.4715624020466,13.079830907864,2.78891300521535,21,50.0017476386835,0.766697570157674,9.23365467897356,0.593035031808003
41.2815429787493,0.998719700647969,1.81585777260488,0.374394182089269,5,17.7579038864642,0.616585331925834,5.23633534144207,0.634694252744183
106.263585119423,2.97277266217862,8.29664045495241,2.39691723250677,27,47.7807073038342,0.843351104524909,5.76158192516336,0.58398289876892
86.4476782704251,1.37122281844402,13.6386013874072,1.9622349300297,13,58.6053338190316,1.22461588716899,8.53701406235182,2.39703091382007
150.757218192265,2.89059715515659,9.41021868302408,1.58257135458636,27,22.5268308570291,0.717347321691659,0.918854527533674,0.328133394450987
24.2658326317229,0.74866581519904,8.74270108424112,0.833074598464485,17,27.4127339417312,0.586405503174535,5.67365529914376,0.970670197481068
44.9558770743458,2.23784014288661,10.1621418552434,1.32015248261687,13,73.4222354519284,1.26530095213267,10.0546501312306,2.43818022866358
130.607897917714,2.35228211531688,12.3264788237291,2.78176214179817,25,5.48370884019832,0.304373384187778,3.42802539356493,0.548264637649613
57.0729838363847,2.39410835376931,9.2715356413412,1.9919110740208,28,58.0933096247996,0.693333574279453,5.10914666830677,0.584893527831333
38.2500349549557,2.66857041442894,9.10125148544079,1.75465533840902,29,26.499550510702,0.474123508102661,3.36389272051756,0.372233763604597
40.9096721486682,0.962937967554668,8.36506011812301,0.981700387745585,26,86.6110317600642,0.881029132028966,2.38328617268755,0.333936924685345
3.78874583124207,0.34755749591968,4.47549425007798,0.65503003521641,25,34.7271354154656,0.623774696508423,11.6154710321337,0.696560675779566
99.4792098574436,0.546444195802457,5.18712450164349,0.49070137181383,15,38.717132911167,0.8335432138259,4.32445607451687,0.703179325843477
86.7878819523457,0.932055888000736,9.28535543283623,0.649159042875025,3,12.3343519554051,0.354109679484902,11.571908730446,0.725949189389937
37.7279689212506,0.999269583182713,3.46656013129367,0.421506000038515,28,111.670297173783,1.4218515179184,10.3926088249904,1.65304859017052
7.83762808514823,0.35332207662698,0.833117681277697,0.331423483343468,25,40.0846260063546,0.981303946769939,5.28891213266194,0.582315260418812
29.3751277787636,0.684445490821258,3.9850430705358,0.494818459517986,5,23.3049743645527,0.655660418151198,9.5293502286741,0.983218498237714
46.5856530678586,0.839772833789995,6.76224827654479,0.555580960783974,27,73.7588898116888,0.803538877046042,10.5823288074946,0.857192008061064
69.1696773593826,0.768926449315175,10.1510710235349,0.717389213824736,21,47.1750651546551,0.688344554983763,8.78806578322278,0.905775010647192
35.7756991049554,2.98683956244013,11.353313075869,2.96993917110528,26,155.293527333693,1.95032773814091,8.17788829687301,1.30817139569526
133.818054928858,2.07139334001439,14.2188708769164,2.95341019770334,15,31.2195344937167,1.76853656622782,7.28347610221969,2.21550072387373
31.2889470959972,0.978799979999948,8.63389006288213,0.778963823841829,17,65.1319114568352,1.7362854917421,11.8363344436771,2.64498269445888
207.51361683467,1.78425635626462,13.8959288530717,2.3161858938213,24,54.1650040625325,2.00759115123287,11.4954667427594,1.00608012324199
54.2304980775964,1.48433079842084,12.5850952143949,1.84294790964641,20,18.2974968878933,0.742924995764576,5.83990018392994,0.744995499983581
57.1869043809303,0.763018687124496,5.58387600391849,0.465379636574539,10,20.6966906739067,0.659026597463071,8.51940829749156,0.915790096316526
40.7604968160459,2.96360290352163,8.06408038861504,1.99273734869304,20,67.0795993153278,1.46676280476748,7.60386110118939,2.57754245184231
71.762658020262,1.84661822015593,10.6945037570985,1.90995924917158,8,32.7886702335567,0.463559811428889,5.1900592088871,0.426662682223753
34.7498232759566,1.00414671423098,11.196323282213,2.35104609705935,2,82.8035116913603,1.36979381572762,10.6736750539239,1.16496672472784
155.628228435987,0.775415052106832,5.51621641399823,0.492727949161451,9,118.770260618629,0.765449202764755,11.60196154755,0.836182679368663
14.0562874228073,0.441701269333768,6.89068812162909,0.680429584106489,5,74.8580805318484,0.830028618020621,10.9493917762825,0.656999873465658
27.0668404990608,2.14204293036906,7.45782039748926,2.05366166575703,2,51.2684718631475,1.02881781668954,15.2014824532782,2.19298800518051
58.857653152052,0.833553081628796,6.22322175466443,0.697889722996885,17,15.6514359230132,0.438216845085065,6.71493584436619,0.819575512232928
58.1619348373513,1.85738174958979,15.7834454147494,1.82216897572587,26,50.7656837173533,2.98449592049758,8.57033740998242,1.63477946915302
21.123280625803,0.845428861592423,5.7468277337676,0.729783939396075,4,37.0512436865462,2.80740635142089,10.400397904896,2.93509601076847
151.759084565637,1.79285329828119,13.7185446508751,1.04352596274966,15,4.97021531126448,0.304421178324503,2.47335171975712,0.36329704757344
46.8041951669699,2.61992987347986,12.5514879475285,2.34203499754654,25,104.102690156299,0.897314398348394,7.88423486193101,0.792498404896661
115.317043968419,0.670041370806051,3.28201950609094,0.367315444029147,8,123.980634281841,0.938756952079318,8.77173251053619,0.862686327881495
104.697964312657,2.2180866908207,8.78544518066255,1.34206930347878,25,23.2917063491134,1.66372630687332,6.84644842510861,1.38429948893602
112.947131046363,2.39756274292491,12.1339698927226,2.47995187433859,20,72.4934263494795,2.23756141312503,9.06481197776655,2.25804274019381
14.4163988188611,0.713581527887462,2.28791445894034,0.443924157818626,27,61.2703446511976,0.727801796522337,9.28910955643252,0.995522174590909
175.302103925056,0.843509203981365,2.70063717650344,0.351928996189263,13,27.3526122938034,1.36628744796939,6.32284702076558,1.91001949186409
54.0298972413908,0.846886304696871,8.04174479013136,0.740151082776075,3,97.3167822266511,1.78041926927436,10.8323701231193,2.33085198351411
69.4985631470314,2.17529100717962,8.31727170729325,2.95308276287048,9,105.542984254189,1.46557147241721,11.2012118370084,2.22332552643526
136.375794855749,1.48124214606057,15.7869071841363,2.01603258391127,11,38.6781099682252,0.656988258831113,5.24801303952702,0.502141147883358
91.4057176370625,0.915069436123173,2.26929409232134,0.36339851421284,24,58.8176301442608,2.57137493946462,6.91657092851163,1.8977043601644
60.8517197804887,0.515946292146064,5.62138959672969,0.437533777485315,13,19.4385868357551,1.17340924167732,6.83236342730343,2.47593604706878
106.902585264553,1.46274523819345,15.5672666231766,2.44744434566812,14,28.444712626137,1.9707321722718,8.3797725836045,2.10881584698161
39.2035677544194,0.929002879214888,5.5738874868643,0.864536161215467,20,28.9432648885141,0.47597320412519,5.32560356443263,0.891361722158496
86.1827823984672,2.78801289288522,14.9668594846105,2.30439445680313,14,70.9495614824221,0.918099211229948,6.22046478929119,0.565991293469436
46.5651291844547,2.75428273879817,9.77045420445549,1.86361912388062,12,82.779288060404,1.19386692253164,14.2040985940997,1.50959625927063
37.4270776072547,1.88545196106173,5.68122762429098,1.85099576281175,5,55.3483524638802,2.40908511823313,12.0501190736234,2.58715754532507
35.2275204131881,0.693388400027326,6.65512426421741,0.85050517965097,19,36.9502544405672,0.813186116325305,7.85789637350711,0.776487168456208
124.599783270297,0.839912629269523,6.91181180059522,0.590562780992967,23,31.1478966297926,0.726004385982134,4.03961042261164,0.438261911572987
135.464429016669,1.48885935969008,13.4068594214948,1.24737086555069,29,42.8059715792957,0.578608779918951,11.0897154490321,0.888540019129881
48.6200367474363,0.952756740836399,4.86623145219598,0.418263505917168,29,83.5018765156419,1.00404065485167,13.949125791428,2.36912572268555
45.9268202016284,1.27424329924157,15.009949843978,1.98459404698706,13,29.7765489354689,1.46478003115981,9.52465240250531,2.62531802426854
74.4776320365042,2.19570848564222,11.7704338853246,2.56762509199568,24,30.9292001407525,2.57326156161179,8.06975865375312,2.10298624218507
15.3162868668219,0.525213967147236,2.72271693485979,0.445832265154667,2,30.2451111320154,0.718140512349467,5.99032959067436,0.814541301333092
64.9759843864001,0.741787886297124,4.38560441075732,0.472947842948019,11,149.028442202944,1.75425121704235,9.14091501271419,2.86178106904392
40.5685369882471,1.41516482391037,12.5756842554467,1.53291792130796,18,22.0067974315602,2.89719839904348,6.332657603987,2.54568740204564
36.6765012626851,0.744578587096888,11.7170874629232,0.760702941017494,29,103.647994619908,1.2276447640266,14.9780951389667,1.27245581120111
44.5682628222746,0.786528054004859,12.3784573790228,0.772360016876907,25,53.4804687248614,2.50812043955951,11.4417773327192,1.65959448155046
66.1873343222538,1.59353693558217,13.6698009360132,1.64007123922687,7,60.560117098577,0.505550242311575,3.0086974701075,0.3833042530349
267.754846838678,1.88469968874242,16.2082047957076,2.31998346967165,30,66.6740727045683,0.895611516860124,6.9826057736748,0.90034627297217
90.7213479494796,1.10716197767552,16.106904776456,2.01374977004561,6,60.770314998078,1.22595783178548,14.5832019989773,1.48399056091994
22.9438725939577,0.611744169496658,5.83032902897706,0.77757051670706,4,22.4958988041115,0.321545982020462,7.94932811569326,0.563363007849303
30.9762687231658,0.868338350999425,3.19210425232025,0.433647763984357,28,134.957930814826,1.85426631986472,13.7508098726386,1.83555138884681
85.838516833523,2.21574502679998,8.9839520115805,2.24119760625678,27,107.664605160974,2.14842721761406,15.6287203073961,2.84619416159826
54.8759194647419,1.50502441332785,14.9081899807609,1.58406941748249,18,27.0339451000094,0.925765143003506,4.40198195451813,0.553979644112839
25.6722851644208,0.357706097154838,5.75676412775211,0.44692988152201,1,18.3216111145305,0.570434985663768,3.52449878569996,0.498705325899528
26.0405498414014,2.24089349993369,5.88910068603871,2.84943302079063,21,25.1714702161673,0.496834213272198,12.900031643495,0.996245433024581
119.442572820609,0.627004373502608,4.78743032619596,0.441218225619381,19,14.4339584026717,0.479744666323943,5.49175805325945,0.564858176569202
35.8433284272185,0.977368394277059,3.80225216188315,0.605467369630352,19,35.8544871943671,0.556640843800388,6.44244885401351,0.490253955503949
29.8972316201267,0.760488566948329,1.09901272822627,0.303861284564411,6,29.7517196012937,2.48375290604627,6.75652290181407,1.38085173832074
28.9081519830624,0.431948735131324,9.35911795705175,0.639462224794666,24,66.3592081118415,1.90132139876339,5.96178938194385,1.22840878131517
36.8771085992673,2.69961481204286,11.9530704071634,2.63779016087499,30,81.5642535448267,2.22064981394774,14.5514250823606,2.39273621138197
22.4200515993876,0.733183655098324,7.06995033950117,0.833747786685569,28,17.4784340782984,0.811422570696994,5.83780802349091,0.865549636574963
34.8612929627177,0.530546859511611,1.23351247534532,0.337354149443839,29,54.7406223871326,1.26102891725723,8.2938037087168,2.74207310218154
212.274871708331,0.874551318263554,8.10105266855608,0.525734818560246,21,90.3237941779369,0.658790870069412,6.34478609598245,0.486261109505802
38.359615751858,1.07954029666158,8.51923477243327,2.52716064947101,26,18.6991379665361,0.414852683443357,6.85199812001162,0.891109176985274
65.2787793120349,2.67658560343451,14.671318088121,2.90416697178284,16,29.1013990685688,2.91085544453038,9.03247613769711,2.8302570977404
264.218278363894,2.7710433579428,13.9659165212081,1.42661940172312,16,56.3614607931282,0.811600433131728,9.39963760569137,0.77611918832357
27.1259931922548,0.660999849147933,2.67737738925466,0.399079446726197,24,16.5577104159301,0.606912485817611,7.70119507472671,0.912247638875556
211.255850537014,1.24001153765462,10.7471705786828,1.07118628167137,28,119.584511093022,2.95088295698512,13.3947266908816,2.74366656672502
57.5202026558234,2.17748293195829,14.1600062015691,1.2068631545819,28,60.9120300293018,0.933720851930128,9.22022395301185,0.728039226338133
61.694407578956,0.749025007534525,1.60524411926234,0.338320237504835,2,37.1751212080945,2.8021461848129,11.1586309313998,1.8304075446456
227.354343883878,2.23414835176141,12.3618248862499,2.08167456936713,16,81.1176677009414,2.92543177874621,15.5464459522198,1.15413147658477
45.0320523012446,1.76783745672097,13.4789322260079,1.45960311755466,22,144.341275107014,1.61491108733528,12.3140058662373,2.82118944434195
34.1267871132541,0.720932255287612,4.98853436349529,0.811160052020124,7,122.640567835089,2.00469604585503,14.5045350542436,2.57446096493491
36.5925512288745,1.95341102063034,6.17250526713149,1.9656358723263,7,18.2612155925764,0.439545495687876,5.68067986915277,0.824104667306202
26.443687386597,0.746509469106264,3.67716420069592,0.62499034899838,11,92.8672097876244,2.1201892091413,15.5452369077175,1.27467278628687
16.3979151040122,0.563250190497998,5.75419465536663,0.743575380660755,26,60.3127264503291,0.637332760342138,5.86901197730395,0.930922406304121
152.317358093755,2.39309229154662,8.39173762962286,1.39530141029691,10,96.3289492322257,1.50546530479343,10.2147964013505,1.76538061944081
19.9605039870185,1.00197240225223,7.30963011414105,1.95847544769917,19,150.995126567865,0.779406205551812,4.90684216462517,0.429416038784849
64.1449141305458,2.85117055712852,6.21973293350718,1.43545548326068,22,28.4526121542915,1.98840384591974,8.8845264070811,1.60491515930356
47.3499965743921,2.91273400192127,14.3950647409771,2.12354264221233,12,20.3321932888317,1.13626763150274,6.14433680847982,1.24888427239273
32.3548405974162,0.658638119331799,6.61066762650309,0.513875200643604,4,35.8816706715579,0.666520418061334,4.92674124274469,0.573490803179174
131.81882205141,2.40698743695188,15.3977365652854,2.56175530926403,1,31.934633777124,2.0454160591151,9.47130007825729,1.80321016002448
34.7987655460316,0.503744961162492,10.7628018522668,0.96545924013654,15,24.9920521582095,0.433560777431611,9.56320005927543,0.767942363375316
29.9212030979808,0.535006505714399,5.89366303640568,0.629403856531875,19,6.5875163539962,0.300475122307837,7.45734826166201,0.556556702701547
63.0876590336409,1.21952293478677,10.7619925710958,2.21183071438471,25,75.409750466066,0.887010936308388,13.113916651137,0.943529197386031
45.9173977135748,2.58086263155774,9.02517306352794,1.34540267126654,2,145.613529662377,2.79587654383095,10.663540970877,2.04610260804282
100.037272728008,1.73660414358503,12.7036388663804,2.49023901689638,22,40.4369025656412,1.63582913731364,10.1337731639399,1.76987748533273
92.0944990373612,1.38935314048883,12.7057514915981,1.75163795647351,15,56.667517197519,0.68962083779951,3.86322927825565,0.381979858449989
65.2751129380113,0.884039841645622,8.62133023044427,0.621570088045526,18,35.3628242605087,1.5459807787307,10.3781910028075,1.79346534195008
132.628067238287,2.55461302882851,14.7815972120677,2.29401842659575,6,69.7857202328317,1.74997052173427,12.9676518182123,1.86549383791298
22.6354256597737,1.39511980515693,5.7545820106524,1.01091197640217,19,31.8860244068532,0.633093479712519,9.00464232385919,0.559370470078534
123.123123652713,1.55030016185414,15.3139932976796,2.8040869533633,20,104.202896734717,1.73840914584454,11.3943297200201,2.56389814743649
58.8289361259359,0.714682830930215,6.89495698713463,0.660225002316941,7,34.2273203412011,0.599744858758443,11.3366446679706,0.672817802128564
24.6749282031859,0.53573249463141,4.70774649181542,0.642201822741003,13,8.47813740700418,0.447443559291278,2.47419047705045,0.432801672210771
36.9965646478802,0.419517253642766,5.61428564887423,0.907451455637904,22,39.8402662148966,0.86360850513727,5.77786088508144,0.596391218606312
30.2423990977285,0.520422257907105,13.9866770882696,0.971494889731209,25,118.885627958297,0.568340366574802,12.6442157144984,0.779532999977344
17.7772616934014,0.868099683930989,2.90719204812516,0.516831257321034,14,50.5824512780065,2.82956550319762,12.9105259731038,1.80817079128829
12.560001930212,0.425143676390575,5.03242792317784,0.757608134035432,29,15.7996293615871,0.534841060428715,8.14708703205046,0.86184520475566
40.0596352560359,0.586978936450676,7.46383513099849,0.625610008593007,24,13.6793307905853,0.333617992809362,3.97798475126747,0.558705058944561
43.5175627386236,1.36202707445508,13.8145467905218,1.21169723780163,27,21.2170751807027,2.75202538752244,7.09619093675009,2.06625585088785
21.5511030683872,0.716504519368112,2.53552863058847,0.396059849411736,27,79.9742510022862,0.864797312710616,9.62805657540973,0.826559039618225
98.6878743581484,0.75892874432697,6.21217578085706,0.478786702117374,18,5.10872416120445,0.318917938219953,6.63751739270745,0.614919808812927
81.2679513258182,0.717873763098414,6.71672341521783,0.85766004139,24,86.8439441333602,1.17031774266355,9.99655137020003,2.06236048178222
86.7219317053824,0.640711100853105,4.27751153299519,0.514953464496262,6,53.3615120386993,2.5659474322043,16.3306836737185,2.91576199861618
16.64870123755,0.806970594980474,4.89098470424755,0.764826271350879,12,37.0410463066323,2.14630006300806,10.7153548962299,1.40564938060152
52.2720716891689,2.70533204332402,14.0536469067771,1.69075599924429,10,118.737814799693,2.73270415956858,16.4574785494731,2.24316032506537
49.8025171038934,2.07089914205758,10.6756515135146,1.64712822994038,17,36.3173048910684,1.47674866419738,9.59746858839419,1.8167983915071
186.807319328755,0.826214768270167,10.8916699833729,0.739603216923439,4,59.8685883270348,2.11473215474699,14.4937513383446,1.48872667600704
110.729363617159,2.6851979541143,7.45107343785067,1.71564044157111,16,46.3825702964382,1.65973967310318,8.09164575199079,2.45392793517495
38.0636254748376,1.77376210023308,8.50420816578991,1.16704144153527,15,58.1881570890656,2.12743102901738,11.3893567318346,1.47385946804549
33.3745014768823,0.544587445914042,7.60920659865777,0.802521861619208,30,55.1469101565494,0.50091862864047,13.6499998378204,0.903962997575095
82.0680747641737,2.09230950743203,11.2890498814871,2.93339329839726,17,53.0669243235648,1.28158909657447,9.13770846269579,2.75723182346113
110.556363768455,1.95451270839325,15.9276481144769,1.47362271929563,15,68.9373209992881,0.723636359209984,10.3282382678932,0.914505489798904
44.0252950225639,0.611290147127195,2.52146120981363,0.357755072220196,28,45.918334036668,1.51161094270025,5.85833889664756,2.6362863129611
33.6466826362151,0.744806490474485,5.68898530691456,0.703470415949196,27,55.7456504843935,1.18802031043305,9.01573576157922,1.07289205844919
45.2436010446277,0.548614291064225,7.4669943834706,0.686431665502036,26,167.596093607772,2.27628422169282,12.8722959651291,1.54213648552072
17.9895394278938,0.398374601687058,10.8595601794547,0.960081066182018,4,85.1345392854765,2.56557212254917,11.8945534890936,2.67247576390682
142.025873161462,1.17806526774303,9.19942332385817,2.67546158026676,30,92.2681306095526,0.685782699227846,9.01239184125624,0.979985002669737
140.571365259407,2.05766619324078,9.87451696124717,2.91691419606355,7,40.7111038470061,1.11499199969581,6.79478892703379,1.27053295397515
47.167231933136,2.07371267707956,11.2134449319881,2.38222747914138,12,15.4680567559285,0.491820430728274,7.58432180357257,0.889837991166065
103.388672223019,1.08125313947043,10.4474549583101,1.25269493088167,12,66.5567261896097,2.31653587631173,6.35745961158786,1.33350687989362
47.1678538712034,0.489103178169406,10.6503009900856,0.992505827893091,22,92.4647032919017,2.34473145518519,6.57135189378978,2.48139563349674
20.8046417507619,0.917005236419183,4.57100257812678,0.632275624096699,4,76.4185606651777,1.75322267835656,7.12142802964174,1.60369302513935
45.3473902322029,0.481261125627359,10.8067904583951,0.912679164460248,14,75.8927899662371,1.52531030512081,12.786176799107,2.78264833775373
267.362583504454,2.39998324843781,14.7294251686296,1.02385659268,15,147.065739553675,1.75050427936729,14.8939251689883,2.36519063077406
50.2194895054421,2.91372145024866,10.2510433157649,2.4863024932718,14,131.127832110919,2.49761936451509,14.40454090195,2.57111358174047
114.02375089981,1.70343530261999,8.6030402114542,1.61747039121152,29,47.9277676341708,2.50689082757455,10.3257090166529,2.25920741365309
5.22270167038223,0.3287290981771,3.88429398414014,0.447460263309188,11,26.43376186527,0.558886602261569,10.9865210517263,0.700592520467789
46.3274865896682,2.06343864918005,13.6611177811811,2.81967501957519,21,84.538841672953,2.16463152598656,9.23981222487873,1.51557234026561
9.59562420118832,0.443307263840559,3.38326562008322,0.465507112829832,26,41.2692643044393,1.63970209259645,12.0795022531292,1.91924565558794
79.0276514063368,0.661820364250988,11.5234803155301,0.726294356780921,16,29.0939502990194,0.586271129198998,8.63416874727291,0.585578480186618
108.795231245661,2.26698734356688,16.8068977548397,2.74693132112682,11,46.6086120065595,2.17916639681552,5.23074586708643,1.02869572910371
148.141238118848,1.92881246944001,9.89374430488703,2.67831034437014,25,27.8027286358049,0.387704776602606,8.54684006461589,0.618170410943753
51.7209015025817,0.971069471239464,8.07665906398635,0.552941303750134,19,49.0615134450002,1.43061899226445,13.8183400690101,2.7668648501485
48.8884125752062,2.83247900429888,12.6427770851484,2.49909181436788,28,66.1164477916028,2.78818766274516,11.089522093889,2.33637344225984
161.119850364728,2.65476234100543,16.2370495643389,1.94679000598706,1,20.0262484109011,0.589320361862707,0.844242447575791,0.304404509996301
20.3605030642749,0.624775864178149,6.99154955865148,0.656309688228809,3,14.6861228213722,0.337394622472889,4.03304851726925,0.663728601644245
48.7235467353148,0.989494343579648,11.5796357476435,0.806022943915209,5,21.5930391796402,0.522006164997258,5.66225453050705,0.778339671114955
31.7558971504747,2.74674364935892,10.0922079751743,1.87180790608819,25,62.4252606668854,0.627639754651586,5.37913789225261,0.446332888670245
157.808156913937,1.31798449400137,10.2523730370876,1.16309926653603,28,66.8896694476282,0.947084784653529,11.3238510387756,0.94240717558675
45.9146210772795,2.67037528593041,11.3527952561337,2.7419248666868,17,36.6504367289517,0.456360792023462,9.97637187625535,0.993394315500156
87.201217831753,1.65670568182701,8.8991204968905,1.37954914885023,19,100.117829601615,2.00882002941493,15.2156078068014,2.05081013293452
101.61065170282,0.760602334767387,9.38145113534457,0.91691512580653,21,96.4910011891734,0.772335948879444,13.0307635269418,0.919116781637833
32.8375794290153,0.974420634060634,3.34557769601669,0.412367414962362,29,49.7026275593966,1.38912396819196,7.71859674257793,2.33139528089233
102.044080237283,0.803159348709099,13.0169239075791,0.834380377763277,19,81.5768059712046,2.75783100926027,16.7877653878443,1.94066176672419
3.56355587001185,0.333162092093092,4.84829751992389,0.6643002286449,4,58.3556890866186,0.517245614228923,8.44986637851979,0.984649909030313
205.822870604892,2.62962472659107,11.5583912431882,2.66313341626327,26,75.4876632821289,0.874688791873403,0.873219899140097,0.312656318246378
63.16919349429,2.86927401466906,9.44184292329051,1.97785673343977,8,44.9639499489334,2.06122583087623,10.6871713025398,2.53719386185723
45.1572693048213,1.22908246216197,12.0513350103441,1.1045764531123,10,16.474879093996,0.530432602872246,6.24761044255828,0.897223683151778
48.5278822918956,1.33097752826255,13.4914998589645,2.75428198003228,20,51.1933407805029,2.17252688731012,16.183352060392,1.6964421805183
61.8350166650017,1.22439241208653,9.98608370822201,2.93079075454799,16,27.4703536540657,0.610355578641419,2.66766193025223,0.391106324887014
16.4458361946967,0.34901534827299,9.49369881774156,0.710705298808935,3,55.9114719970401,2.92399162022138,8.41564604429126,2.45339520486701
91.1005582186294,1.65357088260398,6.28341644910294,2.65430698989766,12,23.3272783483024,0.40260338331871,10.3856967380388,0.637600813781943
86.6538463921822,1.479263646039,10.614864732719,2.20271766065098,25,107.168887421755,0.632470266640943,7.16622536334172,0.597178155279397
59.7470387630251,0.857833169597359,4.52042699893363,0.554054493403739,1,31.5417264261837,1.77106289579853,9.57778766875479,2.42567020151115
147.3373994838,2.284625569273,7.85404367729476,2.22266833515539,18,43.5643707466566,1.23641717141887,9.17202721465409,2.73447586667137
153.068411121218,2.92343770196215,8.76705144436376,1.93967775701689,18,42.9035803924564,0.948451025501585,10.7173592094066,0.714640575290493
158.247527677154,1.44174140729453,9.0877731173778,1.30724521671256,20,103.707800606673,2.3712022858584,8.77835259242733,2.23246350502166
47.916926520958,2.08700125515401,8.54109230577,1.20788569995083,26,51.2586362308375,0.92437031013062,2.05413247034063,0.393295552516915
37.3953297366639,0.881056205924213,4.06772878331603,0.681994966733509,1,28.6835207151327,0.711907226442363,9.14324303516585,0.87490215462854
39.4588591440711,0.41639661382623,8.01352761802336,0.924226950213506,1,68.6129532068814,2.12256528281615,12.9047354735433,1.28678585119207
31.6751551345876,0.393501543108068,3.99407410283154,0.542934828814691,26,45.060368995511,1.91009490937663,5.82409386154096,1.01220454092942
205.280789906961,0.743073149973114,10.2374098261958,0.621343971490261,4,153.739877685175,1.18848679970391,12.2600642243868,2.31801995145531
90.0052010831438,2.76340566471611,12.322095484578,1.11806648930847,6,13.6285611148854,0.371126912240057,8.09673723631064,0.992549348309824
150.995957384393,2.12084398172321,9.68003672556733,2.1189739873933,17,41.4060722424688,1.01961291215833,8.43935057125568,2.85046637305395
34.3268815731206,1.95697958461372,10.2570263060936,1.08395697072843,25,80.4076418126691,2.34293479006419,13.686190831852,1.70499167887588
68.8510031933198,1.95504775498738,11.1484063887875,2.99108379792376,3,151.563597116968,1.32490517501016,15.2954867148934,2.80808136542463
40.4576390991668,0.492959379929532,4.20776655877714,0.714620993240202,5,47.1903310845946,0.793146256740159,6.33269356659298,0.552408415138294
47.5798736124371,0.89318301448761,12.0700910028037,0.733160068833932,14,33.4833047456494,0.628191884899245,3.53436074778599,0.528342539423229
19.3821567001796,0.523150474049035,9.08870776218787,0.77125819579876,14,56.3568749220541,1.93600784936729,11.4821170721549,2.68848209564915
97.6642060688557,2.32047511048859,13.3921317417626,2.08980038086721,16,40.2259212885152,2.211495218303,11.3595111973591,2.62656635995131
39.7031488915702,0.971627831563639,6.0149372070367,0.88740758109025,25,67.9694768599798,1.12218768091333,16.0428816599091,2.30968097029572
28.6280277188867,2.19927836006123,8.77995677343854,2.51139012532441,24,46.1793733982414,0.485554577416335,9.19401561794201,0.623569244878888
12.4598643520039,0.493613013948031,2.97274903332017,0.449757718826568,25,33.5743227786486,1.73810502190945,7.5483015351947,2.70974100612187
73.9148210233583,2.16796027322236,10.9079507032233,1.19497297366356,6,40.5690603564142,2.74886859293035,8.25720269049101,2.8339550935219
240.396672265933,1.71079352454447,15.6981657527765,2.91928231408767,22,38.1049457450522,2.69690383901703,10.9384201043383,2.59463019685347
25.1168691127048,0.486360032141268,12.3287946288149,0.811820234392592,12,58.73394442051,1.07390200151344,12.306586728255,1.8581509662634
128.808516719179,2.56024212318637,12.3374310127656,2.86572651233146,23,27.5697171811231,1.59993254943752,8.69136378529473,1.31921783836838
135.651326339189,2.96264074124653,16.6828393991008,2.20432944016109,20,58.630059443348,0.603366787337723,8.02197350218039,0.612661971324999
7.67580925137423,0.370848014658491,6.83247867328353,0.856060586921309,16,30.218634706482,0.880637051637904,6.57019224285381,0.719399559314578
36.7347581172261,1.86308694959078,6.45122026102853,1.97020832052731,3,50.3135308261743,1.43257884521991,9.46490354733113,1.18756387691227
65.5961422270924,1.95954233099517,8.70296876918178,2.12562842376608,5,33.3984640877638,0.757653658133893,6.76957822145602,0.795051412591724
65.1504402849389,2.60509041000454,15.1318816708664,1.34282273747414,14,88.0669274562792,0.831808120181421,2.93390210608105,0.4686169731212
23.3058183815102,0.647619934632443,1.48998182058524,0.350693434964775,11,25.6584947504908,0.535955440391236,6.22096751508241,0.769801224465242
57.8580716124134,2.70181753553061,7.27091333113248,2.70961939250847,12,6.21572589803735,0.307030124035721,13.530943590344,0.854230270531894
31.7901493028172,0.379813789232201,5.69836938306642,0.489322035619425,28,78.5517933654431,1.0148969323981,7.64232254435973,1.36694008042349
44.4207660042218,0.895873591275392,9.84934165599599,0.720522521366666,28,16.1131203468954,0.987994989386743,5.15470128771103,0.942258098506009
108.631730737719,0.862860842837638,2.55448624207144,0.402935123581386,10,68.823042651503,0.889273341196958,7.19291072370504,0.562602362034059
35.8999090666781,2.36047739195743,10.260280593029,1.76980766672505,25,51.4594104630613,2.75181364110506,15.3914557749403,2.78810372129873
25.1314326897315,0.469020893768985,5.42286010554199,0.429661339969359,25,33.9183476956139,0.794365123805358,3.78652647422883,0.589049585014426
19.8398775565106,1.633253195686,6.6516132762221,2.51582068658865,3,93.4941910493032,2.08097660867784,16.2436093051532,1.47543718846225
88.9188775058787,1.53847438015579,7.17456716635068,1.51734552944396,26,190.443180045116,2.46221183576526,10.5028904236124,1.97811903247746
55.0464064143845,2.39990400707907,10.6135201495533,2.29057304016187,4,22.8883457425796,1.43858987385612,7.45858636211913,2.89400220524028
62.0811024682742,1.36186432660113,9.88956753873332,1.68198487228563,5,221.471666355421,1.0405673447403,13.7098909301551,2.06907382613131
69.4749921035448,2.51660192262394,7.2380707926355,1.19116358340521,17,68.2662306741119,2.93510092206443,15.7293991616751,1.82852015384908
85.4625771771911,0.526740760904281,3.24194366396056,0.392547692556429,28,65.3020273330095,2.32344453125767,7.06365769446745,2.23957837372078
32.4034554881836,1.36687336858292,10.7262107923594,2.15984489607896,29,5.24881761170409,0.309136580899268,2.57643615799733,0.375299267305873
68.9415950488017,2.19620091714689,5.83322394922486,2.02870503197435,16,21.9828352641577,0.878692724670691,3.29749110314918,0.594416174755815
28.8909358172985,2.91712130716492,8.99419738298846,1.50497844239029,28,102.077675225389,1.15410714608548,11.9995220288471,2.81703026773673
75.346634396697,1.34314518085189,6.99400716972276,2.56096787561922,25,53.7321038395242,1.78659854329211,9.62592045878661,2.12734727377728
23.1919542845948,1.06084663377548,6.27635288770313,1.68557846057417,22,18.2767653219994,0.465933548904995,5.96926673441975,0.977693471369158
87.6974467587607,2.67528598076781,11.8592562501303,1.61518377662254,16,18.146487562668,0.968287213000097,5.92622621989411,0.935427481314972
198.828271988628,2.99078034092313,13.3993268506433,1.89927909434294,12,31.3678053055243,2.72713391163997,8.70717390232316,1.01775999102141
90.9409856450059,0.489106230508604,10.5285999808754,0.813798263149397,12,22.3996786027229,0.980116729743949,5.33850020762804,0.712593233777805
59.3048096914575,1.8376306397964,12.5067088128082,2.39379486309585,8,72.9230795406462,2.53561653087139,15.0720959642168,2.91428146748533
50.8759279749208,1.78707789520174,9.41754832471327,2.2342703396582,19,259.154755435809,2.95599177543054,14.5513814734705,1.85392861352536
9.38300543133464,0.396868855705717,4.42489423501601,0.549482692628048,1,51.8118457476857,2.85108526640904,11.6849726648001,1.71706008731092
55.9453087000172,0.616694849959945,11.1353222109544,0.948968793103818,10,52.9134643112721,1.12494024514738,13.5753605158378,1.31766446659548
21.2710209009261,0.565474671450865,6.56280468124015,0.894743770044089,6,35.3694368997742,0.555207290893146,5.60278390085353,0.464716073487569
190.694859253065,2.77570035781106,15.4887793811443,2.78300709836743,23,5.13025506196582,0.318780904112436,5.44063560685975,0.912460399921835
101.252926380854,1.46958785185664,9.42591011056135,2.31701247824292,12,68.510040680597,0.437466707354252,1.08021866814742,0.300283176903851
107.0479483774,0.845492297464806,11.5608793687885,0.729143791755746,27,37.4038232549274,2.27262141896955,10.8300166916194,2.2827848506043
96.857823377332,2.35132592031577,14.7941800771459,2.37016030481698,26,72.7394063236615,2.65277900759935,5.98626183201719,1.62234674747845
84.2230270622286,0.844716401050111,6.35852272936447,0.809776423336993,20,31.458869893004,0.893584891021167,5.78621742971409,0.703726840035782
30.9540816887085,1.32127510193011,6.458179858305,2.88139891929441,4,42.8781355171739,0.419646137788478,3.70386194106849,0.407276181196146
105.948526067019,2.21005490954732,15.8771232392455,2.94559386229937,21,171.208808351789,2.79659156307061,11.9326180836244,1.59758875770122
34.2569333253414,2.3747285318544,7.01070540790084,2.15348912484951,28,163.681647499265,2.09624866346516,14.6315172861346,1.17903697817257
36.0627530157428,1.90747690262122,9.36147066171778,1.96330924424541,23,47.6525066961373,0.639039854567568,13.4348471447246,0.847064324215697
56.0972609298484,1.45451158418666,10.7440571077353,2.89154640962251,21,41.4405784235663,0.390273939859318,1.15175115816931,0.309961481616077
160.427447775027,1.14704740471661,10.846342844047,2.71645273655479,3,78.0578231511439,0.796855278256941,10.5589764409628,0.853794479838245
168.728200118414,1.84147521935485,11.1612691299918,1.287812569733,22,52.7161643403865,0.467458293820338,8.95438277379662,0.717795503237453
25.9877099510055,0.851952004510744,4.08327858240871,0.481482020293353,9,65.8034401865889,1.16042306474116,7.38491990607443,2.68412663302253
24.7078131843398,0.466144796990002,6.07388262901752,0.684104360551455,18,118.285233457522,0.983994143987517,6.52704228503686,0.902235638932171
48.6080952547113,1.84516076219035,6.66485077501624,1.39097637264299,19,44.6006535851064,1.73162944681384,14.7840728589224,2.57116236151667
115.1969848757,1.820525615612,12.9387076529404,1.72245369202823,24,18.3425460086505,0.365905045699883,6.77931554304731,0.996548715373288
32.3187682699468,0.562827733767375,14.7905319938574,0.969437226135661,15,149.215640590852,0.537498982353904,10.8962615658963,0.662335714293341
48.7748647183979,0.900322670761864,4.33480590054009,0.524624381559466,21,107.872080924912,1.58743468640908,7.5142059179588,2.5110988392522
125.324611844743,0.697799609549706,12.4620988195196,0.812209667560414,27,46.0311671705042,1.83593705041083,11.6324724497112,1.71577480878577
160.151037055855,0.893013959128174,7.69717642693662,0.603609027140869,25,49.6867067349586,2.56852522584656,13.4232637710622,1.08231712849678
14.2511816841654,0.457160418369018,3.45599894369579,0.551792128211772,30,32.9773218172601,0.942940014621853,4.38266747164051,0.631641683813015
16.5052792465767,0.48975631489502,10.38510322616,0.84946475930945,11,3.82122186386264,0.347008439965117,2.87257918493559,0.467767904057005
35.2173682657324,0.809477148936803,11.066394092432,0.91596898916108,28,63.3479896175673,0.830368483676474,4.00227983899638,0.646813805056846
49.0462175649258,0.685607597845036,9.85472476762957,0.632642580138949,30,49.2862949850897,2.95176864585271,14.530995171824,1.48566051798617
121.961409624993,2.36182502223684,14.3807637083424,2.19393187277578,26,39.3359097703457,0.950983273831721,7.06717194049708,0.615932526728415
19.1086962634902,0.788059850599989,4.68360937009452,0.664962997360882,13,86.7986022819032,0.675638763894004,6.1527924889622,0.533656344785292
182.734470592513,1.741260711284,16.1025764807524,1.75874197930735,25,120.420425162376,2.2782213462061,9.70278604949572,1.83380988856869
26.9105135723747,1.71116401186924,6.08614882290566,1.60017414098678,3,65.6485926923756,2.5827608705638,10.8684800524895,1.62186024103056
6.99018305349268,0.421628435895427,4.92029160218721,0.870489491935113,7,24.3241311124913,0.891316657179606,5.92468744671204,0.812299097672086
81.2384878438119,2.56609407849912,14.213199366478,2.43381663741027,20,94.0782482647517,1.23451073342438,16.6771490992897,2.54726552964312
107.319771493887,0.68441290431436,7.85680330921359,0.911251878292513,15,41.0935509716436,0.762088393815573,2.29626601460459,0.330534893043355
165.115644327962,2.94146513497082,13.9122631830605,2.52057497309731,30,87.8732130749837,2.64448140484634,15.8609855686525,2.18739425774918
62.9776417358852,2.21764232608267,9.06519785474131,2.42594104207517,2,181.950125220505,0.942527490849523,9.73393700143651,0.810295987126524
64.2165912716063,0.78444685998791,6.0151165739351,0.713111849349025,9,51.8946408126103,1.75929344469218,14.2610617735513,2.24502185503558
91.9543381153448,2.98880449764813,11.6808978316735,1.40329084511577,5,141.929854025157,0.814588170387359,11.6174236831747,0.689638329557287
22.9536610549046,0.461629167284931,9.01017326155453,0.661028932673098,14,43.7834920498335,2.49223827964852,9.17433490114278,1.96663719899342
21.5484945339162,1.61429449947253,7.03809592414651,2.03401841352162,5,43.906863812054,0.772662107549105,11.7645067470449,0.774785175974202
233.44169503529,1.11295343779884,15.8955367586176,2.31678050502946,7,39.7216803442672,0.865591250915572,3.84250947536265,0.456148720329414
77.9360771161685,0.559485325212017,6.77599839023795,0.552176512765047,13,53.8773531237067,0.620904495255997,2.06687100564452,0.34640351909947
28.9861528705267,0.569167876438579,11.8891517108927,0.872871716129123,3,8.24754770073982,0.312209368850201,2.56397559234488,0.504780115226749
17.8185994336979,0.378804456245893,11.9256354839217,0.795329106408147,11,81.6229441094984,0.696893421678048,10.147356203448,0.993285320562461
51.6933949750055,2.92067268680553,9.56845154205274,1.3942046739054,29,21.2532317669187,2.91580719612722,5.24160652963481,1.09809525633366
26.3952877801895,1.68539033819614,7.6359694850408,2.20562509636223,13,29.3889707657474,2.85529331299726,6.66810983158961,2.00879697307613
118.35846600378,1.91128034122302,16.6272242548289,2.54517113151861,21,167.879378686493,1.22561245261216,13.1187217400935,2.38559157745262
97.2153750508153,2.44205884490266,12.5459420623236,2.48817090409026,21,28.4652264794856,2.81363875907474,8.36672404083706,1.63141130200336
26.60836990013,1.62400501318514,7.27541674620215,2.05951939514719,6,23.91645755963,2.88418164751964,5.54722923234108,1.24261741779842
103.058374133174,1.33387360182202,16.5801808706327,2.68789619497656,9,9.00729017247536,0.404251486860631,8.36593035345246,0.970385869891029
25.1627934839293,0.600428563964588,6.31865101793014,0.796818056626796,21,18.4149769671749,0.413814244132892,8.55571370381326,0.83434929473153
62.7852595891885,2.74567943089566,15.9245386549779,2.73879025748623,22,24.4354913755424,0.700523167197309,6.06630750580526,0.666242706736653
218.76063376616,1.47747977610504,14.5256746396266,2.28892199169196,9,45.758210087172,0.768801185829064,7.62758636060817,0.948123987839309
18.1762300208999,0.344204238755189,3.57925552619968,0.544271797483646,23,24.1627205339461,0.953068569018149,6.94776226531016,0.814020742637308
44.6986559149756,2.99697441952282,10.9529898571413,2.4031191815138,1,123.929454010361,2.29549104515691,10.2555757354134,2.53613999609345
10.9035252016331,0.364380394832919,1.69386635451767,0.313410680239121,28,42.3347156797477,1.75465738897428,12.7713628412592,1.26918676051355
25.37551564042,0.675732840480229,8.97778604048811,0.856463904848446,20,128.781499204413,1.02948250995236,9.87100345948518,1.42781261593578
43.5966136817552,0.704797538695874,8.46977587281072,0.749989590610234,7,100.893286470152,1.73636828982758,6.40417463219427,1.21646963877448
153.665222391355,2.76925664153967,9.38156894961503,2.04964335737612,17,156.413222198741,2.48961087184762,8.27397592468822,1.76836978686367
88.3922427192923,0.510837517401825,2.11417411416432,0.346760341301587,22,116.512453607706,1.60369415273917,14.1883582420957,2.70310671832838
6.66468489137284,0.304164441641072,5.34879995324987,0.562094211874654,13,235.190059978062,0.979745531946987,11.0527972542551,0.6790863220925
86.9784706822319,2.08026084117738,13.4105179425751,1.27721476313164,20,14.4924553360813,0.536094005629175,8.45958625651047,0.996221545301168
93.0501684719264,2.45961109445425,16.4834019581989,2.59645921122393,4,184.155679430648,2.31560507141827,16.5573728032094,2.28345278982817
23.9775442631861,0.397992273814105,5.68736406352353,0.790145028024545,13,243.105118749205,1.97823286559509,15.7106719744734,2.93049268229186
26.8787000164453,0.562939234484244,6.61476725373929,0.599533857954336,8,53.786896590989,0.918092730466678,2.9931447755034,0.488634340798357
18.8146103073148,0.449650001392506,10.969421954557,0.817383393579067,13,29.9425917578867,1.36080145809389,10.0078284672779,1.67700490182241
34.0536087468786,2.99294245578199,6.27543692853035,2.36423318879391,19,204.999362098795,0.923761377338345,11.8803595619284,0.742380545962932
34.686848380997,0.967757809568627,10.3912333876003,0.959900514996472,23,32.7882288917606,2.43897434136014,8.1780978792631,1.12367084335341
262.357890800505,2.54787219783263,14.7055494791198,2.76166877155475,6,131.483852239896,1.66092818966068,12.7473932969381,2.25474558360115
45.5013076065567,0.89007216988174,5.17872121726789,0.566192751791508,2,23.0542543979289,2.56941834642243,6.14033983631121,1.2664249973424
81.7269458150985,2.45704618845602,15.8517427024157,1.66018479749868,22,77.1408742888214,0.684437419851296,5.60485761630209,0.818613253544987
52.8872651764303,2.9777185629763,15.2018612433843,2.6785804961364,11,57.8479142414288,1.9474400971955,9.10410505753937,1.60864785272713
25.4693919511921,2.96610775600302,8.10935535047839,2.87362071340021,7,125.438661121461,1.40046619890468,16.1695208221391,2.48562411420442
27.9222738639857,2.82499157589746,7.85284177219625,1.69920838241447,8,42.3232539144224,2.02715801463117,10.7371350966163,1.01943698607128
52.3010837184289,2.11576721844609,13.6472458110397,2.23620531328564,6,51.9160462333627,0.541009581387537,9.77891239082438,0.712746674667992
54.2491569481757,0.788530760830425,5.02696098724722,0.840930839094148,28,55.4535541021697,2.75554058926051,7.67055926827237,2.0276742029548
56.4057424936522,0.558927151205407,6.38485169464137,0.844704123912081,13,21.6948145548046,0.613332770242181,7.40432968109639,0.701001125084511
109.6738835549,0.743438929161214,5.30840509430241,0.666207489223498,19,166.165325844092,2.669594479063,13.0682977295281,2.15693448777368
38.9860986462048,0.81561743844806,8.23048060604608,0.89964151355622,2,21.7988112521908,0.69989741555,5.60731593363832,0.742220773157999
50.8360234986382,2.95254074117879,5.35113921365702,1.16282428437671,29,22.7389172518147,1.4041781790885,6.5460179677592,1.21619401763204
48.0390043252539,1.97164852010557,9.72099870339174,1.85335512608723,25,48.8855350613405,1.17615386492765,10.429842809879,1.05441785161346
48.4729821911866,0.609654789622937,6.74458658760333,0.519704268701366,2,36.9295245475966,0.620680478911311,2.41729854246748,0.481384160177749
74.5687142197807,2.4056355037566,16.2724120771881,2.5688129547727,11,35.3000571863115,1.95891305540433,6.97025880013139,1.01976578458524
40.3257138212667,0.434196197212915,14.2164161255855,0.90735464629354,15,59.6114056106747,2.01505011419757,8.48790311492193,1.91146043828354
38.4622699150667,0.906429368694663,1.90569009200089,0.357137408608603,11,105.490680455497,2.8855670889365,11.0783662678185,2.00834405260804
68.5489948599915,1.96385747660338,11.3118641454336,1.97545113603359,15,33.026059239705,1.42693950553733,7.66532084206471,2.2410061048315
32.0453488900117,0.44929696285388,8.03196967756229,0.980602051435723,16,52.697156198105,2.74846865238198,15.6690126474154,2.83914939427214
137.598775203319,2.29334653872644,14.598487900232,2.09707279576757,13,5.34281310294815,0.352305173776659,7.0031484091655,0.914909749910091
35.3555851247791,0.574627842316473,5.81975281977162,0.577598253776052,20,271.253112559795,1.9854972505749,14.4053566905874,1.97229345180808
26.3826191241522,1.44335978571638,8.37093238259853,2.33133145963602,23,46.6025420946816,0.873478268018926,7.28879355843744,0.52378127088855
119.31752546058,0.695272660668784,9.42303076286531,0.675000910638885,15,49.2442022445696,0.947358024712979,11.2764084091251,0.864729907471586
43.8065967792898,0.845760278269374,2.40878351914053,0.369483738314357,12,63.638192646943,2.98668346048901,13.0217282166458,2.73184918927218
53.9720701677515,1.34403237482382,12.5863171867335,1.03172901563115,22,34.5026535127177,0.586207884354019,7.24078205103015,0.611030762454289
40.0657059966572,1.2643256330358,9.7575430217531,1.15172107714999,24,62.7405374168706,1.39814181482543,12.7209025568239,2.94382347287724
7.87429114459647,0.4612057317751,5.35171474112463,0.785585790433145,17,56.6236854777689,0.967784405127858,7.04049858658969,0.509861494611869
39.7380452230165,1.58744256832547,8.270182596117,2.91636562602696,1,4.38327341828094,0.348164799050922,1.25853389889157,0.352375810853953
29.3990537777823,0.813235268796382,4.7102557134352,0.675407907188167,20,135.007720972726,2.05249266144562,16.312209119916,2.70551926230631
56.5093283822909,0.819527897809405,4.07482270972873,0.41462188776444,26,90.4757369866889,2.9029639798625,14.767045794762,2.29603325457246
35.8323363706871,0.564617349255721,12.1669675069551,0.97853431267424,7,76.9157438336406,1.40024222194392,10.5950643639691,1.94203103924633
40.1756065783182,1.01895682532189,14.5919594147954,2.75834445231991,23,57.3841931196277,0.795548196561565,2.17701419690785,0.389540785687523
21.3286321832643,1.12154483491087,5.13077259113862,1.05918354793816,25,17.1978822745208,1.37913394974699,5.7593317107374,2.51795271753535
200.248983439054,1.92437373227923,14.3263061529704,2.08162874630945,22,18.2458758526739,0.362448576288236,4.87019770003286,0.440132525524652
167.062550070258,0.846133625332244,12.213344972444,0.893434640478858,9,15.6793983997322,0.452873707897265,7.61584105576045,0.682786711489475
293.156234237174,1.56647242768785,15.6992749891476,2.00907044091666,17,106.505076201694,0.869291693179278,2.7491156308829,0.343015593204366
56.537738927779,0.669993302743989,12.6933548952121,0.946304418481299,2,93.2073831637069,2.8415553444018,10.7445667608212,2.28430340797675
64.1469256686896,2.45446413262512,15.0254808642932,1.72307169087285,14,173.103768193897,0.769562278862863,9.61487905861078,0.775623592779418
77.1367572432856,2.91022934753931,5.51760139407524,1.06123385870278,4,77.4548158077734,0.725221856504827,3.39727428395724,0.364398880006052
25.8915453689391,0.454443087005226,2.74895606573635,0.347802514943432,28,20.2419574568019,0.62064066232718,1.79781120835143,0.395808037332812
79.3991364565197,1.91171849478553,15.1857222951634,1.87274386945686,5,32.6780368277427,0.726007179120878,9.45231342093718,0.782784499305389
31.5245383952013,2.94890144490399,8.90986637192997,1.89587762836512,26,16.6144512348454,0.46998622580852,6.28449322923733,0.633650169875272
6.51672112788336,0.334231904605256,4.59328423916526,0.43695984128198,14,111.576728796046,0.973075383050843,2.61981387201365,0.363135650743444
167.715498366929,0.739128126556636,10.654459349413,0.669651292708053,6,20.9640455277209,0.338536245407968,5.04698670614368,0.643513970147611
81.7022185898839,1.77458140965384,16.2343143528235,1.85133224240531,6,148.40979881242,2.50279209446259,11.0027350627397,1.02490681119382
33.4808126071478,2.40149993208133,9.03283861154654,1.84282465427498,9,28.3603021198607,0.680504010451501,6.94294361670232,0.746020473908946
84.6284598048899,1.67262587514279,15.6071455714145,1.85790207817015,1,57.486213928977,0.914534194777811,6.1338588203872,0.453588988993758
18.1353928140245,0.432154072916047,9.19500240722228,0.739809137710917,11,25.4034214066247,1.57407777023973,6.66785316683953,2.25372321914372
186.730510538782,0.85093802103245,11.480508434039,0.975803953607033,22,29.8968491792409,0.859822867710166,1.48180698026399,0.319137735243911
230.402459895324,1.79340962372257,16.1413255290883,2.97034984031852,12,20.2393710213756,0.392628124065932,12.1796939119734,0.754287253728658
21.1045331089923,0.385323061395745,7.57425710220114,0.53725751721497,10,62.4155159747026,0.585499344950785,2.88652922076752,0.387085653091906
44.9409422667431,1.57441490441003,10.5831624525809,2.95201262115792,4,45.1163745805896,0.456963537167675,10.9188580891072,0.658902290774426
62.9631257035572,0.989644589411866,1.70508125377788,0.37944786812077,25,24.6426515371409,1.70928012033908,6.3797315045634,1.12301986473032
119.16836547048,1.14325861849296,13.3583952714007,1.87068504144877,24,64.3000532770248,2.65975103019855,15.6553519957791,2.34864926916624
43.8925778864208,2.18779573255556,5.99263282314707,1.58129048973058,8,128.116926199482,0.978637520554714,8.02453351329205,0.744172191737186
65.8831170670242,2.73725313846529,12.9254484467039,1.84788543720317,16,43.5410543459988,2.0431787664952,8.96954381146236,1.90864701409526
30.5526494893075,0.433685002351277,13.3529705310747,0.825915718920055,4,16.4178948912273,0.415157815413218,4.4908388243666,0.480925816786002
30.2248394010357,1.72579342871234,9.05116495691004,1.86801579471805,20,29.586615040677,2.74390081174393,7.3799746307187,1.77259830180403
163.488507756661,1.5522849154942,11.2393982634372,2.07433377287976,25,53.6117946767029,1.21733164790885,6.90106147735733,1.05763937192502
34.8713809614524,0.853584623508302,5.40505181120629,0.484604226181389,22,7.62129296593749,0.327584294874401,7.26411994686022,0.506274951050303
22.8863784851014,1.452676684291,6.15531831413411,1.92735497653069,26,46.7756598766144,0.961743972708461,8.04093033181434,0.854735853557221
13.799355517207,0.528629829114045,3.64037892212267,0.604617542267084,18,87.9055973481369,2.87030930619293,14.814815042331,2.58168284855266
2.13854663053277,0.307112389532204,4.95443759379495,0.765019956223814,23,33.0219559385393,0.405275169572976,12.630201687404,0.821346542108633
62.3801825521009,1.17430614598221,9.78449675406279,2.83282134682243,11,9.06202816916786,0.486340657414334,5.40931727065721,0.937184613377327
158.465163897995,1.67142906141476,9.28063945770149,2.47523955142123,9,17.9492036694676,0.380467401391126,2.12642212506975,0.345103044677023
175.406307149875,2.32083406825374,11.9233946228323,1.04979626086551,19,33.8802298660373,0.602135876030094,9.52566996587111,0.633987713970255
31.9805334771425,0.623572376318113,10.8871359610131,0.647933764103253,5,51.1447322290269,0.808334236468744,1.78753253191861,0.387309753915486
63.4980767390382,0.870724383233703,4.60912986237563,0.504293785075461,21,112.192541210721,1.1243180089815,15.3287991772208,1.57550122274251
59.9765786328426,2.35077669093142,12.8963154811785,2.29440146878944,22,22.6147196521274,0.663522633774695,4.59847603206824,0.713749329239206
47.9237366075288,2.04172874939742,13.7819049236487,2.09850132430873,23,86.9416176612029,1.43234997516221,6.85444326591951,2.91993608822978
35.3000776698517,0.534088771404932,10.9860972108585,0.764165803092988,5,82.9160161932506,0.925518753657192,4.13207800176892,0.527566913516435
92.0118263781441,1.6951321176402,11.2637069738139,2.32058850623693,21,46.7800439123301,0.599158863827144,5.14668302119386,0.469776627032381
32.4823911570081,1.90679101931755,8.62689357712175,2.25930046779471,29,61.6278859655982,2.99059245241805,7.69981909000626,1.09920456107281
3.93256533667588,0.301173274016438,1.75727589016222,0.347784180836334,30,21.5156717211917,0.606589284438343,2.66894689226398,0.426242308692839
20.7732062702393,0.608543229052781,4.67730479195079,0.668535374217359,15,27.4759106456107,0.702249295040423,7.26194206523257,0.732863356009152
22.2081330803951,0.501962364956047,8.92771780605316,0.646078571726513,23,50.0843636606261,1.26931906560093,11.3455201860214,2.13858823128372
40.4244365444893,0.424937927190013,3.54685504257689,0.372124123845813,10,28.5462787749284,1.65597685762805,9.09257038884889,1.77204533401078
102.893179631458,0.880297674405979,2.28716379321291,0.353006828406905,30,113.141389355001,2.51324471271731,15.6262152039115,2.7007361505636
54.2950507317492,0.864048868144269,8.26105580139225,0.825772561610411,27,20.0489710262711,0.510361612885132,9.14200372719489,0.779846783557092
79.6951776519659,0.502457462860719,11.8925927956088,0.709418362538373,30,32.7186314117591,1.32892439059073,10.8743817506851,2.94918793128135
152.985583631108,0.820431104832859,9.81464617804267,0.710500355160707,15,48.0946235699338,2.67320057828277,6.04703985695229,2.77519049145113
42.3447386754668,0.886648544390494,7.8483134981619,0.517016677637849,19,93.5037332260501,1.34585621942086,13.2379455901903,2.79666600432182
154.771916483449,2.55854361449979,13.5463694505,1.91780292524731,6,98.0317905063139,1.31539056000202,13.6002650441886,2.79693486768141
15.0910019671412,0.741274619070885,1.87332131802097,0.408033526792553,10,36.7626720893946,1.97054414297634,9.37733730607249,1.83156748461665
23.2266380370443,0.539986793980781,7.13187398897557,0.518293788591294,27,141.968437918458,1.04180588242449,14.8785444959213,1.39417922666551
17.766459271313,0.418979046551016,6.07602268030064,0.533030869902371,24,38.1513508180443,2.65085311119841,6.99267754407728,1.07799708811514
60.7659482695976,1.34543609092673,9.87096754605717,2.22484771858357,14,42.5930769225867,0.690874207960236,3.25834477905554,0.426787423965771
19.042647898478,0.583156613126963,5.80784126644032,0.579912916258242,14,70.4493096041529,2.31842139251118,10.7032386078253,1.00136935656957
148.911842081189,2.77803044484527,11.3137203533211,2.53356449892829,20,127.310358900438,2.57391917478115,12.1569816462187,2.1187894717899
67.7748271076567,1.19926455598376,12.2938553931904,2.8557720138547,15,58.0098397176039,0.748853233401207,6.16599721874232,0.641587868876231
106.90589029299,2.79886331724409,14.2630239469887,2.74906997208689,20,14.6134068112236,0.684597502467135,4.51562851317739,0.724791553635625
35.9915441032621,0.742692085987705,6.54723704793129,0.477820294440385,7,83.9485047119265,0.728878349878721,12.8837901004227,0.97625728406081
54.1210483819512,1.30752054171237,9.14451446316679,2.18831884521445,17,33.5282127835276,0.753732722718599,1.66686488463513,0.36048629089599
29.8141698908655,0.55909673916637,9.10413874397204,0.58972428043347,21,24.711865429541,1.37095633567942,8.17805871257242,2.94284456894292
39.1066397923761,0.872736384373805,6.37544501563158,0.699804553157165,14,137.38338763198,0.838153258428713,12.3377908467326,0.95263025604299
25.5983309920998,0.540400192274689,0.603173729851398,0.306131858099359,14,114.419301816821,1.71666184145145,15.4838973424248,2.17077627024171
18.3117025046538,0.695371282479822,3.01181542748623,0.461231212842603,16,26.6938919580199,0.89122639392845,6.26520402001371,0.667961069078213
71.8873680445654,2.23935959933533,12.1758870167202,2.13794562709963,17,60.5164053375294,1.75144800349531,9.23602857850714,1.63300690034665
77.7627103622652,0.577204712987055,6.85516345781614,0.500230795929455,2,87.4596527219017,2.04598380172236,5.8824638404213,1.72109387485855
41.5554754069492,2.02902653141838,8.27995963247532,1.52049485610689,24,77.1656830638955,1.50112362107265,10.8860370041898,1.41062741147528
14.0788924996876,0.318270499118346,6.60799020676063,0.48196713753649,26,54.7079387496462,1.97200639754138,14.252554401388,2.26933008344453
47.6755971046591,0.718748597421207,11.8600890401103,0.829334605969658,4,37.9071493889292,1.81961845413286,7.78324031026504,1.55053327930358
45.7446722801925,0.481078197188169,1.70765069875503,0.311508397414699,4,56.9226215219291,2.89029645232574,11.8605107673538,1.02038994496938
24.6889018423933,1.12506853189166,7.57864596426475,1.70648362350977,5,33.2050094192995,1.48679518845179,9.66639441699656,2.67631640167741
34.8814218103616,1.00346722556216,6.30365640236631,2.2811832078297,14,92.6207368971034,2.33332256189191,13.103040594602,2.63700951617026
61.8169455152935,2.27476527438778,13.1681988529323,1.59309267231479,14,120.821212887433,2.78415896926539,12.4185839927452,2.277441743713
40.5335515832803,0.547002457995243,9.73651764411799,0.720004406160925,27,37.2294813013053,1.52338536572858,9.23511903430324,1.79511457994038
65.67878114142,0.853764002528149,7.88310178426771,0.989635109906441,4,28.1495375505659,0.641686869681804,6.86393724943357,0.843146415501035
54.8581888671639,2.2528391339573,14.0643514141431,1.64267267874653,24,47.1386474632573,0.588480702057423,6.22981892903474,0.468489955197352
4.58297906432156,0.350028218209351,5.52037443719434,0.876672653562596,30,7.01603772639478,0.436858796179411,4.67745764389593,0.758959868319009
61.3342725755146,0.932106635863323,5.56878655338878,0.566628085514402,10,69.6792638186023,0.796629892705483,5.88241540077908,0.964244919649798
30.8846239786689,1.49978099407304,7.14651841494784,1.08259481058761,7,38.261440386205,0.722638537989997,1.43678154346113,0.320061018931159
25.7266618764591,1.03545011117193,7.91995960942556,1.6406174007455,26,101.798598661171,1.88245676118478,14.6718594958725,2.43249433241367
58.065837973301,0.903944618052958,5.91490021746178,0.678888166538025,24,34.2953949969808,1.41481051515168,6.4804162401462,2.67715898533419
29.4970820799088,1.54144026131549,6.6612320966708,2.91824987837354,7,43.5686810318751,0.904364250415417,4.19367435411229,0.480390287071033
54.1767511511205,0.594707238065301,4.41117840927209,0.411447447039069,25,79.7290326571912,1.69807708422096,13.6718444138134,2.08957753202453
115.882652814942,1.77462717330895,11.0926756901663,1.70824030086607,30,38.7230478489368,2.04437324291538,10.4525595539941,2.42735354719376
61.3183379143232,1.84336049320339,11.9179581041304,1.72507230561483,17,82.1609893050579,2.54997151540197,16.0427810364674,2.89897973735867
109.616634469833,1.76372178740007,5.99184589913285,1.84573293054025,1,34.1636942143145,0.761436721265904,4.44005442917664,0.433574553936326
60.9575646110174,2.4836421244696,14.3878544650104,2.81946451125845,30,103.7233183595,2.73627784805738,11.7458088309301,2.26301083837503
5.49349560555226,0.359503344023458,2.87617688804309,0.461231755844353,22,87.0039939340695,2.60213942661725,13.2443221124849,2.44341610417209
40.4477190275962,2.29802674262319,6.06694139140932,1.36764413845154,11,23.2358170420451,0.448598346038941,7.90448358877935,0.90967539985541
24.0152630771629,0.430726988401283,11.3424776702741,0.894185432579284,11,74.9469973182572,2.51339796345883,13.5752609852482,1.57015777080199
102.70928455055,0.880114639319822,10.8872258476789,0.917746626699304,21,66.8271407401656,0.769413368829301,12.442541367949,0.817758630954903
109.360136592228,0.593675383960019,2.52201054177933,0.361270405659929,6,66.5193462702452,1.13655055549892,8.1021821183999,2.43724267654974
42.7090377565381,0.648700721960592,10.6844816142982,0.929572535978068,9,141.109204988759,1.57897033447464,10.6466782776517,2.98936607704058
44.8773449947842,1.97290406791458,13.7536154533011,1.31077880439966,11,48.6778866174749,0.661802414449244,8.46704177886862,0.610303370875834
75.3645194150662,0.933921631821011,4.50707238029548,0.434495047203146,12,63.9961018314609,1.67705064058705,9.96534725564207,2.43925542140533
126.303020937505,0.759043744099705,7.37568402586952,0.812119121205773,15,39.6735576591401,2.40580641062933,13.1943327568054,2.22932070940439
26.1284639917497,0.762307439073399,5.55004643534366,0.769911521936659,1,26.9741463461693,2.40428178490148,8.78924386483697,1.77127292807732
26.9933841868062,0.740111549687927,2.13741382256437,0.362040578129134,14,57.2598304417365,1.69301522960836,15.0410446359945,2.67616429684154
38.1581000113217,1.89059308225108,9.94142648545344,2.23168870221829,24,63.8405407012879,2.3506197726914,12.2063448716641,2.63637266450654
35.5929411736691,0.77857757117639,2.79245825138461,0.381213931680145,16,31.1365262320506,0.970781156691621,7.13623586834088,0.838381407210543
23.9250669226393,0.477051712368767,3.92147930389134,0.423664412446755,28,89.432960951091,1.59361319889987,13.900669483541,2.67940324375314
24.4105534979028,0.338485803011572,6.54051554461765,0.55209888844826,12,20.4700402771617,0.427478234381298,1.85251634600303,0.310873822738008
39.021302572175,0.832132469004851,9.84821051749021,0.964444132365469,10,8.94764559766999,0.342180884685588,7.30990307578796,0.644660704079981
125.582546810028,0.927872443692604,12.6183365362367,0.8476050318938,1,8.1565492377484,0.403852440735699,4.70939881849015,0.640653595423599
56.5247932341265,1.66934737798399,16.443951577533,2.53932725567785,6,40.0840000633315,2.21000448961732,9.09922831489894,2.03916087718647
38.4718690204336,0.449401697335704,4.33054816436404,0.659011459163177,8,63.28586675544,1.14397442283532,15.8816415357192,1.40945003447612
48.9598848180184,2.28745207922655,7.29288740945014,2.51549715647868,21,13.9781422806225,0.350512795250229,12.790310031275,0.84290905038491
31.8645570783859,1.88927723535284,6.92753795569037,2.0187404532049,23,49.2722613364324,1.31643721835763,15.4189063032394,2.35884903220767
50.3914416309951,1.94192429015848,13.6162802129464,2.89764716928231,21,34.9681536573117,0.884954907374216,5.65296685844589,0.582507878627962
106.946382014441,0.907307892805851,1.57556529876078,0.342872948010732,16,213.754717837414,1.97537189403125,15.0884014737067,2.54166312729056
45.3889755070387,2.41542580857237,10.2234580729692,1.43124590664203,25,30.5109621121989,2.3413297640146,7.57431569653991,2.22530218634484
109.118590029604,0.826134619703969,10.9997159118561,0.927271415648976,7,79.3955936489521,2.36205589607379,8.22336091031618,1.73428810351502
94.0311213420673,2.83204844651388,9.9601290936367,2.10971078596673,17,37.0950978962597,1.6673411713867,9.13070574752891,2.89590744699026
11.8871253336265,0.517167386631481,4.37496780155177,0.57533939252207,14,25.4969883155131,2.55634269353795,7.59120871078899,1.02155990493041
16.6355885861977,0.849134033078328,5.54666701658131,0.978181780497418,19,46.5933952266679,1.48079698268007,15.2961130784141,2.21331284258154
33.1193998559441,2.960578233021,10.5610199223583,2.87601782050662,6,46.16462454336,0.985731755068021,11.9351566324491,0.792200456078285
70.3571356671936,0.931525553019013,10.0143914363826,0.722318695997893,3,50.6371492296137,2.11831421498721,13.0371125893778,2.28287236176783
47.6480868442152,0.808093735842763,10.8104629949838,0.890408479064608,26,51.3738709236705,0.659848040977362,10.0275051820868,0.953148701195243
6.35778830915461,0.363740971077813,4.49981857242801,0.490445771520021,20,56.8169729035196,0.769441948520376,3.32991836753036,0.42184849190178
27.7371556981391,0.909240078119721,5.49775561028849,0.804658328059768,23,79.8676727262784,1.03862121569577,7.73488730366493,2.17446767384949
15.1246694556887,0.388103419293531,1.44445839465237,0.337681489254304,25,46.7688160892098,0.739390175586603,10.6592620660866,0.923619836600984
33.4906059668264,0.881318973336345,6.96535503694314,0.632865395780137,12,77.4988651222435,0.496562232846616,4.26757710217628,0.457484112199859
12.2359235571909,0.567501287583716,6.34567152817589,0.913482978956707,10,7.64938247742376,0.32919826722448,4.48850010720337,0.476293035410563
36.8685807730265,0.946911165420844,8.61935703816297,0.814003804395838,9,60.117586990511,2.80081597914689,11.826222382406,1.06225964143973
55.0158242311549,1.35188911363617,16.6170556783303,1.76268816881164,27,52.7259929337848,0.750136867590243,2.88518726459869,0.500913059589182
27.2899637407251,2.33567825205852,6.47105844468263,1.13601497316321,14,33.7721948087628,1.37603878254171,6.65265040500543,2.76813374647082
26.6969237814876,0.901403802113794,6.59478508170433,0.887991349060367,29,27.8134032730273,0.570792442907518,11.8400663888662,0.975705884072551
28.4337208044676,2.44140142776013,7.86130183243313,2.08489577785522,7,37.6371374778511,0.603097434304177,11.4543540957469,0.706648760201333
72.8233983431592,2.14433841610864,13.4977506394739,1.2112367787265,19,106.306899706439,1.88284100914085,13.0259184817633,1.78225973356699
24.6529490747111,0.787179120402265,5.19945723469279,0.534269759638377,21,32.1119402353824,1.66702524804682,9.85088545479041,2.32361406252175
5.59663533528479,0.306617939934272,13.983561609813,0.955532793508689,10,180.935861358875,2.49262388615798,9.68601315270267,1.47928661770449
43.7519291170264,0.706250970528482,7.81629656518883,0.522743205068784,15,40.3279609364504,0.971793791509198,2.3405109773717,0.380536193250716
32.8768757161456,0.643435516415914,3.39513002861694,0.364135214062815,29,46.811245964588,0.615278414423065,1.37390136166107,0.370922407937241
9.07372744615108,0.450436110691553,4.41789854542931,0.681339823817201,2,28.2240921890285,1.36252108062954,7.10049453851212,2.12014489074012
65.6755512781472,2.6015351879062,6.86877026428715,1.48951814608585,23,19.9794276503943,0.490189351481194,9.57653462423861,0.718251364383913
50.0436878482547,2.17287107965308,14.6129192558414,1.3578525916438,1,14.2603830418872,0.348728493010992,11.4156923294608,0.803052238590814
87.2285953944,2.41299469705747,11.5232979436368,1.89129433105203,27,46.835081699464,0.829259174453081,6.39042701087591,0.765828808471503
27.6857479215359,2.65091658522806,7.5352209361129,1.54162081695992,12,104.326986533435,2.55320740747027,11.6692496127201,2.8382770719798
46.7235152743298,2.12352699594651,8.14658114053725,2.2373510763944,23,85.683473686372,0.758525223992927,5.7200346818938,0.947527849188738
31.7941358506371,2.53976390685914,8.81915829014895,2.59767944326124,19,36.3101508759073,0.837643656652801,8.18135890332339,0.899024730361143
25.0033727304416,0.534551456044851,12.7568419389717,0.777390753202566,10,34.4749187175542,2.86261498354302,8.00129707817067,1.08831922815546
23.7089788074471,1.58559527578079,5.73033015298628,1.06454681067409,9,30.4117282001449,0.34029160688947,7.14517827873841,0.560609522866547
220.13482085213,0.879511183079166,12.4504113174582,0.832245426746932,2,29.0892035829191,0.922919252928636,2.88405453558159,0.507528516826353
134.655783773097,0.795615404489195,11.2460465201815,0.718711930020573,25,97.6898006702949,1.24366569625177,5.13901347648524,1.02847155982604
33.2017904787038,0.892614376578624,10.3083256478082,0.905886748635217,29,10.336064219131,0.493316915794996,6.55362300490844,0.966340245720702
41.4097616973746,0.653304538455756,4.20818338035142,0.394745109128678,17,23.9968413009354,0.787224428924697,5.01645553337414,0.734968253408337
97.1933970712636,0.486253990275818,8.80881267444777,0.558522785289603,8,75.950751722718,0.957166898703332,7.63131449958358,0.695010170646037
38.7903627190414,2.20352812368201,6.0527213163254,2.926802538017,13,23.4616187586261,0.570428916260342,3.55614329055293,0.422591340163938
16.7345246785393,0.383351115823376,8.95497108615896,0.736424779083236,21,82.8234738272831,0.982480881270901,4.63292407065785,0.45641218924557
51.5740537317994,0.978513423535339,12.4917930929014,0.794283954217749,20,90.8293892701988,2.6751732949748,7.2767350896674,1.38171508162725
99.0897934537604,1.05467100958228,10.4650987504445,2.36251219055095,2,78.5201449636526,2.81720395732947,14.0295173998782,1.77875599812229
20.7035360372186,0.408602529248766,5.86451594045013,0.626306766465677,20,41.6127427255481,1.53605476036936,13.3573700344546,2.7312620050815
46.2329492472945,0.983099290047415,7.78879302227017,0.713245733708524,30,32.7108345991571,0.506831761303459,6.82646820852982,0.564768415545598
48.2545918488962,1.033598130921,12.9428485672967,2.139284690577,10,55.3208142888033,0.777753902374334,7.33988145377256,0.981543286254841
44.0193761328218,0.975369909123692,13.7719530330688,0.933727260854991,7,83.7981125922004,0.909324907909133,8.96885696092837,0.922755994862983
62.9726361941025,0.662658128312098,1.35308656600163,0.314686920884361,14,110.519451884518,1.37421650829888,10.521151717037,1.66497405152818
49.9078906285719,2.91431955820272,7.21108298536708,1.04415482298603,15,41.5062658364748,2.17000930146629,6.43441095666307,1.28463535802934
36.5744509132397,1.70081874038885,9.12995707633297,1.68504430534604,22,132.561286867695,0.846218038921846,12.7176993413184,0.948984892005002
101.759199816572,0.96153755980374,10.0499549854578,0.84147510666852,22,94.831340718383,2.41544719435073,15.1801321120874,2.7975847482783
9.30844351300605,0.362780084860581,5.20054874832294,0.737260185835444,20,46.7394813222354,0.584431674177992,2.04113803674523,0.360414368784272
68.1818763562813,0.620955505600557,7.17564658372929,0.743043049901985,30,42.326926037756,0.754078488145202,11.6913754835193,0.787786730795936
90.9640857141925,0.866861151579582,5.02417728960273,0.763368316936104,21,45.908027662173,0.718029771371561,7.12496150966872,0.558528205801156
83.9607047676178,2.4410187534392,9.00542299584619,2.63345899690972,20,49.6770717034113,0.917733664592499,12.7182910622846,0.763529118443947
12.3109847926494,0.598569153727788,4.07830439079927,0.7068035187005,30,31.9741498693178,1.19159425217765,7.30437232947668,1.76168421207434
88.9194752913809,0.790392866873528,2.19775689127687,0.340380253797296,8,36.4414799319062,0.929383981469736,9.47052958370445,0.981077842543643
59.0053012928715,2.66967887093037,16.4429465895558,2.059584476571,12,51.4845039681696,0.600095773701206,6.97910125561849,0.608964956242623
77.2174264771746,2.42689233666597,10.9753796637465,1.19998968603445,17,69.9899090859246,2.07047811414987,7.18795461954047,2.86649118231841
60.4211886271213,1.13525974314693,11.8638672029606,2.12909602676409,21,85.5167190456464,0.561199707187064,11.1745213037565,0.738006684905781
99.2892044677344,1.78148012677549,11.7466738135849,1.15581219237961,17,133.446072404942,0.662268171228181,3.99989066314828,0.435098099682392
65.8296259169958,0.667409352600123,4.88467079940314,0.498759814492624,19,18.5617506262413,1.48292967175007,5.81877481842965,2.10902698024812
70.691325649105,0.892488534866644,13.0852265021975,0.838065941528617,30,152.646949429059,1.44702143537947,10.2194595555914,1.66352939682817
54.5121454912419,0.600361342080238,10.4306789005854,0.894345101054725,26,30.8212922338184,0.587697269183169,1.75853636752112,0.346141262367532
82.4939226866412,0.930636861992391,4.50679773076345,0.493004057596018,20,161.729195376713,2.08528596268047,9.81094443510242,2.17849959444865
49.0680357249718,0.705806778953174,2.37632238801917,0.475502220236076,17,61.0144441696758,0.421908025449968,8.22016990723827,0.703961122867357
122.574744044963,0.841935654258975,10.8096774529329,0.760659434032474,1,30.7634894019141,0.727052424719114,3.89780231805112,0.419078075310884
28.9846136932434,1.08168135575508,8.9746721540574,1.60301881931004,22,63.2713968163441,1.30451186981033,10.120713971468,2.99263747092967
43.8454035839615,2.50931078809,9.39356654364396,2.00190416898841,13,8.7035376055144,0.308103945412036,10.8650888434021,0.968848927342754
30.9434341264925,2.23983694412539,8.35007948639543,2.64563824974847,11,49.3540980322238,0.879085300222667,3.43484023109958,0.459952783238971
28.1317641021161,0.511549216638533,3.42486858657579,0.369510937982462,15,90.0325633372205,1.84218091401072,15.5748987887129,2.7718016532853
145.109105977966,2.71383544483841,14.1290207703586,1.18877632174857,10,38.5318327853555,2.66797759487328,6.04494862736236,2.39681089488176
87.2357467881941,1.59695326664035,11.8210677361037,2.92707338234957,15,24.6139138402277,2.75569394968322,6.52948017740728,1.18499276563742
76.0999438429159,1.72183045591069,11.4929044869229,1.10160410724846,6,38.7767052966694,2.59141065817271,7.79485606338726,2.88626737053505
41.2680523861761,0.53691779492299,5.10319897258848,0.487226816632575,12,22.0017851200045,0.374777993636611,8.88864488440821,0.724165657774305
197.973803956073,1.64442531329906,13.6551559049844,1.1910883037522,24,25.9087592490753,0.767214756389864,9.76066806196031,0.936297851867518
21.3809390255195,0.395527100046213,14.3441029146304,0.992200656313753,11,64.7475046384941,2.65300075534479,13.6989660278878,2.80671855163887
19.867607273405,0.432594343829652,8.01807311095111,0.577476243065089,11,56.8640175572578,1.52616013523093,10.4481174520407,2.27128476425562
61.4037213794617,1.1702783635462,9.10785058633214,2.2044183988083,16,23.1674710339837,1.45200509894127,7.23705378455121,1.20850163266878
44.4251107871609,1.79985870925774,11.7938079266442,2.75845148358981,26,57.1741068951841,1.74169454307769,12.2969283705411,1.6384212627037
32.1224942385745,0.630663517960947,10.3184208529103,0.862681055837875,2,68.3094012035497,2.06715862364561,13.0170978181228,2.11384585670373
133.9913062542,2.00648489656812,9.45317192993838,2.95114036134712,7,113.088667265307,2.21319880476218,8.41167619945884,2.32995104101696
39.6794570475758,0.523538017248456,3.50589596160044,0.432828121106282,29,31.7782291333809,0.414377481294509,6.62966260232676,0.533046265316856
58.7910221274715,1.94351211769276,12.8118196947373,1.56492369157498,25,25.2490050953927,0.883252325207915,6.39301005974642,0.92182919713371
18.550254779771,0.418695427838281,9.71456806603032,0.944908191911353,26,36.1097409936689,1.31682333283474,9.00438129486039,1.91831336774323
64.9205015983349,1.24447217597629,13.2382585733722,2.45897010360051,28,31.7731329269971,1.02621425516845,7.59462089842106,1.76548348071719
7.28356672276673,0.311280812145579,6.73595155043814,0.57595332129252,4,211.302698102847,2.38477220256601,15.2586826185761,1.74346668432428
16.7345570817345,0.451357420131293,4.05690737006644,0.409250544425749,29,82.9584384413851,0.436893182340631,11.6040875708868,0.881732468217952
50.3860865521402,2.14593059115255,6.31315428508454,1.88486390113741,13,147.93063200614,2.71181728792988,8.33429033227224,2.54880898320196
122.432804675799,0.571270961399653,10.0706272064086,0.659200325679999,6,58.9545543105411,0.418158731331237,3.63779981496604,0.380731333248893
79.1146351749515,0.616461719238933,5.86265916173869,0.696548678737692,29,21.1266369938308,0.546299449683763,6.3913521955884,0.75794543554171
60.0924300622782,0.961981079658897,4.82015615195214,0.409904091571924,30,82.4241501072418,2.41146105621636,10.837079630252,1.8759266193363
21.3795426691449,0.974154672667667,0.772311259394109,0.319068353939731,11,18.7220511125482,0.406100191689821,10.006931991615,0.92410136414353
12.9811372619984,0.46293871518379,6.26493437274048,0.647039834196668,24,30.1538229571262,0.462183276146199,1.7524963876134,0.366437244981759
53.3338389784633,1.92620908869937,10.9124476937121,2.58082370882267,4,20.071441198808,0.486494380441107,4.18848018340354,0.418952951267345
14.3224344119079,0.646672279399614,3.70683760631167,0.580460923813105,16,33.6285193860913,2.13107555260724,10.6383423015002,1.36435814944172
58.882301645525,0.983875819799667,6.2308267644817,0.83646627323662,12,58.7091239728326,2.37156677909681,15.7756465775737,1.97381266568082
6.69703592726591,0.326598270745181,3.8988029683112,0.431829225413331,7,51.9194274815812,1.95593617974876,10.9579196886757,1.50512378118859
182.15258145324,2.88783206065345,15.6511512852106,2.14685642404731,28,11.3148440503389,0.489720518965268,6.28619977321793,0.959679714067655
135.114431590137,1.67450462524684,13.9960979302235,1.18601271581965,24,21.5081257724438,0.405145188363002,3.35052567099455,0.369581962714164
82.7641935086568,2.13954279036097,15.8183053841204,2.44627703446424,25,23.7259941475034,0.898156809755324,2.39043137318698,0.423630489628665
21.3953624956984,0.667863412149435,6.45679899767599,0.944323685186585,2,38.969055883255,2.58597718324859,11.8560040197304,2.94835547975483
58.9281726140199,0.958727046130337,5.95777224602547,0.653084083244712,21,46.5920299999901,2.67134004672996,14.6434727036359,1.87723130978784
43.7995248760643,0.890189086083513,3.78091004195347,0.456875022028334,5,100.588462283551,1.07707627041971,10.9472117400256,1.28589748731598
47.0027551863033,1.27261213169618,11.506529362767,2.88485619627497,9,50.0735780457103,2.37519853132463,6.570457875981,1.0267895591441
129.928181284071,2.36742533371367,16.7673968980674,2.99913643416909,18,80.4957501331909,2.33174040647078,12.0900931071657,2.27164619702686
85.9785943587164,0.555373588926642,2.17228899672842,0.377956248213321,2,49.1577098028921,2.61388988068305,12.9351284780476,1.057145158405
70.1194240200561,2.45965117748269,5.88925268494365,1.18070083718386,27,99.3625300911535,0.798749296343852,4.03082509354211,0.450909963745198
163.857722662974,2.51281109349923,12.3081071562604,1.71941306779238,10,73.0416654684812,0.816025771327109,2.60943737486153,0.402776713813559
62.1760290490032,1.81138444188493,16.3084356415906,1.48920540822832,29,5.9281233177256,0.402728862567976,0.686576165095718,0.300632627618621
142.664354508369,0.511870360816345,14.3365577061433,0.915444767070586,18,117.335656161209,0.953039350740522,9.81035910493052,0.890113995769653
60.421055620695,2.49048399020342,8.40570706732946,1.31036787084756,10,58.4711515190178,1.23931659770604,6.6281353406651,2.8709866529531
14.8147306790337,0.353124097665829,1.0070280726171,0.308864147529156,1,93.2470352787744,1.17626546441303,12.8324738804959,1.95941554684279
119.340347269248,2.60098302494308,16.5090980105555,2.77755346891813,2,53.0958642649273,0.980181802689205,13.1037454895357,0.802757717465646
85.4431233958878,1.19645458421393,13.3676215403035,2.96325973844213,2,75.9184487659721,0.700638211797216,6.53350225456022,0.955622116072801
39.534228633252,2.22354244846899,7.19597583016157,1.01635911363941,1,27.6496363258322,0.921148532309922,9.27277949318222,0.989109209354151
54.7889236042224,0.446261879421816,12.7098445452998,0.904877532011683,11,22.8004401896353,0.737379968397521,2.19067503678808,0.389172862825094
74.8305019553772,0.842614948198897,2.11218995116659,0.341757795807071,10,40.1573525523302,0.840205962076972,6.69812154205395,0.790322436926827
7.34193417406508,0.329234392547607,6.27114154689496,0.857886989522462,24,34.4883788988498,1.53154351896177,8.85853738980648,2.96364509764086
116.693268849332,2.53040914631071,14.0312472037642,2.72866043635579,15,31.6438670044918,0.954167851038258,6.5321368275333,0.633801808958011
41.6030020022342,0.832415794595512,9.68658807750526,0.812189665934961,27,66.2808840624234,0.574458272898366,6.40355226013216,0.48775540070896
41.3790883939407,0.565612646588419,1.75049385129231,0.308312808025231,27,108.890959900613,1.76252324664096,8.28640600471357,2.55565235757243
104.733493411305,0.959039940909731,4.82371629411735,0.411892155439677,21,17.7268403064412,2.59361000839318,5.75918418884855,2.64856435223336
76.2346697388349,0.61969178451427,14.6795495202727,0.972384283754017,18,101.341184381962,0.607048714895725,10.8807296221141,0.661032883840752
137.366181039544,0.566359986090924,6.01025826632415,0.456507724036214,5,22.1960545670056,2.38838239149202,7.11598577828802,1.67914676109651
163.313168757873,0.803671820598688,1.96802539312858,0.322911752053441,10,32.7370141172247,2.40797291111617,7.47057999345362,1.44355183972481
34.319991036047,0.508371407366507,6.43393258273463,0.487957531578775,14,30.1049444569169,0.965954540294491,3.16248600493905,0.437096928954813
20.7790310106147,2.35043760205993,6.44109646140755,2.51059004328179,4,39.6249162060048,0.485119275895345,6.54990157857927,0.978888581988839
75.2130447853525,2.58286509074179,8.73707070060404,2.94018626633095,18,14.7101815020059,0.351888736852553,2.35818529672535,0.472222047429054
87.7578809614331,0.748671609798524,6.49876418470448,0.483501003793308,10,157.431708253772,2.53709826387747,15.6841577096324,2.91971195188637
16.2011866052835,0.516239271460246,2.34591237612594,0.452408484442705,8,8.79763319274007,0.495892336058063,4.41925232932524,0.711156904931579
44.2160761684541,2.27941594740739,10.8649471143195,2.85467524400967,2,32.1719450225879,1.49468253135219,6.48942040243957,1.42654961302308
120.670539610256,0.690178018056122,14.0177878589271,0.949880661032263,6,31.3812368024874,0.536064369023281,6.26130490998278,0.593624120377428
19.3292695962281,0.748524396650853,7.64896558421277,0.998732068737983,2,51.6498530608802,2.41003662023603,12.0432333161832,2.1734447812813
150.064682969736,0.896091778654979,6.26898424887178,0.53695501944464,4,42.3811541318124,0.91890718418357,3.86673525091675,0.46010897474184
8.41096647630678,0.334532941431351,2.55740219115454,0.351371690809711,27,35.8663633379758,1.27913174642988,11.7201669726915,2.39848968320141
87.6240722495489,2.35158511714449,7.42183523760432,1.9621482696762,22,60.9444044390925,0.667985491183168,11.7731148550053,0.838736251322787
44.1769669917724,0.456907847524512,3.96801627378621,0.615335370577064,4,55.7110918763397,2.59178119341029,14.5774115576128,2.6303273883769
22.1898435331075,1.74178921151361,6.6003877223518,1.77366524606703,14,65.7780560619813,0.681691922774071,11.1567535686626,0.856880659439467
89.7949236163919,1.2722531451145,8.79823033813092,1.81915886742571,29,42.185123094036,1.38713519064517,10.3109382269877,2.3584032050774
57.2454687460725,2.55708290735768,8.65798201105591,1.76277218380885,28,21.2256339697175,0.549583197022834,5.63908469782976,0.836201539439045
114.906964902475,2.58636088472765,10.2035444375097,2.29692925770977,18,18.0000796496465,0.537327685744774,3.66412162452389,0.49081934539906
129.601083063723,1.8250244011795,12.7331241109555,1.69201105812076,18,47.4988744339778,0.606602901090719,13.566004872736,0.974839174521683
48.8465605088705,0.986954199607377,3.95521497390674,0.421682580207903,19,30.3046842166082,2.18168731704038,7.0386033714684,1.57917813875204
22.730856170973,0.503433101825681,11.6681279849969,0.96115943851987,19,28.9034232382713,1.71589004062095,8.97906606275715,1.21147316809184
21.1821148786787,0.848874357382599,0.570745192792342,0.30244546077957,10,107.636112014571,1.17386756073962,6.78240880093221,1.90055458838578
11.5484954343432,0.346972004608234,2.47968601233624,0.39536052025169,4,173.211089240326,0.918309472663293,11.8554322589876,0.895161614777895
26.4887490543143,0.960858814464284,4.8173675898321,0.589315854944101,12,84.9549143670583,0.745878632519348,11.5592132612831,0.863862647830358
23.1047532446668,0.5015008770778,8.37077729375592,0.775824038825367,23,45.2676356310581,2.54126944266604,5.8604424064432,1.19887123711621
75.1720602431485,0.968594337314215,4.80305774668407,0.528840732891578,14,34.5796185941952,0.4057081140495,9.43074736077819,0.850448842777765
61.1444331407265,1.74955323027322,14.0777354460779,1.11324872792808,7,141.742311614939,1.504212709428,14.3281537394227,1.7971697998255
36.766614637017,0.610004828378844,12.8514749758463,0.772353415189215,2,46.6189248785832,2.01651329622076,8.58027204366759,2.04180007556171
27.5355265422847,1.18391811304728,9.42347044746197,1.72898838496594,13,50.8866794978072,0.741588448987755,13.4005162206909,0.947272918747594
27.0881205062959,0.449835917725426,9.55819105623121,0.674600574748755,16,39.8669202418824,0.875106104554513,7.70008528652501,0.926117379962919
15.9405713710856,0.411913138190518,2.53698332499282,0.339749369531315,26,43.1610237007501,0.45631275289542,10.332044554177,0.639194312586967
34.4532167451409,0.5814821008758,10.6397935798735,0.992384264778581,4,17.370325942373,0.384786738556532,2.48511910512284,0.477365056186182
39.9820369395224,0.69817774832018,12.9352404371674,0.870042235220214,12,32.0064358647945,2.51423254599979,9.26074599816681,2.72587890826966
25.7738187226687,0.471853913140968,2.65485535826851,0.391534397437434,17,45.7759924841677,1.16159361830184,12.155437910485,2.21509522013071
17.5862458226335,0.451740410672842,12.0682954280892,0.909816422845977,5,138.53969791565,1.22886003910613,12.4706625708822,1.96442515457202
23.7045527489663,0.306845775821282,11.8280016298879,0.973970530069753,7,101.296649743552,0.866628427973546,6.00386558175275,0.487617023952622
38.1011522801502,2.46572691154697,7.73356667586325,2.74153018111243,25,72.4897109803699,0.592298984927649,4.98499305130409,0.42621787565765
13.0417812294015,0.383565967191655,1.47129028289612,0.31711535727696,17,42.6488927610737,0.9274061452671,2.90032845748021,0.431734028893592
35.9282161764731,2.64242282059246,8.66908641364021,1.74391778818642,9,61.2565703106951,2.30098475944668,12.4997178832611,1.78914277389815
66.0462810375658,1.08941183032749,15.223430270463,2.6436308213101,30,11.7383297694126,0.33684748006468,7.87849898315361,0.648678249034981
20.7849740618608,0.527883125335041,8.2736704725446,0.908597922876516,22,42.5866620246437,0.481532060152464,11.9977467733581,0.721415076576136
67.2550313008931,0.918469084154559,4.59555264553586,0.418622718165083,7,48.5306032577333,2.32467154751381,12.2497260700478,1.33052659163671
107.24968900307,0.899880979581666,9.48017216441327,0.796764906620692,25,45.0976984090801,0.481193761701997,8.19713351869739,0.621317676845541
32.961319627509,1.42504812693919,9.9712690924594,1.96118366413622,30,32.5995396661698,1.08931917397,8.69502232006423,1.20759083329205
17.7955713183018,0.578474678206462,5.48997811111215,0.741662395946093,4,214.654323172835,0.919547172018372,11.5584934564014,0.782673929424285
46.5177587785855,0.753488628767887,6.67841262109687,0.787063600768115,4,28.4626800616293,0.6647993907501,1.62647761317211,0.349354207185561
71.0812160306509,0.598839562717276,6.41541913739483,0.747877431830122,18,35.5016278062514,0.531691789475321,1.5458442220728,0.365735046797435
80.2110296195041,2.19111604730721,7.97116382705887,1.99542907001578,26,194.404804731523,0.910645900254279,1.56600475481893,0.311966736505788
197.345402472882,1.77310924795767,13.0323614174762,1.04768839975705,10,69.6929547621287,0.721281571071268,9.80053737791607,0.786347814283396
46.6440571651687,1.59624284347566,10.2847919242814,2.99027158599936,14,59.2235094586786,2.88248655838932,14.2524513121597,1.02347189082945
148.318102813532,0.941638499121445,4.23210587625083,0.415156570119878,29,8.25541615893125,0.311115355217456,8.22178654313418,0.862769632851099
59.2792883784359,1.05178585424736,8.10282676294963,2.17785875070004,25,57.0226614288548,1.05981295465183,9.07009518157072,1.6198689479832
40.6356158094647,2.0951533122738,13.3307825888969,2.00862691329365,8,44.9528140389221,1.6498993501142,9.17023795031815,2.20604852858031
10.0484259522483,0.379470622675023,1.55694970393867,0.314410911248736,30,150.002942803619,1.58033090956233,14.8324535533826,1.53261869104235
66.2734658806565,1.52731206848672,6.45827824140408,1.66911923974654,17,53.2572813000289,0.962067882695216,3.53750943462148,0.560402531381617
77.222574670396,2.29991864261998,9.26873286250726,1.16963606250207,14,18.7034446780597,0.311809784808757,5.22360012407726,0.555690285817464
20.6715264359495,0.531489743707601,7.75922235037977,0.754078319769643,25,44.5885114323169,1.94680422154084,11.0476145783644,1.356672674965
25.1513957818317,0.806354593828174,4.85222005620173,0.542052552746572,4,33.3947313031736,2.5346703364708,9.71198371894928,2.57180692496685
56.9607112437217,0.7062468119419,11.8397198346919,0.966007652647074,13,151.094685264485,0.833608689355341,6.86480655174458,0.635716846958336
46.6444648426403,1.06403459673413,13.7066212552307,2.0250714789516,29,6.61719666257633,0.300061679764458,1.33149353779445,0.301455872409992
38.3399949930999,0.850995868069845,6.09219519156767,0.875336706174081,14,167.007757664069,2.83634965798308,12.1933176754557,2.40146168027733
48.0306931273221,2.83670958273435,12.3018898802032,1.27621171355754,2,40.7691903007894,0.972876675599679,1.44022220806093,0.34444084914002
40.2810764747648,2.95588980120848,6.71587330558219,1.86191361988834,21,169.03456599312,2.59778325112035,15.7508600239921,2.49599240899351
54.2792357766726,0.420364883983148,2.2267293279799,0.354986288132853,8,31.3459136817813,0.611064221955558,1.9227441503852,0.314115035038349
35.6655518113021,1.43329917454697,5.70868882178786,2.22108073081523,2,4.64972884825933,0.308719286885078,3.79312198598259,0.610551918081984
118.338590835241,1.89892545657255,12.7359500293784,2.65465631992855,3,55.6401772173527,0.784437229498276,4.37420084940547,0.496498923780518
19.8665652198407,2.34667512926184,5.9606520725276,1.03960728600856,9,37.2258882098304,0.326823586164333,10.4635373205384,0.642378069879185
45.196098009596,1.13744552158121,12.0724707265972,1.83591728945569,11,38.02273582268,0.471943328478451,6.07194564507704,0.729980620069863
48.8181326869856,2.39405966479458,10.3250744446693,2.55383429735193,15,189.391880137223,1.14505980856692,13.1470659112266,1.59545975070124
36.4471596680092,1.17423445494744,9.1762794773137,1.94054148081296,13,7.14575889365228,0.357282443334644,6.48358278128042,0.725993469465855
73.6575070672708,0.920777878787685,7.50281201790752,0.528774089683036,18,76.3965110124654,1.84137200357936,15.6535314881178,2.72878735987702
169.965304479307,0.893427398036096,8.22681104319178,0.726481716832461,30,73.1963783612801,2.34056114834908,16.856087307231,2.03852673335036
22.9061432468602,1.36626668804936,6.9856535852266,2.13639807289877,28,51.5310145041465,0.720856891997611,8.0268836347094,0.745844576375594
51.3791453095282,2.52411733339263,12.008365360391,2.15087577263975,13,69.6043759131369,2.15863482989251,13.0843746740459,2.74087493293013
21.2918567555177,2.55724334777455,6.35388020448835,1.42262959019985,14,64.9458145604212,2.91529953962807,14.2881181156479,1.3754900844504
44.9797302346837,1.27579785299429,14.0793401267309,2.13591102629612,18,71.3623202657317,1.24177219488328,5.28522239527902,1.04937155708515
80.5313458242447,2.10194377697034,8.56453502853394,2.69823775900903,2,69.2591996329105,0.828653401496829,12.3286242279649,0.766270999790916
51.5713420100366,0.788317854643454,3.6526101000278,0.643091158644932,15,38.1339559444993,0.640460253071215,5.3088899670268,0.705181473274744
36.4159745671063,0.576818597882575,9.79086484553541,0.596454099683263,8,51.345140416914,2.49773396244375,12.8426070259668,2.6302756497568
18.1905080978233,0.59731293032492,2.86637082226304,0.449970504217613,27,39.4037746698198,1.45346410458604,8.10584770151531,2.78978389821892
23.3922981452006,0.689379913009618,6.44085165869381,0.911056124981879,7,102.060278182985,1.21152181414288,13.6729606296291,1.14327141247126
27.9068227902639,0.718588674635899,3.07439102713369,0.435657472798559,20,135.900813468842,0.691692133341158,11.4198925653092,0.877234044931269
58.5264519847095,1.35847867574487,10.4017538798602,2.37710342147306,15,27.6040735810565,0.609607838138993,4.50064775831452,0.773843578859499
31.2888634927764,0.494438858637081,7.02368301651788,0.510555417420901,8,33.640122416888,0.848519489329044,10.9518036971705,0.852478963540144
44.410066245822,2.8338752267788,11.6118124681218,2.23359963775484,2,46.3446037967879,1.04888250347337,12.9051766122343,1.44223766363393
40.327155682533,0.715509619923813,1.87941125762612,0.359534629674941,7,42.6019772031806,1.64286075253227,12.1837842555143,1.98876596907349
44.6818326588227,0.876135990610365,9.44718453222675,0.787905556281963,20,46.574822201139,1.93306625398273,9.17430198343896,1.81332849543593
47.946613405411,0.50871810644057,4.43787407919548,0.437715811856313,7,57.3720646776831,1.89213718358579,6.73622062070516,1.20485024245309
55.3029472652635,2.79696629923596,12.9618897099545,2.08455703318864,9,56.385825327787,1.56989522619444,14.0631394269627,2.78113545493297
28.5575331812086,0.635480884768414,4.36988214106716,0.52444683474515,28,17.1408744562298,0.517603493684661,0.863370514915567,0.333181429010057
44.4034120668644,1.584962304187,14.9436948928408,2.01903055759662,5,54.704884467181,2.56746149368498,10.806596472584,1.11522259778135
56.9837242335348,1.65271058333129,15.729039492676,2.65808190511049,11,31.7783632439508,0.446997729652127,6.16945288442986,0.529929620524326
26.3353729233632,0.574998981796682,8.2427205358199,0.560596340047666,24,15.9566317362454,0.447682809333496,4.08498685652059,0.686797942763887
100.155461410692,1.47935535423066,15.9386847555327,2.91936949324507,8,59.2469965439037,2.60553487177739,15.3713987411343,1.85195326908121
17.789682567991,0.434810936608195,2.34860039695569,0.33809976784449,7,68.6608987026465,1.19859050050637,9.44442309000314,1.13388439282936
66.2350662030376,1.01966797658661,10.3364316890196,2.29369564020398,1,140.658684486693,0.86265060128064,6.14908827295176,0.485257162811786
32.1940200910644,0.887525071691422,3.29976692272231,0.40942048981649,25,77.9108286143015,0.671985622103326,2.11151555762476,0.328763790371404
23.7697491631572,0.482602420339063,11.1146504920416,0.956101746770259,23,80.0946813948165,0.471341361037465,8.5253746308869,0.55663980484945
38.2799863101832,0.79313903453161,1.7929188720333,0.336628235408178,7,49.0365463644446,0.971259486194344,6.8003269029467,0.758297823544674
72.7192143919803,2.3374960464465,8.79231859930628,2.51329760153901,2,58.0830111838827,0.779197091026166,5.5646243506395,0.69327524559078
202.081515353412,2.20139902645904,16.3968747585124,1.92300019740014,26,48.490479271803,0.949437301885067,2.0052285530953,0.366952178118296
59.932914990145,2.51732353329934,13.465861536077,2.18925710902725,19,42.1610094204935,1.8505250137762,13.506156135848,2.84567623747558
238.51215208468,2.32595167703399,13.9444609077325,1.17301450808687,1,198.950924485539,2.1116822841132,12.7133706939339,1.80263016601403
56.9988658921776,0.642820209723309,11.5771329146807,0.842834456257883,4,60.4402458816499,0.931611697257928,5.99427669505302,0.56821301319866
38.9709385017261,2.55079981233571,12.7051455263586,1.87921434758536,9,104.015349897337,2.38888880040182,14.2377816063457,2.43271049111329
64.5165230507994,0.659954388399144,7.68136374798612,0.555431968550561,30,75.3715057579686,0.907765967482709,8.83642779461934,0.91495395795954
54.370591092972,2.34702431487285,11.6677912887429,1.30330642926182,3,11.2643548111782,0.395847522209157,2.90209706580084,0.419005856665279
46.1591315561472,0.481350937903059,8.02083169630349,0.753904362575109,16,59.2584261856629,2.06109674870818,16.6013111693422,1.59576761586524
30.8983144809684,1.06995974365417,9.87750041348804,2.44859282132413,17,66.3789265542737,2.25813060517394,14.2989179793066,1.84501127343278
80.3561228194372,2.43328968340642,13.5312547143108,2.1745087896249,27,14.5821459852224,0.478589820668806,8.95932980973842,0.92711225613064
30.7276049779457,1.8157632211232,7.626903452889,2.89022867040519,17,245.846447846783,2.75525915403378,14.0517843940417,1.14634500830951
34.4554444869152,0.858893392551644,0.718070725354859,0.30190888944434,26,23.6279749606917,0.455071850788777,6.740594135031,0.621239875087249
51.8625738902849,1.74310454462237,14.9178566682001,1.67512135766081,23,90.4854552624789,1.72268226713019,10.1042840362558,2.99403058193507
99.5037918595542,1.68640473446806,6.67418539750298,1.00802695311038,9,41.2083442625505,2.7221640674117,12.7581110080807,2.1409594861179
32.2515933347735,1.31874643185707,6.78506348444429,2.86458974756947,18,37.0779038675404,0.630522871568458,3.1653494224824,0.419087856610544
99.1182177475372,2.15663022706435,15.6451193306061,1.68610069237095,20,53.8958805884518,0.939354186027928,10.6042602029458,0.6486774732633
76.5069617428058,2.73645075648517,11.8326156204389,1.98617940842058,2,19.2365487604329,2.71910501975934,6.31904970733991,2.7081805178182
50.5765731766689,1.87734630262467,9.87169314103575,1.49125870546594,5,272.541460724097,2.27050470398087,14.6757017256579,2.58769624546848
18.0564538955489,0.701871972416716,6.38922145401777,0.88555872295762,24,29.0357002289289,1.34103263013633,9.18226442634368,2.43066928448624
64.8957384584627,2.67199952306758,13.5422802761736,2.05574644561046,21,7.88233653909995,0.359659575361564,1.73999077868682,0.351629012301729
52.9644140805481,2.28663460368832,10.151645575366,2.90588083371718,26,21.4233306622707,1.70007847760867,6.58070754214483,2.42763303549016
53.0567654151665,2.60641207405559,6.39344751338078,1.0073964913983,28,169.440621372248,1.94261246664153,12.390936729212,2.26464118590314
3.98118188972058,0.302930758419493,4.61566186154492,0.551704441622307,23,50.8391521437295,2.70892140317636,11.8780197216577,2.1084628329104
52.8166266292268,1.97987852309932,11.8671931633352,2.3579372168094,24,25.4670675829248,2.67682838914092,7.84013792641592,2.04374186597248
14.9196809310841,0.506049873865115,5.82944547424853,0.596628974322096,19,33.9903089878201,0.564715159838806,11.0312454227378,0.848192127766789
69.5336295843975,0.787525349383383,1.57996899749086,0.321501521705078,11,38.158111971354,0.777859715210935,2.2543874829397,0.353224358908989
77.0923179363006,1.5781428845605,6.30283389747103,2.8905272628189,12,42.7107561858348,0.521439772941379,8.01187832458926,0.64947297841099
47.3213904114318,1.2472328114271,8.38722076194947,2.67268465079958,20,61.4480819270661,1.60154937655458,10.9641524744002,2.07333255387934
55.5001558170043,1.01842747387815,5.68644109222053,1.97007863112534,27,65.2642416401393,1.26124863306194,10.5195203050893,1.72215461701285
71.1294999921392,1.27332267988054,7.4925067840795,2.9886691085209,7,47.6444847235373,1.47449359501117,13.3558272620542,1.33568339028229
34.8361572481906,2.86621477547908,9.24082053900637,1.66700116419273,28,17.8595511263041,0.909227446572955,5.07384593886119,0.867465620442812
72.3188539625058,2.60136418360326,6.32436805764255,1.39673101667173,25,59.3705995518135,0.873787271658595,9.20588885729925,0.599649753300304
38.2707806732077,0.474087028382824,11.4958871058918,0.838102041122848,21,44.4699057592547,2.21478735185634,10.9948322649568,1.01319743247652
29.0445351364548,0.951325939268611,1.98850900252149,0.386093875161093,15,155.747237145083,1.79305818805318,8.26606158537931,2.65060775980184
109.977962657865,1.7336882555806,16.1738850326242,2.4280726250183,7,54.0847819628477,1.47674147796127,11.4661139762902,2.2379610891657
33.9829718497708,1.36726905509127,11.1556525208639,2.5241902540128,16,138.274122663722,2.97565200895534,13.6176400926624,1.96423612141916
13.9651428421756,0.309265926238361,4.63338086765958,0.512406169163317,30,32.1160136340945,2.96509881976149,9.70979749818101,2.82250686997816
25.0768063096098,0.865134563502107,4.88646154357365,0.742519925048049,22,34.9915162569013,2.19958198201402,8.5348633101756,1.62975333947021
77.9330370349324,0.675651599050138,2.26652145649019,0.458170114156532,9,82.2877972921509,1.04797461630682,14.598212355402,1.8534428782614
35.0562874709835,1.60817075669039,8.90866237999682,1.55461786402076,28,7.62051223157813,0.368849957973067,8.93059726354008,0.741879919867743
143.046223656566,1.75286790681527,16.1083026796985,1.70651523058297,18,70.1708367174214,0.849805213003762,3.83947675328565,0.487409584674963
68.3177697325415,2.61609342212923,5.90498980918475,1.89031721651475,10,116.064658858389,1.47867870913917,11.5744689176096,1.77801831115434
38.8903408514165,2.72553819509489,6.77136193806757,1.32866384997692,2,124.01796250537,0.702426962186072,10.1612135284309,0.964889793736555
13.0102140998203,0.452923711291686,5.05274034153759,0.803741456661455,13,52.6009032614619,0.739184974312459,3.46779384270545,0.404740317208058
33.1698621591097,2.18855027286192,5.82353387676406,2.04012068679413,8,91.6629998512034,2.22135417984728,10.4959462471498,1.38135122771872
39.3725622777103,1.8943921136004,11.8321405362911,2.90222353965892,10,38.2446342200108,1.15360485855413,9.61693013830874,1.66730112447663
11.0209119547931,0.402934350021914,7.6480112627647,0.658972939896011,3,50.9183969219571,0.788625524883326,8.86726716251936,0.820193477361336
166.877995168998,2.17851195505758,13.8910013535011,1.40817892127315,17,42.4490704363077,0.621821985836128,7.71936578200932,0.823846863049119
43.0032924135573,0.824846905596806,8.84666370769267,0.761552723003248,22,58.7357629056096,0.533315319094835,8.81776389421334,0.962927563291644
14.5331245288088,0.482339383816476,6.07254491004075,0.756993596936111,16,9.21594072736171,0.381613310166135,10.1331855038855,0.922053651113529
23.0152857690637,0.785283875042727,3.25274252496687,0.565946139982034,24,58.3220294211466,0.605453681733346,10.3432798438571,0.638945896799104
48.0943619493842,1.92477866446415,10.7011606325183,2.12532045235197,3,17.7735818819418,0.305849489139257,13.0942535115932,0.965994091494042
11.0046898004266,0.306702168124239,9.6195140350138,0.592374281081463,18,78.1034302131969,1.6385478866803,8.39382357498429,1.68575858019849
10.3296180768611,0.349295660220061,1.34473344432179,0.355749076522858,4,56.8670198047147,0.901991612993518,14.4423438836574,0.948748476728466
35.7593947124573,1.54095635303732,9.16155021830443,2.11310451946719,24,24.6646089928132,0.574304046304672,7.80559968933278,0.55814481773985
38.6267815069148,0.460624283048665,3.93935873239282,0.441824664294874,21,26.3045118029508,0.680670118091087,3.45707362827625,0.568509396719195
26.6404747780304,0.619401775845063,1.4616146561565,0.346865613586202,11,19.5820206319773,0.52720344678616,7.27454716261479,0.821676494367707
10.5875119549429,0.403261376169554,1.78870468867435,0.354158585606793,12,76.6074001847417,2.20948116994796,8.09986336007328,2.41755874134436
40.5589142534342,0.920828610830927,9.30142928284147,0.894824214047052,8,41.5333304733636,1.02253322169821,8.51105970298044,1.30125996497806
113.523391026616,2.17432417016527,8.08331568404275,2.57855360120261,20,21.5129694606086,1.02994054882085,7.11380856726408,2.25684068287554
85.8870792883628,1.92467358902045,16.6224970869946,1.53767187366367,27,20.8000151695192,0.407282397472434,2.95556559224034,0.39495253498559
75.2727855225462,0.955656086001911,10.1179902793642,0.715542465003061,23,39.0760862850296,0.485255679101065,11.5120945048754,0.853238954896856
21.5535858665748,0.450364658797801,8.94638712494622,0.913363425260348,28,28.0745096814101,0.873008574486222,8.61508753157351,0.908541619205046
47.1526778265173,1.33760246087613,12.7055190664462,1.75039057085336,5,103.593555456416,0.650013712867016,9.68197505783996,0.597556679315777
41.6339047584393,0.750981872374738,11.5042224264222,0.960817935431032,21,145.374208004234,1.04615883523675,13.7268918338636,1.10969380449309
104.948654803104,0.664424592567509,12.654025233691,0.953016678418969,19,70.8334524408628,2.51232181745668,5.90138426343542,2.70594235707048
47.0667712962266,1.6633888054296,11.7882592348523,2.18538724492978,9,13.0727551976962,0.390739695103125,11.1680258541549,0.759029505056275
23.6980395416071,2.39196748969023,5.84567493162854,1.06156393071423,13,28.734600197776,0.469164274879797,1.45727865050421,0.303211261002551
25.4943395748609,2.1902533329781,6.20998594762573,2.20204029226111,27,32.4380717910409,0.457529082889983,13.0365389130601,0.96940281503225
65.0480764599079,0.897342531746707,3.52150690241767,0.501989111165602,5,100.664603644611,0.5526717957537,5.82293998070361,0.491380365547809
14.8594326788365,0.376941253044366,3.51233485457808,0.371475780144829,16,174.415732840815,0.925141369638763,11.8919316307464,0.770602244437513
40.9814323255258,1.95299504759847,11.8508111623107,1.02811221486681,27,52.149257430839,2.38801614025347,7.09753826712632,1.74023880164668
30.3013462198366,1.8836620260204,9.30488585990242,1.46802287581802,17,28.0222461366891,0.966119883657605,1.08186827004667,0.329220974221527
34.0289683992007,1.99009853648516,8.63090166477378,1.51533053320632,3,19.2463655886867,0.4655944314984,13.9473071757839,0.986641440927374
85.6323550392955,0.866400785609467,7.51548092571007,0.978981238542119,30,232.672881131153,2.97316725776425,13.3640243828319,1.12931975027338
195.924936137173,0.975208079937846,11.8483174344991,0.835651146319146,14,159.493642743287,0.960440313714231,12.2479303948139,0.89615223355247
48.2242087418334,0.593209594533435,7.15213845303594,0.777076876387946,18,46.2398614417812,2.01424191645656,7.81252576140609,1.03175383061005
51.6763344518617,1.88504370531024,11.7170357232131,2.556824139995,9,20.0567032946191,0.362728733062056,7.63818200565501,0.862215623986284
79.9564483586275,1.22515385646248,11.251400730473,1.648758141755,5,72.4003607763175,0.619348405884935,12.666749860871,0.805950449753526
77.2033441830585,1.07668064277708,12.9883793053952,2.76019356079561,26,29.9904133454684,0.976492177243554,6.59650888128626,0.863812146033264
83.1364140427687,0.790870103623886,5.10169742786897,0.433179266946794,20,33.4262844333856,0.949828731211995,10.1860188058987,0.845421411638889
15.1731219625199,0.342930277669578,11.6479911763751,0.720661250899144,22,34.4025185697009,0.631309297092415,6.57148752273152,0.854483327950209
28.6453616946157,0.843317326379403,6.62042174599895,0.971829647672779,2,37.0913226962179,2.4578272869081,10.3483294618775,1.58661176745136
10.1672198690828,0.414219139686917,7.92210741593296,0.735504569428527,5,16.9264289464777,0.448287043466055,2.76379810740795,0.372047777633965
30.2087935167082,2.68653367855404,7.67831748071461,2.15024733436256,12,25.9319288396208,0.416190733526293,8.23887846845512,0.925799418640448
54.7993003498967,0.797981829414632,3.69914204373105,0.480609617516046,8,58.5636919475952,2.14457386402507,9.14105351833682,2.62986873745611
30.8609567538608,0.612579814284125,9.7428895684871,0.765441336955267,29,53.0331749186888,2.433132788184,16.0074020302797,1.41637551121573
33.1733737518125,2.12167772534303,8.12873485459874,2.36181437611776,30,29.0484549247781,1.01930732622528,9.22594128094721,1.77274617775213
38.7146123250767,0.733689460339521,7.32181901474045,0.599752765509088,25,50.8463473994258,2.03597391988446,8.83229176706405,2.73394246439752
51.5220408002065,1.54787747356726,7.73299925133893,1.93816690472525,29,41.5224321916326,1.37826086746085,12.9060125479985,2.18711376986332
50.8168063736017,0.812825274379348,7.67944345255041,0.72178158569206,1,33.1189130753735,0.690403391805838,5.60450451286122,0.453237812899745
177.505152461995,0.799522788348743,3.89122755280947,0.424208526241521,15,63.9720195054109,0.945966901778436,13.1753955291469,0.886810397541512
31.4873380375217,2.82498286924209,10.2069136966637,2.26369634489719,13,61.7728928552647,0.944669402485976,6.77878387035584,0.968982057104203
99.4396080446766,0.609074631427859,3.55642556110267,0.433344848345156,27,80.2655767862438,0.547808111179818,5.09992366331374,0.555101038087117
56.8513147042624,0.692248357659294,11.8732542808504,0.991153459113518,1,41.4120032041497,0.853958232168104,9.06587891247189,0.783584370992719
128.629631890942,1.58636370963416,9.83263868063055,1.39542234906181,8,178.35717501881,2.46571820363653,9.56399761306843,2.09020688697641
106.95215077614,2.65136263376297,13.0444974412147,1.81161893865481,11,125.652405466504,0.892497065399097,9.88281611262204,0.720218735656667
97.3662613200819,0.943869232021661,3.18909606170429,0.368759110044247,19,30.434323032787,0.549399752294546,9.30287919609192,0.979358638635636
70.9158138000136,1.97020143409467,14.3242549133138,2.10385349637685,12,15.4936898575018,0.637596767266512,3.95931207519616,0.588706772355632
55.8134072852175,0.706984706603418,7.79453094742193,0.809525889396018,23,42.2912430366234,2.72567283555014,7.47879059254828,1.00433590950082
46.4014024998692,0.979047339314238,7.48841469235382,0.745970545136489,9,36.0034433352369,1.93790711907059,8.1108957363364,2.70263209146522
26.7277298539333,2.43396609948251,6.7875101966886,2.64372560029004,4,47.1021468360289,1.99269483346375,15.317073791232,1.63280448057286
136.458215365734,0.81285882567015,7.22887986767799,0.496331943704288,29,23.1665757539797,1.24719021645448,5.96789396406748,1.61543421736339
22.6478409463405,0.552506145305985,6.07461114917562,0.559964702695385,26,7.40254929002957,0.414362302972717,5.47410900311252,0.736811707878928
25.1647098513297,0.435420544586233,0.69495206048361,0.314856805162441,11,18.0026666022577,0.381700216452043,12.0825201379187,0.811719696820589
32.0020086528598,0.953978537204141,5.63281271651844,0.89435088463085,7,44.4222078990126,2.01809583207976,5.64697680541973,1.96270969170881
77.3325281462399,0.71203809855935,1.13697178364411,0.352812997977586,16,88.7865066900862,1.8066950340275,9.16161123216381,2.44130526601992
67.4845883811417,1.4508428824293,6.82939573217073,1.10389014888158,27,75.0458129452184,2.26162561813555,12.6246455087109,2.36046677874445
6.57571176115628,0.382890151210652,2.3418097456198,0.481927297000768,22,32.0065808751185,0.823085243625642,2.83343752201218,0.379291487250208
103.450381343704,0.576978952880932,9.6625857129906,0.721234976354743,7,35.639317334476,2.31339062381017,8.13362283234468,1.58134811476729
62.8442260871337,2.56767274390711,16.3413473198316,2.84094445989095,12,128.222292384751,1.03318192485533,9.49391116331703,1.20850400955429
19.9482854481963,0.488075074622428,6.20242027727302,0.821447225775642,26,80.2164950449096,2.1892584642046,11.0004317779215,1.71125123677217
88.346200361478,2.73282925711419,12.9538801869317,2.81191939124022,11,41.2954183866569,1.41919866997856,7.62916789054479,1.61796350673934
31.2117634187824,0.577939488458102,7.04800871109495,0.909121986733754,6,72.1621226901444,1.29775469400719,10.5345510910385,1.0831631027402
83.9194939650704,0.788525037611632,10.5169768640304,0.849728627090602,15,85.5389507261127,0.427077311833868,11.7400270587371,0.808785725840487
89.0229102366101,2.22033632223021,14.0172648846325,2.52585041720263,11,64.6392892048533,0.922536024281339,13.1229990773195,0.800643188698069
19.1741230974969,0.397911511552395,8.79241795743527,0.883095327757109,16,30.2385299832116,0.501495411747496,5.30246277172859,0.545073550038429
111.780445434981,1.40986540860242,16.579867645086,2.48098028489753,23,110.455113840261,0.802925728340753,10.6703206772909,0.791824268554787
89.5135900178562,2.61838237483617,6.12681549534932,1.91526115432047,13,50.553456702946,2.19944842750624,11.2281461097971,2.94181652983289
34.1782216089307,0.312288512446353,1.60606547598316,0.302004944015564,24,24.2629455937373,0.61698005665491,5.8165302025137,0.964230026597755
14.8677496760791,0.420272080149552,12.008854601324,0.910783133961092,10,31.0134998695301,0.793695784896863,5.05430938952016,0.794486869975045
44.6758289167666,2.77105944393672,12.6420977784571,2.57758282181474,18,34.7826304589445,0.810848094365862,5.17519296172145,0.54842947060251
6.25026468638295,0.37049004024865,3.07267926545716,0.427520462826825,11,52.8598363932744,1.67799313160947,8.20154464039727,1.04292385093702
35.2353785327914,1.36175759868384,8.80028578354058,2.73561469883245,17,17.0649424957398,0.751593646851133,5.56734432280755,0.79194649489875
28.5182964545571,1.05331418803792,8.24737069993379,2.77500254633725,26,51.820143209408,0.839435392719326,3.64172520805147,0.442551132389763
215.425054357795,1.66855513299199,14.1858459199953,2.84382123667106,2,32.7049888115945,0.968380168906497,2.71913667447278,0.445958742066199
39.3924414218905,0.90671505537616,1.11405009535848,0.321397116207953,23,42.4494439611855,2.48660479742632,12.7625844487873,2.61919008087491
195.015203561188,2.33461131007151,10.8146275680091,2.97371136925984,27,48.4123767564527,1.67565136524986,12.0259127863055,1.05504063753291
67.536596870024,1.35269000698875,13.0968362254799,1.17235287009037,10,48.4814839462308,1.25801933411788,11.2385832520792,1.56836468902031
41.01014279151,1.30254320810183,7.70119501284651,2.42914082329686,2,141.133334579847,0.804913061862397,8.33462475258544,0.639280861494162
23.2322240696173,0.371165471017409,1.56539209534594,0.391495182534228,23,26.2790940833482,0.344828110849821,9.24594401643208,0.709017072697713
88.6157211047886,1.06886021547813,5.86653388631352,2.82539978882017,15,49.1350734384633,2.22825949140081,15.0682087452016,2.93261153189086
13.4916401366744,0.364353228910227,5.85012361606679,0.570120513660776,15,8.24091245201631,0.456638498539546,5.09306658846119,0.758953775668873
33.2587415149223,0.42088506858918,5.80215071851482,0.514989662324706,21,19.6444830532144,1.99714159930903,6.33527770828215,1.90781748585074
46.1465241051309,0.510829156890121,11.4644621348651,0.831183445687105,8,35.8048869974552,0.700642682680815,11.7429091455475,0.785119210447844
10.532524578238,0.407049552392829,6.2095872362832,0.628090610615643,29,55.6420558540701,2.78092218888319,13.2821483705632,2.83247661016467
59.8445875324802,1.95587293961342,16.13804904415,2.34655738784449,10,46.0257306738693,2.79490251089709,14.9482402425678,2.05520218613242
117.088198553185,2.37188069393268,12.3733700609501,2.97028282450318,7,151.366170370037,2.37802176752379,15.6579967675661,1.69653518752946
71.0980592230661,2.49801027803386,6.57203240274237,2.97465851019753,16,154.49296782575,1.262944553993,14.4607807081251,2.89819891172211
74.7821815657986,0.81995456131323,2.81831195665329,0.447823707180228,10,40.6675893671512,0.856704658262416,9.57681909737382,0.710825317136213
30.5025661045324,0.576044156397668,5.13852305818273,0.720833187511703,19,82.5471631154744,0.53954916380724,1.4597927503278,0.316263354216613
27.343648422701,0.572055544801668,9.81673035951781,0.606929702850991,29,95.704971618424,2.86904202131457,15.2291228727741,1.71808818791577
43.6297314261355,2.5828367764575,9.04831130990491,2.67976516934661,29,27.8068547561575,0.848642935533174,4.89578666364853,0.599455327113193
96.3497251570912,2.90058954409769,13.5495239384036,1.88819078903298,12,37.1457812848121,0.626664544757686,10.7197936949111,0.677966429570865
194.49838542468,2.09604471743638,10.5491620037356,2.644461118666,11,45.1556019366054,1.24742894891324,5.86914222277675,1.49541568605889
85.1289266759431,0.897106059281368,5.70231064082639,0.821116297866524,22,99.2007996822681,1.88958399377559,16.8293330394517,1.8784903900304
292.418072619999,2.5699749203373,16.1892113667435,1.28303675100459,25,52.1635880695835,1.70900751264175,13.580802160635,2.96709849770487
35.2162093375689,0.369531241955199,4.89222454441223,0.492125234725882,7,61.7103085026697,1.45018701738621,13.9670677042006,1.2440186046091
8.74519814732958,0.38919587977216,7.75129262228073,0.742817595945221,26,87.5511846358982,2.51764601013702,14.9715245022237,1.53709413628465
57.038974945374,0.714441948353703,6.56697111136508,0.589279437925175,18,125.375905735085,2.99086267641167,14.1139476719522,1.33038577303344
23.141788613475,0.461364058558401,1.9213141343216,0.317761086191353,9,59.8858014640595,1.49391747086359,14.1004049300263,2.89233079056523
8.80122683153757,0.332632435025619,12.6797771684767,0.868591657596794,25,71.0993516048219,1.58728934704382,13.4044388214565,2.73354674789761
41.7694416181167,2.72792670995945,9.00699309270884,2.7874484912446,12,30.3582332929284,0.343988050247533,9.4317188080899,0.827462402080889
46.8826765024079,1.98887164899742,5.97624029834776,1.89915632551917,9,150.25361529759,0.892000152671698,9.98452662527756,0.755891945134583
41.8049736471443,0.923729105383527,6.1060164250935,0.49960509565824,15,73.6708495948494,0.790999154782642,12.6758797730962,0.840504873749505
27.6895084346471,0.722655382983203,4.8567746929994,0.476065853591215,16,101.512942204411,1.83000902561373,12.4974757738813,1.03888477064183
50.6506165215226,2.26131717614602,12.135147354124,1.43734938614859,22,12.1923943189903,0.411046027509269,10.2902377907797,0.928690903101603
38.9767749702563,0.763264414821736,8.0976723438624,0.563436763461688,11,259.355350680869,1.93098125101781,14.0621532746489,2.22980638906034
67.8241895652591,0.952528734568338,8.89421880546462,0.692289090737281,3,108.829471646685,1.81257467194096,13.9287626255833,2.8524960895647
33.9489972649541,1.33607324657705,9.54713679485672,1.81780172123,30,73.2016496681196,2.43606487359251,8.91186372386325,2.00359539678195
56.0501036088049,0.602730851570383,3.28880104270063,0.38983795773421,12,73.4675086441303,2.61465778073144,15.303891349445,1.82309140351146
81.4498271678761,2.62446409856204,15.0196745762882,2.41485274511908,4,42.7859944686948,0.519706363030697,2.43035835692032,0.362831094887387
60.5032426236261,1.32902011853087,14.4316798697608,1.48009331027796,10,119.259002095229,2.34047164223972,9.77169594996394,2.00981188263716
45.0649113509634,0.76884683381002,12.062956681374,0.872990067857954,27,50.8018556325978,0.692160259339689,4.19376520515509,0.44345658968176
31.8464464949598,1.49126464953348,8.00342327868412,1.74100966760199,20,24.4835863653875,0.799853767688849,7.45833066709362,0.780701899826805
33.051232646737,0.534519803514111,8.49372464985827,0.666006501898127,26,37.6196412151673,0.483042563570637,2.22556267291449,0.382440513020773
186.894605512604,1.52329837838965,13.3912900467633,1.68783053495977,23,43.3897228021974,0.936276846265884,7.67534182287042,0.740480237911997
34.6755015868638,0.918877984067008,4.23873086647125,0.635908849920342,15,146.548483407576,1.82424468550264,13.7849063335542,1.61722335786649
24.5803775267543,1.94996804295746,6.75562396553547,1.85668615839998,8,49.0870461321004,0.758935207339844,4.72090771864013,0.722697614273916
20.5201139458579,1.6685594065159,5.81429736230046,1.77886675202038,21,50.9705967862769,2.4473541816528,9.60782834493459,2.21815622684396
92.0501959824355,1.55443657240295,14.3965232517461,2.87909191133066,13,44.5164670285391,1.8035286575743,11.2605195650631,1.95248101180296
218.541919224724,2.200437475094,14.0005506872132,1.96775845361818,18,35.8492683781478,0.38561969249966,4.78979850031698,0.470401216424197
62.4284231595916,2.98659586416881,16.5611714120865,2.43613852460288,1,45.6909792273289,0.921945557734174,3.68444437873799,0.453556649982986
38.3089065746694,2.1786340547346,8.68580637128202,2.3595322001543,8,16.7949720045977,0.797317795087664,5.68033419017527,0.887441424953946
48.9855927594873,0.644201233708285,6.88945449419803,0.723662141400924,13,76.1991566740072,2.11227667946895,6.135918570047,1.94226908146589
2.96192186721349,0.322608476509195,1.37175356417478,0.380414300085135,4,64.1557585657518,0.597272254984888,4.66161293786203,0.489643663651128
11.2961517440566,0.420093708268078,5.24061845309504,0.790577712809738,26,50.2201093396132,0.888650885557802,6.18345351600796,0.514651199715612
77.5712587776622,2.32198100585623,11.7667441799512,1.73034781419793,30,84.2773556024886,1.65668283064141,13.9315710260618,1.30934275820784
152.711218036051,1.35058235113576,9.46096690021771,2.06189453387969,6,93.4588284543088,0.818848470843501,6.114025733884,0.836015434934587
72.4410883505621,1.34557484625946,16.1823029046739,2.20491004352801,14,192.490996552453,1.35333078639598,15.3474909886283,1.49913103998665
33.4594715529644,2.1363731716344,10.2072186270747,2.79974644440518,29,37.195829184997,1.40162257194488,12.3683433361243,1.72932821483855
13.7245185854969,0.605100686399614,4.73393136423098,0.784284661421777,28,25.4978018581217,1.10797748262605,8.52032640243946,2.82107910902748
54.287514036335,0.715757741242913,2.94079791045705,0.383131410560017,30,17.4895170297385,0.535143682553529,5.63756530343869,0.560307178028866
57.6677205034417,0.987544673170395,7.08848147331416,0.639200854115612,20,11.2851422588093,0.448907027431884,3.60571184148561,0.590663964749605
55.8222616584866,1.55627287107822,7.38516460994755,2.47546172454311,19,24.4109723232444,0.446252600723353,9.15799200301771,0.818028793631117
96.7009121696925,1.56445470512645,7.06357780407847,2.58441493551892,4,60.6497755783349,2.72122022970239,14.8449377820512,2.9366959571853
19.7249041627527,0.810743813404582,5.60395025309364,0.871993869846016,5,276.782224595128,1.91151194677809,14.6643725541549,1.69279958776785
21.3823974581575,0.460845757085546,10.1929510914976,0.734221127320189,8,14.3316044378812,0.32619236084214,7.66206152093442,0.587631021092489
47.2089150670218,2.0305074724127,13.8620718001501,1.64601446962744,27,80.8383774525834,1.86465449609232,14.8951243081663,2.19684679890123
63.789400441617,1.92132859349534,15.290955231071,1.74653773095889,4,26.920215685214,0.645582292582801,1.15021270301296,0.365563895377258
52.6479452700463,1.76399702480762,9.07557539930015,2.03637175512762,28,87.0954853486535,2.73726585442539,16.4357860868636,2.50708108312025
26.3117379131088,2.26635595321232,7.5015458156208,1.42167101805112,16,32.1318393998707,0.515592535835722,9.27792282403014,0.906259132437728
43.2641253029356,0.766004659868357,8.65387038292801,0.657625513355042,14,57.3387681916229,2.48071758553534,13.0417005232223,1.91204453327969
55.2205750040355,0.970094503229683,2.14310295910648,0.357195781633383,3,59.9587217867941,0.726147190547759,3.88313920819724,0.422557364184878
44.539802584865,0.676824613360624,2.48294917910884,0.338033203010591,4,49.6077740993899,0.359733635272802,10.8129497292055,0.771178731592624
7.21359130631525,0.312895050846451,8.34101572633596,0.655081786563506,23,34.1696111605415,0.642453474268414,4.94930112407643,0.433804645004326
136.683467479496,0.930377620827832,5.99392576520538,0.588721176548273,30,28.7122433426094,1.49981758009866,7.25277291474704,2.4727755939544
22.8563825266587,0.44675136825957,7.30429138382465,0.816527702357416,16,80.3660483910723,2.8159261743175,10.8107007680124,2.43470029732845
24.5997184696165,0.73726431587422,3.29377732371116,0.44377021609926,16,39.5191096022297,1.21351070660301,8.04760104449736,1.57664310631582
25.7748623970335,0.697545211622273,4.33946271862971,0.524471195128225,18,96.546819990436,2.1754222077504,15.9375906086836,2.87372944209101
23.4939840054931,0.981803177247176,4.65757111279723,0.642567466721633,23,28.2344367030827,1.86423186843237,8.36271042757776,2.40158640208072
119.734959862239,1.86951495833047,14.690817764968,2.42494184529867,5,24.9597253007415,2.11015413194603,8.13261763589872,2.461399254363
76.525118977112,0.845156122825397,11.9305177754205,0.833049992493232,10,30.3484400107466,0.660099982033311,9.59312017680817,0.851779545124698
11.6764470935062,0.46318438296514,4.94409168313281,0.888772436202094,11,17.7986903245569,1.20527696875809,6.18756188479956,1.89478671595224
84.8154799391967,2.10170560429692,11.2983442838297,2.1302183448837,16,64.6028003806759,2.249406639823,11.2693093371392,1.4577590475057
34.9583675364089,2.46371421105895,7.43942080510697,1.55247881637614,4,37.2546470815814,0.661664454049549,3.92503123509828,0.411210576673071
60.9462154610412,0.782869747412669,3.39446298316588,0.422774790248684,22,127.970917423145,1.59336733447881,13.5573117440898,1.00532158701626
56.6989235254634,1.42019028150741,11.742227557301,2.2719893674797,6,61.3887485052231,2.41196523439139,13.2737553207167,1.48496755717153
34.0606171175231,1.51970493163127,10.4223818238466,2.83870262120661,8,100.784432970154,0.635124772679092,6.89367234866051,0.513625526839343
35.9412510805437,0.715574416558403,7.1021506838311,0.52516890528846,24,112.077345384113,2.19445058229063,11.0590117081109,2.30796763880006
92.1023790046247,0.694417412119842,11.6349749387189,0.805029740057545,29,43.0495394300364,0.605120535569571,9.02247101007196,0.80797535920296
33.7666591075842,1.59203800301647,9.49838602644575,2.57135596827106,1,58.1470860214058,2.44371473818365,15.9959066578344,1.82178948020189
20.6699702759918,0.80675605738659,4.69426428672619,0.720504709044456,28,87.1017849805333,0.935396597762816,8.30520922531256,0.531585651807976
64.2407199026713,2.59502745566454,10.3387679311285,2.12066773978189,5,89.5419087846873,0.566981441113732,5.44895230904306,0.564870337970168
115.721043421412,2.88103860484084,11.6375415311507,1.80558039264303,1,110.191856683558,0.757303766146202,2.42200660514532,0.350621949077292
65.1558645732033,0.947152019617971,3.75170613121917,0.424887876975515,2,36.7290614189335,2.66883253576158,8.56706107414549,1.57924381285709
65.5989399103861,2.61230091618098,14.5351771946779,2.20998445161379,4,94.931789350531,0.637016783757106,6.55341982289386,0.875811466916265
30.4913764301415,0.893924202125748,2.65121370295149,0.476947643117007,21,204.998664588228,1.71793691955378,13.9698323217643,2.21695549578402
88.6090693207492,1.8741021006359,11.8809988325988,2.5924105903462,28,10.0168354163931,0.418922637417344,5.97766622140723,0.605271346327046
28.5272005762822,0.959292865214825,5.4445315179383,0.616353058628218,23,85.9835919154104,0.968304246820058,4.62124101084465,0.617617244076383
48.4223795222929,0.697523602057622,4.27880346745264,0.661576798227417,23,6.98450156230028,0.351719010164071,6.78431586634783,0.957289618899194
110.567670495499,2.14871641725975,13.0125857152773,1.42838841554498,24,36.5769715483579,0.653794386552833,1.14817794777973,0.300972474557316
21.0629319738204,0.308648406802923,6.99608570186753,0.675667974894492,26,61.2514834327334,0.621215806079273,1.60027906733758,0.322660589688918
30.9847765545009,1.04079407518567,5.69498919484392,2.65353908056326,6,16.3049503673626,0.35314241712047,9.36466487957729,0.8221267842446
50.5523419852918,2.1684160384088,11.1367605229979,2.76021436122144,1,61.6222921857784,1.36357860467176,15.2943431513876,2.32302602622561
71.0024322636963,2.99037175683918,15.4749498166079,2.01229753314632,24,153.114052907596,1.49410313695798,8.99183285876444,1.95996082566455
92.0560608713293,1.29568315283336,13.8080596768551,2.92259313941205,17,62.4939466477075,2.67034788163,16.1952647451297,1.89360967683368
267.801745126558,2.92143887151174,15.2186764223646,2.35036245967948,30,105.039088165303,0.876218402287272,6.79942946067545,0.683190975734297
78.326623908353,1.45695079191402,13.8435909359446,1.0220742834449,23,39.088185922259,1.64379487178872,11.4227725968282,1.39926806414277
57.6013297162993,2.82062397020944,9.38998470168108,1.6258484731301,8,16.0730306234483,0.335221788098417,11.7229112244372,0.787681783986774
14.2857951736582,0.683615143774191,5.40370079187653,0.959902597763264,1,67.2454466626923,0.523987844680249,11.6343521781642,0.891555187342346
3.05477966798938,0.326649208675745,3.13804517027378,0.54372310367411,5,23.7272462902003,1.3569004763767,7.82367585536419,1.56066708805433
111.200001532021,2.90307807994089,13.4585493998812,2.05014166361691,12,76.4212702175115,2.90543260363785,12.939097609179,2.95703084756282
69.6900042088333,2.46063669056098,8.23232322198947,2.35540680807056,7,19.7572982235238,0.447352467915901,3.14197915873989,0.511101157455698
27.991994311729,0.49485736119117,4.21771719008267,0.700333462435136,12,10.9659839292754,0.33203493933919,11.9924474541698,0.742259212496878
48.275050006818,0.732381835182919,12.7014994562651,0.810950657636168,26,65.6584650110571,1.38526277803043,16.6995191985024,2.1056376245532
127.268827860674,2.56174158733902,14.743951802326,1.03719828097815,23,41.4122989513918,0.609834347889091,4.11290002249667,0.702769117014954
87.7621434102019,2.87322720856183,13.685104070314,1.87295559076826,3,43.1069951497224,2.42537957476884,9.33623415896532,2.97896608059251
26.7457417343457,1.3357417412228,7.0012229392328,1.80074409181865,3,186.099425867355,1.61884462233697,12.539095260977,1.28029205396407
98.6672873468043,2.50609824599242,12.756262981493,1.7607065020379,20,76.5973205034829,2.75922320329889,12.565101845601,1.67492963525088
50.1180145482401,1.41161230037565,15.6692965383358,1.98567682305629,23,30.1928649883721,0.910171133399827,7.42354572457203,0.874524871753699
61.8870670066399,0.878742082425836,3.87920497621066,0.68370087856299,20,46.169948534693,1.54767093021451,7.9321181484736,2.25754440960909
23.0347287346002,0.668216833197725,2.84837820955721,0.437302064280679,2,14.6792154403291,0.454794478240614,6.76530910606179,0.71637629532789
24.519515205285,0.664246649964785,7.37964333776169,0.705938141810382,11,28.0147943063676,2.76566314269713,7.36768373569052,2.63256691124584
142.88051420841,1.61002090341776,13.1607448017566,2.98901196282438,14,28.7899499997895,0.563196749773005,3.7012221705677,0.38449667790302
62.9811593350469,1.48787986855789,8.93612998829514,1.81261309359014,12,110.919453049945,0.976299871445352,7.78983179602049,0.952911529550636
25.6387898545637,0.552384965550339,4.98592693988019,0.75186053766,22,24.1683159519629,2.11128917003625,6.74977063089648,1.92249750817767
44.505229370615,0.924906039746037,8.57069195585892,0.785483172154405,30,49.9749630312318,1.44514068532985,7.2017222708739,2.49296624946658
31.9209401792974,0.815976204242848,2.83236967238146,0.499310939004689,24,25.4509706608094,0.615788539325694,11.5769999280233,0.98830001673631
120.1840697186,2.97751241584482,12.307593051597,1.827127699365,20,27.9574038019328,0.571102554951581,12.1734516163208,0.851208523176546
17.7424100668466,0.486479302575407,9.60661364774966,0.796996669108354,2,106.479326259221,2.43883067802176,8.06055687220547,2.81813343517187
122.537440085285,1.84950364693757,14.143394389554,2.40473781823592,17,147.111958214146,1.60561433787536,11.6164961746691,2.91650866430859
58.085141692633,0.717558193824957,5.73241740005213,0.861819088125951,9,48.7472121760332,1.18618303665756,15.1907249423283,1.36793129684871
52.412658146702,2.16974925876606,15.6156510864757,1.18908876739868,10,72.6283686795162,1.69568789570367,10.6369141506848,1.39483159265021
71.085593776236,1.42956489084515,16.5155170847839,2.63917079016305,14,17.7701155757048,0.420919649502661,5.99115351024677,0.666402209667801
68.5737002899831,2.77810064651351,7.76651173753234,1.50701609308089,19,150.416043795491,1.16486173918281,12.9332999000822,1.8875696231531
51.121691878766,1.93269275031907,11.568813543811,2.06329320024096,26,25.6702582651424,0.441156593313674,13.713793870644,0.850308797954413
48.3856116730912,2.93438481187366,7.72121650191484,1.19483906100529,16,72.8097313472535,0.925987506050861,4.73599120053132,0.421774402823535
36.2339203315359,0.602470589395925,1.45065486476142,0.303242159434734,29,49.4938450354776,0.95966225732377,3.66003162863553,0.554094957010312
29.9664997862959,0.800693293325911,2.85591676320348,0.417547403074943,29,37.9426138108584,0.841032172461998,6.5266848566743,0.502499553739847
68.3614773953018,1.97382617239297,9.0719844894389,2.25845571811949,15,237.408054278051,2.67843152285589,15.0591500207619,2.94586975033352
54.7523909874673,0.832937141454955,1.1170862898674,0.324505990574239,23,26.1085427564818,2.78642792771356,5.79556263748756,2.40007928541931
35.5591860278655,0.460043799593596,7.30364020498082,0.745092387429523,19,70.9537435556738,2.37376373476178,15.8112118105087,2.15887512179091
113.69315196813,1.99934179769616,11.3284913414411,2.65532172801109,19,7.3284111758162,0.317343542205811,11.3518112246514,0.812552786698168
71.1663318772117,1.92678311526426,10.8544917172361,1.36168804251856,21,22.5317318356438,0.553931923440629,4.35999446113214,0.711444728288462
43.2620975073216,2.59363621710028,12.3210375460452,1.27683493980365,6,87.6839681068409,0.902630034873105,3.52097941031225,0.517592092091731
77.6721511888457,2.33478173259551,11.2642122452587,2.34710367027426,10,38.7723088679043,2.28079033980663,12.0855470821816,1.69282790348165
148.190158580302,1.43992824943795,14.6682399561003,2.09702681010217,20,29.827534057646,0.554572234471702,14.090801739138,0.972696421170807
23.5570521487097,1.46309323939276,6.32970966081923,2.95222130430842,10,105.00860847483,1.62463733556707,13.2146248679209,1.34844228433618
26.4305695312823,0.796930913589939,5.49330488632869,0.615348377370601,21,89.8455626390801,1.58967642693735,14.3843336692962,2.26296869938488
77.461453115625,2.05614447196466,16.57915054202,2.51184602036976,24,30.5988785156734,1.66944165071936,10.1431743414861,1.63023346116482
64.168476557487,2.3294563733245,6.70344855970532,2.26831516350119,14,30.6460965878341,1.57394600969378,5.74977042635073,1.29321395064124
37.2932178706617,2.08229985548523,11.5509251148315,2.37298927023899,29,32.030312763063,2.82085902098818,9.81580505233708,2.78101320170679
65.2342961845672,0.574998348944701,1.14660467992294,0.301896055441098,3,27.690862683503,0.599394490085076,9.60900360471139,0.652769736539807
52.439064459326,2.10531311365366,8.82134073834567,1.63909783853127,24,30.9051216609267,0.850360939524546,9.29785744773039,0.937282566937969
15.4639106820962,0.494813553179692,6.32559424235505,0.906299846670626,20,40.8798639012007,1.53986015596665,10.317654577327,2.43771193499381
20.8694238561947,0.605388732992001,1.36782004186927,0.345783226584391,3,69.3140129302752,1.80375028113125,10.2587957230506,1.0765716982419
62.3965329676546,0.901584750849432,2.13699647403181,0.418217830431865,18,115.981905486649,1.96120348477308,9.68172998179742,1.21999494788124
77.0674605565003,2.08766392982511,7.5648513046488,1.0399820469724,18,28.9327731628483,0.729815321216492,2.55857573248812,0.444286579372706
31.3902955612142,0.665452370685897,4.2775865394344,0.423443307162349,27,21.5811954650116,0.736659909204045,5.82460604609549,0.620164276081961
7.52841209191133,0.354537659672818,5.12526050959798,0.643620476814496,1,80.4035564327588,1.25665875976656,5.81332833259447,1.5838293527593
34.3938063116518,0.910600168931622,7.01641362100355,0.845773117813831,9,107.447989290907,2.31254042191053,6.76410679543453,2.94105424886873
46.9819866550882,1.2085730561334,5.42664560162588,1.06730399144686,10,33.9699292052493,0.998544608683385,2.57417366053124,0.411523779839657
4.22420822744398,0.362595008578606,5.77670245300827,0.862175216909327,21,39.9199843077197,0.641820404177058,5.69505401727223,0.463816540075192
19.1486078449481,0.761875233172339,2.12150263072971,0.431025322061368,3,69.4270567722309,2.14653908234418,16.329095092967,2.99058439149188
30.1225111666571,1.03425651090076,10.1541023997691,1.25998042265514,17,35.2070895430754,0.908566099083261,4.4235117141252,0.449359788772761
129.037888506545,1.78924469579778,12.933528781665,1.58682973626069,17,35.6417837935111,0.576604568131369,3.66187079582615,0.390186338449597
205.300048996907,0.696493105953659,12.2681287098667,0.735549607412624,11,58.0992404577929,2.57198140547997,9.24129277845479,1.72246138332989
71.4696243738573,0.53971788864757,11.7711566586548,0.748340083314836,12,43.2923039736431,0.438666270521887,9.83665877179173,0.960945719429565
13.9279441471169,0.363498415560127,2.07345215780955,0.382441962256607,12,37.3321208965183,2.81567144373305,10.8770519070096,2.28597405563645
35.6303682909537,0.877248487704628,11.1785759381489,0.819569366118882,19,7.90841813463361,0.368450827925378,6.80143409166677,0.59777523696173
39.886029825039,2.1225992615579,5.6031736179333,1.28588365352668,20,22.8575657841299,0.511138513968731,4.09735097090143,0.391841285147107
39.2403882052005,2.71571425390025,10.8280876394727,2.40656632355909,29,45.2285917523448,0.881935702484824,5.50334518072476,0.599544838750671
7.7605101792071,0.376858649670273,9.83625645919603,0.95709818097419,8,68.9635387517595,2.65133176253041,7.52677565955817,2.31797593828382
96.7722769748463,0.565504378068096,11.481327843634,0.968979404774026,26,34.4051729577536,1.16978356145804,6.39112486646727,1.87965686109524
111.104742410538,2.45646271398672,11.8319115513583,2.85793979174222,8,52.0431413483267,0.768244719919057,1.08481138198103,0.332272639740906
45.3559728847281,2.94634673661485,8.66093427814653,2.06536485319453,15,65.0110971412922,2.99420192773737,8.5612050426589,2.29571184625728
110.991332623095,2.53524516819066,12.363214874747,2.82630977370876,11,104.682467342484,2.15271064403686,14.0046842253043,2.13483270753436
105.210552173584,1.25707424282397,15.387877201673,2.203136273378,19,16.5683707138951,0.343090421915031,11.673017689699,0.953889594753302
25.6418082469665,1.29780217354831,5.8818617961983,2.43357286692324,30,80.0769562425142,1.49339304655703,9.72571488293777,1.19424934785562
96.4437643986509,0.536385022532976,8.81613565540085,0.930781752643622,16,24.7425094803297,1.62937479290615,7.28937959060905,2.28589307571677
118.40256170663,2.90490902484169,16.0877479280046,2.85978096616311,1,24.3012593972392,0.945563367101997,0.856122016129654,0.316796654562286
27.7088992944046,1.73110037879259,7.39725428954457,1.75028532822234,17,39.9053068937919,0.647880018144142,2.80502355555333,0.482892313125375
55.0768733945176,1.06334328657255,14.7364742241742,1.38476727679096,6,36.2366763414559,2.37602019141114,10.2415290068863,1.05670805888795
44.1446332289868,1.43002372699386,13.4867705637507,1.24660689301318,30,22.332611107246,0.477675174725364,3.44829782763901,0.445495709879952
12.2096800366022,0.415565745347792,2.76455657304154,0.412383912970503,6,33.1437874625678,0.750385515000395,8.65887494241069,0.927043922513643
49.2864059841966,1.66335074396026,6.53555702952773,2.60320444088073,22,22.2694671955811,0.387559821083049,7.65451118073276,0.528924802902298
15.1619254212954,0.519529270263909,6.19854450424616,0.878074389896973,5,61.9128294456317,2.70073326269296,6.27496988982012,1.65326556908985
49.0345786376619,0.718454568150692,6.43693863781072,0.507904805544274,25,36.396257108041,0.417922147900636,11.3709272674141,0.967295814481866
101.047303137593,1.37189519040396,14.2248141394742,1.2407603616681,9,41.9710741829211,0.693331880157112,8.46638726763386,0.53866931532273
43.4201713534417,1.91121860107304,9.22356370911012,1.49496704462494,4,43.7347037313325,0.977832664950202,11.5754733727725,0.841862662297732
39.8610168988483,2.35412588930546,10.9604845926365,2.70383463174936,21,82.6730909681722,1.16612670644973,6.29085980631135,1.37558348187891
23.4517669510973,0.48461102381776,6.12287989605198,0.540618791470028,17,26.3330930844807,1.18363286684842,8.53194972780583,2.82202684624319
35.7561935794878,0.497200818261087,9.13960231896403,0.79101105319772,12,56.4795735407276,0.851823922326409,8.33801824730904,0.947587217029394
41.5536951036339,0.979745699190659,4.49785445282379,0.41644331870739,2,116.935742503777,2.55433178262531,10.6983907155249,2.8628260331887
28.2403791258803,0.351273776038777,8.64334721792046,0.721199252035476,10,138.310953665773,1.94015077769365,15.8238875438475,2.62260706762532
42.8267815409781,1.66057545263741,9.08676225331023,1.84537828945077,30,132.654557616488,2.24808845395253,14.2800208618008,2.8657383015009
134.786276759438,1.88691817554937,12.0190255651377,1.37020328725514,30,26.9989808434715,0.490669412038062,1.01514757609533,0.314219908690071
37.5522859471262,2.77730073106559,8.55117677854252,2.55593285139609,19,55.8166958330164,0.689925712139294,4.77178212832541,0.516582183905774
117.089981414268,1.46709419179935,9.2843979230909,1.05306729340939,16,75.1796756099188,1.04677363426848,13.2843889440461,2.13610453010558
109.349952903437,2.87477212505981,8.32315523693892,1.26999505906441,5,8.97270709391896,0.338790316563418,4.31645033534075,0.531808262741918
122.30650861382,0.782277508228544,10.6480533674319,0.643917567639761,5,78.6128989632414,0.90620719891983,11.6691131556035,0.773308400823121
167.262738518612,2.23147237457192,10.164977084564,1.00607351246686,24,31.6400754921449,0.834289994144737,6.59524933987033,0.700874971649847
15.4170991240526,0.67312427020392,3.97189597155598,0.555127304998986,25,22.8145982207279,0.876469325262927,3.66447099765519,0.613325973139619
46.9288182148302,2.3288673401149,6.69279726398634,2.46540210028127,7,38.1649284934812,0.407055594528569,4.33400126674436,0.427440522500315
7.40113579954243,0.331005212273171,1.46723298577087,0.30091798947493,16,18.9188740206085,2.2178503719165,5.68822853830938,2.55775251478791
14.8396310037474,0.660008515878235,3.93008593719446,0.694332058944375,6,26.005392163914,2.29651888811929,7.50455907183114,1.7110328910327
15.2850612610887,0.36676646977742,4.96887425914617,0.556327726526083,29,13.963571569522,0.301255309409496,11.1468321691412,0.68543227604411
72.1295684484437,2.14092325246481,12.3831286167417,2.74831797809281,5,65.7106010303224,1.40332454879033,5.42169511785733,1.2887691753342
47.8948959149469,0.895136515099516,2.11654136956098,0.380665355314664,26,75.9724723039466,0.848939155979228,9.78672237373378,0.611843481249517
70.6425524312736,1.20318033503655,6.66390463411224,2.60261232660177,19,59.911264943628,0.663333787001992,8.9496684783673,0.893662749668893
39.3761931615838,1.43914584712944,10.759794517622,2.11335517508159,9,27.311194303084,0.547682947553087,13.740263818995,0.911193488279961
88.7450563473175,1.81310115931018,12.468584191839,2.95256420500496,22,20.2575700180602,0.403406090750455,5.4754172488892,0.447759263602297
47.1379493691615,0.709151847656978,10.7213242605513,0.664207434135663,16,25.7604995797619,2.72612181299182,5.93539086075922,1.58025108473081
52.2896442924542,0.55153780324841,2.36689829011373,0.366957308819696,12,45.3512848776517,0.878819887930047,8.68126012803381,0.766346358719073
67.7093389271839,2.3502811837689,11.9284892535578,1.81067136643939,2,22.2864705109578,0.603975272509891,4.19901248873512,0.535446923567231
32.2039831075302,0.658340541882673,5.38758171799679,0.504823285673668,10,30.9359559188502,2.38947285077073,7.32934696780343,2.54495342375304
37.0927952571199,0.357479098009466,10.5815043841122,0.725967388729752,24,49.9148018409274,0.643258529397913,6.82830512833173,0.791226016343748
55.7492560471402,0.925170437226758,10.750781524216,0.688694745103845,22,59.811462045986,2.95489381981947,14.059531384157,2.80580991321707
60.1817256257747,2.50722099193219,8.26855886489117,1.38428670132734,14,80.9309182587259,0.854055918923663,8.88883389191941,0.872451370725201
73.7633779875627,2.80906066133309,9.34749693187201,1.41738464614149,18,129.102974825007,2.77397613762443,16.7148884692362,1.70556491955528
57.1679332315455,0.429634572387635,7.73476847285791,0.605477689123624,17,36.580495762421,1.17783336878031,8.33772327226774,2.80703354859679
35.0626347303022,0.770216757961664,2.37076254962916,0.338237880872613,4,135.376999658736,1.83055979613835,10.7593711938346,2.841572457903
183.537120745603,1.10645065565599,15.6666834952605,1.92162384527661,5,55.8799171221686,2.66867892366695,5.82275059961142,2.82581417967911
47.4307740916469,0.896851252385273,3.53787634250365,0.572625323003447,1,29.439043063207,2.38332184042921,8.74901025697541,1.23526934564093
44.4237295065937,1.76493192301852,7.55822085643032,2.19278562977234,4,18.7929203915989,0.889440003415685,0.627970212044096,0.300559797445312
98.3988990954909,1.77724947039186,8.45401410457285,2.05259204303975,3,28.8317462775273,0.688219503845199,6.0631281544238,0.998857025243149
34.1648363052411,2.35984055588983,9.78074854310167,2.53142421896667,25,119.08548126292,2.32923495571529,16.5852658265283,1.51339911002095
61.4407311277064,0.73799360544309,2.48851715512318,0.406351776271505,9,19.9711956298308,0.585963543040111,5.01418227114537,0.97280123808433
69.214035618315,0.867093607307591,3.04312041742677,0.38599074603255,16,98.9841643775191,1.7414837565786,13.0614095300882,2.95143527604127
46.8023853312681,1.28513185824875,15.5221278705116,2.90339581237366,14,42.7855249667974,2.69230799456309,10.9389644600379,1.66027994193378
96.4797865634584,1.41971289430548,12.6749510600097,2.8221658132744,18,53.3503829157256,0.395730903584522,7.98558727000709,0.520446075678255
40.076813595249,0.961388467742117,4.92749721997382,0.462388897779311,15,178.589389332926,2.14664079320949,15.3115195066315,1.67837508197471
199.174176750607,2.8999096932417,11.5196002835456,1.46317038556573,22,28.8009785068,2.36763387312439,5.80404589027291,1.73304019282137
16.3558982529999,0.344744812693876,5.11326233077615,0.474195251414071,30,45.656870924525,2.56216063884307,12.6475489321829,2.3170160438309
49.462351425927,1.06942625677508,5.97010922596928,2.23320636638101,27,54.9955897961331,0.874119718427053,2.22864066801816,0.326650287696261
15.8283846861749,0.363870244476104,9.97919710801989,0.828908241750655,14,27.7503163823248,0.582253859909973,12.2861151132388,0.882760588362343
43.6616358891012,0.380335531669693,5.57205552937868,0.546706270667985,18,92.4142897870832,1.72819914075224,12.1557691290855,1.96248673159948
83.6509765139782,1.04450607284525,16.5520629477128,2.46866452549891,8,6.43574954071063,0.321441799591069,14.0711941365363,0.930157498578552
60.8365136169261,1.37226511028585,11.8739746279913,2.80444410526458,26,114.274175561165,1.36451007334188,7.39332174958824,1.19730293110686
87.6250568275186,0.8916864304698,11.6716666662116,0.899463340447879,24,83.3776759575012,1.94126482590365,11.125909417287,1.70253271086107
50.4315510651115,1.41110763002051,6.58382892916893,1.52140883297915,26,48.3722139707759,2.40542001812864,13.4228632483036,1.17842343166758
105.293067391812,2.31309220084838,5.66765242762147,1.35685861136139,26,49.6624306048227,0.922881925160593,5.13255268167919,0.71044095011986
127.914063604527,1.99848999860292,15.604375920681,2.33238141574788,19,143.523008231335,2.20321392310993,11.4117491459774,2.52026299260533
4.40075482696541,0.341266310290876,4.26821051006047,0.682041481913352,26,84.7967219658499,0.708409080939806,11.2470715373664,0.666309342764635
5.56932459992707,0.307582635476445,10.7337404196924,0.839225417246749,2,10.0664497694253,0.455732485387613,7.18869630679918,0.949341841892284
186.65200017089,2.58946400735258,13.4600898535986,1.35265030598078,27,61.2245625420352,0.914518349770943,2.33281928056269,0.346368190420311
8.4194318293594,0.3674258177357,6.03747174349668,0.98679054367333,16,160.607467235659,1.66079375092704,9.14926839488431,2.7078998942646
11.8177939330995,0.494973975158626,4.06528074890911,0.5929262169802,19,14.0229322641304,0.526646300406085,6.32013970595925,0.848372438973498
79.7630252878998,1.22955092712709,8.37274577770483,2.78560300356937,18,71.5261820264141,0.573246531551554,2.07741172682772,0.320450056888831
55.8991641447226,2.53090589745887,10.317590453628,2.35555029617326,30,14.7193742628262,0.391515939937466,8.18390645683708,0.730831799365873
11.2789342725966,0.498926672409375,3.57105105482468,0.579841807502188,10,89.9327932394065,0.558213546397083,4.25407662379789,0.444561713519885
50.7866513336335,2.37556633287458,6.95913320769685,2.18138816892415,12,26.8767089705616,0.564626912931298,5.12798972623763,0.776165110026143
13.4105083958694,0.521861370307905,5.28171401717784,0.800850274613167,22,117.740360660367,1.37610079823671,8.71614087960545,1.25290026537124
47.0855694842722,0.452304461582566,4.1438842497869,0.547694576301806,7,55.1718625310197,2.05890680550936,14.9065960870278,2.84659743086179
30.1845259383395,0.743626211679499,4.17193038468539,0.473923394882035,2,117.333604461386,0.806601718890081,5.9209728749311,0.463014631940987
49.6493071173753,2.67229012285351,6.19182221776721,1.96025545512191,19,32.5647531620914,0.869733126821764,9.00083877644792,0.808143787617509
22.1348409911252,0.542316317618468,3.72653126351398,0.422437194750758,29,60.5411347227263,2.45591108008271,8.93248992002049,2.69079419439476
35.4592919215044,2.8532122488145,11.3010532086487,1.30967352747902,30,48.2884945297982,0.73384784813358,8.61366000095407,0.946670057612003
90.1445327098884,2.47257568874326,5.69879587136124,1.60272506812021,9,81.1820550590647,1.59695216917835,14.3805333638861,2.17747286250956
31.3629640726553,1.2945804748521,9.67208136322019,2.61625656598,11,152.19153656723,2.92349430239027,13.6336639278753,2.6291948817135
58.3852916116068,2.01347693111098,9.0793867349244,2.549894914009,5,59.1772560253986,1.0009690608871,8.90086015727589,1.74310478943236
75.9801016004537,1.30562779643411,12.5588236254489,2.94625053654611,13,23.460248259415,0.640956574106587,2.95637174811899,0.478966120538665
90.6866450810851,0.588197135340415,3.0688493944654,0.396165353457841,23,3.96398659051657,0.306027802249048,5.84531236165584,0.784683606997688
15.0422203179266,0.62241050214202,4.33470076626041,0.613983540077864,28,59.8478365967832,1.97704093362315,6.05723221112125,2.10027071516271
27.6327669015439,0.596306882955282,12.293343228729,0.824862426207212,20,27.5923079714076,0.757182563040544,8.21431726582211,0.745160938311285
58.0187376953926,0.888918420307615,8.20645728631041,0.680595821230729,18,41.7257652410648,0.623972782108608,4.87979613616115,0.424246242928091
101.194648787477,2.71856831145106,7.01703728547298,1.13791443007583,9,40.6876680554493,0.527102917109658,3.23782694133827,0.445686646864454
71.7394465176179,1.50158778622045,6.16444058058282,1.7359986382874,12,23.9611775956432,0.398083967960193,8.38089520538904,0.904408764918672
75.4425906208355,0.604667061066242,3.07564238601234,0.371300282164583,14,7.68979003937209,0.317810933574528,6.19386720948323,0.743604795914718
11.1145735403361,0.353164773735524,5.99645955965696,0.489013298897942,18,81.1527662437605,2.83963776871891,14.0900131722418,2.76247246618367
138.819637773172,1.92742255783839,9.9849198482593,1.33944078910147,1,91.8016136156966,2.35053373149549,11.0752876384129,1.33168466757247
31.0821219131353,1.48142691157082,9.55411546883099,1.72130614725369,28,52.1142552439869,1.49538801806598,5.82438749446931,1.87158889698189
121.544090585962,0.924677989859589,6.14915438075583,0.500790737505112,10,290.836569559254,1.62252890306256,16.6970565856768,2.7310552787669
74.852463943126,0.599887376378503,7.87699947205256,0.942066571422702,16,61.1681154055074,1.18844708432443,13.2646157678426,1.2627804314522
25.4056927586017,1.18026277463576,6.72497789964482,1.26449923163458,13,24.9321596884799,0.702293882752147,2.24105662628597,0.389085122090036
93.4304313133314,2.757525792404,12.1067514845464,1.41705006014285,22,41.0602965148629,0.447959568355139,5.33274882366531,0.525212116479677
31.2284429265461,2.72736799874726,7.88318669438635,1.00520166277387,9,73.4223953099506,1.15966033169114,14.1595552878178,1.89306088535523
14.5210414962841,0.565967627689964,4.75809417739337,0.844528621310699,15,29.4923199454703,2.7445735823689,6.18850935055338,1.02971996997213
3.64700283367618,0.333918325345565,1.32375491392039,0.354570763975219,1,28.978502795864,0.545697209769607,10.7848005395541,0.907824523042363
106.982173382432,1.33967176103117,10.2643242633377,2.89173684094582,19,156.258275511233,1.7728688786131,13.2775110420484,2.13676879041647
117.555938053078,1.32187663472719,16.8526483193136,2.1265559936339,3,38.1181545047811,1.33046832071523,9.24029728694233,1.28638316287916
15.4645197605147,0.557146044125741,5.73571749952606,0.652495715297157,6,19.7466063269322,0.456155101574884,4.53564354921742,0.483905997511537
119.429079279907,0.849357440696144,4.72841670721158,0.436688298536336,6,23.3040659248507,0.720589188712209,7.40415512102718,0.897007331041209
46.3400952465503,2.58648597918563,15.071802352766,1.85628152306091,27,86.5758385913442,2.71256055077141,14.5184784131612,1.77221738059264
2.53279939920982,0.315147152491885,2.35020917256241,0.443168269625075,18,30.6498518708367,0.398299831305473,1.64043593410363,0.362495581062478
24.9284054562996,2.60277048710197,8.06623346379782,2.83828058864432,17,31.2849977156736,0.447663504229326,9.30394854781442,0.899535753780883
97.9705637411329,2.2631064097837,8.6651462030926,1.53669399910378,16,32.1146568548892,0.507141081835297,10.6839216606631,0.723595918914354
83.8667892111783,0.916880796282156,5.14981004545312,0.832925195063677,18,38.7824804521135,0.861457487529491,2.40257506951242,0.35567087797426
53.9854577579726,1.32342510787504,11.2535277788164,1.3472256270795,23,102.618338356034,1.49541211642872,11.084902129843,2.8938839334889
70.1427233899083,1.93620230259514,14.1215697899806,2.74924778843813,21,44.2818321888931,2.91405142027179,8.1776680700187,1.71475679662354
111.581029635645,0.906326606108568,10.9783561416278,0.908873570913158,26,26.3905604464749,0.791104897903901,2.22008268987416,0.376635437153944
26.2680842179426,2.53997019876146,7.20609070460747,1.94759920624212,20,57.4876437615716,0.804118490208186,3.59574839065758,0.399432550184388
19.2730680272781,0.684242281605103,4.23874253334833,0.564397589860822,29,51.6883947538439,1.4881514007318,11.706570608715,2.41545125201132
31.1340131869029,0.735137011471858,8.65058803848312,0.889430459692082,10,131.258739780424,0.597531159992856,11.4073579340867,0.739365619893337
27.6312611212167,0.418498708969466,2.60781808007348,0.457180205104019,28,144.89856880258,0.915087716077661,12.2294163799024,0.803035415311014
24.8855447302351,0.804263695839008,7.21615312004335,0.697664327358837,5,38.2124432378471,0.970906089749812,5.87444177210025,0.540027152586274
74.8292055095235,0.689114519145036,12.1683877048909,0.78780029733566,21,125.271013746091,2.63244053323856,13.6716924769178,1.35061694768392
42.5053942659495,2.48989217369172,11.3515996830859,2.11613731173291,30,93.9804024732415,0.72088651214779,14.2950522947018,0.951554467075822
6.47310172880528,0.382154881822467,2.78275957184163,0.491352518617243,5,7.92421749385472,0.324618316638181,1.63620897037507,0.303650237952091
35.5453406234139,2.75679674623634,9.81207242450179,1.56085508845709,2,46.1657500531916,2.06138822831952,11.0342925967129,1.66867960297296
42.5053301379975,0.969127481114784,12.1388204419083,0.813638613991964,27,21.5470705755586,1.90902876620772,7.08201091991148,2.85432927830776
34.3140862086423,0.490811455727206,4.82591789520262,0.880426153700357,29,75.5689842106424,1.19870765394521,16.8738836639885,2.17644638288332
77.8562775437808,1.7236463486504,14.1007323053163,2.21066179217373,18,26.4994930147289,2.0270578769816,7.04363556242318,1.69224599737845
35.0103593194898,2.73915270974913,8.09891013865694,1.61748860831055,11,68.6067781553787,0.890473079114262,7.44233300612541,0.710394856929189
46.9931814648264,0.497458957398227,2.63275185424685,0.342469222646637,30,33.7360201619341,0.642753297498313,0.740875549069254,0.322523946110382
49.9995103848205,2.693868073506,7.99168487722066,1.76962067494445,20,52.9947065847721,0.737111022623599,9.22966945574879,0.785801103164131
82.3795341272674,0.640974388506196,13.9748687445801,0.980551433646499,4,60.5788270955562,1.46714547801075,16.7572052540624,2.60270998890755
75.4488589931541,2.12250965477206,6.97252816162114,2.14507499936807,9,33.7688493176286,0.541921209358758,2.66060476670622,0.437712658248716
74.7158851097222,0.491941413953007,6.29633866422082,0.593991078266859,25,87.2595139315438,1.90896842017915,14.0204710024868,2.82615392537777
59.7030106358695,1.50378097043278,7.79227185721431,1.59503973503313,4,96.3023278091391,1.45457183567658,7.67892048762206,1.70331453263595
121.809252185223,0.806209293269843,9.31635844905697,0.848141525045584,15,193.700127252951,1.65004967930473,14.6583743404826,1.3466661863385
11.3236173822,0.31740593245494,11.6555935902996,0.951841926008655,18,29.6964946705538,2.85014092826915,7.50148198193502,2.87913771155803
86.8774446975862,0.937478826404988,9.15487777832553,0.701728263585912,7,95.9950423919196,1.11187419202859,12.529601573788,1.6030206224997
102.50054857727,2.47124452606916,16.3413683056909,1.52512553688943,16,28.2759261725027,0.770856207971845,3.27245136541239,0.493092622022622
186.011571036547,0.987885705156847,5.74565872492201,0.481282418881328,10,234.067461401696,0.744202552485299,11.9220700750482,0.704839912897738
37.3726867598105,0.846447976874487,4.50810376882485,0.630659415480057,9,36.1321124293326,1.90791539344036,11.757301228689,2.36249739845128
34.1408013763895,1.69725980544893,10.6149391939233,2.62374409488832,9,71.689494452872,2.38136131727317,10.649531774454,2.51365861549602
46.4292880432062,2.31660083578381,13.2676668448623,1.08944898012057,26,34.2892035704668,0.914865937312785,10.9036601555505,0.849699965760874
58.9369625095803,0.643416435460523,3.36138739048737,0.50026500999733,30,123.048895684693,1.7336815508585,12.6973841617222,1.15971544037898
57.7789542403692,0.572260546078812,11.7526199496347,0.698839755791721,9,47.6752984373439,1.65255318408211,5.97299979823315,1.34315539442617
33.6378208332934,0.603215420087636,7.95752868334809,0.985819957564097,23,70.4960683786895,1.89629681884712,10.1566458635927,1.19334546925756
23.0168864586756,0.507334084554677,3.47837280184128,0.382544195804722,28,87.0162916263852,2.27086806245297,16.208222250465,2.75299430186667
57.7385106110449,1.16375053949467,16.7232565420904,1.6392262938773,10,13.2300268878713,0.408312817595217,2.62116298255086,0.433548882389041
81.208665634671,2.33190079852881,9.02575806600114,1.33164704928622,19,19.1673713934083,0.52647756740974,2.41328898540789,0.367839808498267
81.7816381507879,2.06197168476083,12.1047570840042,1.27368389182913,18,48.0291210336121,0.999476532542442,11.4543980304094,0.781065131167114
221.479979758309,0.778763355144526,10.8945226211964,0.649092384817041,21,33.7583764926591,0.8940273615424,3.07497932339911,0.471718488349238
4.38202932185058,0.321039229051193,5.5797518382203,0.671161534405736,19,43.0208877590032,0.844161244512812,4.62366962794316,0.482650760548549
28.3931531522811,1.27651555221315,5.65938253442676,2.48798858845602,1,84.4419004470235,0.770099740895661,4.25782285474308,0.501091928433467
17.1872115048377,0.490734235783226,1.70129318055727,0.355365135116092,20,17.0951176122866,0.918420223341391,4.68417730160081,0.713072186362954
20.091580421509,0.381546388511708,7.46137350032273,0.560010825800748,14,58.995895078413,2.10497577258629,10.583950694964,1.16401162782937
87.3290314989672,1.42789537176661,16.1534070848568,1.63400907032416,21,36.1728145833349,0.705726002026812,12.4561650074927,0.98589657849908
26.9868275610344,0.510799508047107,12.3630080249566,0.876462709290689,20,21.6839332189945,0.511689134754836,4.48708303251958,0.557204714164875
53.64382333431,0.773457265992161,8.05688760759602,0.599559925264455,12,40.4387031945984,1.46023213491235,12.0290353431683,1.56792160460367
58.3567558390831,0.659738726612141,5.69599141464532,0.581846484474088,4,55.7163177551119,0.552776144285736,11.0485693678692,0.890618474079205
25.0241477834071,0.948785885681705,0.777257144626169,0.314195800637699,15,43.5107622010311,2.98218079899439,12.8736585176159,2.4278801573647
61.615792425013,1.38334660325248,16.2779265303761,2.7677776076392,11,144.987175781916,0.82307420212338,12.7332607510202,0.856865236873746
118.855645803143,2.81870910125825,11.5423170667449,2.7381700121226,1,77.2835649950059,1.84159845700001,12.4087274125924,1.20958633036041
21.9184939107533,0.626449886032861,5.48241879351757,0.53292659231143,10,31.2086327876259,0.523295697362817,7.84504549954403,0.556978964402217
41.2446326610084,2.93905619191448,12.2329966052199,2.21157822816581,12,121.923138503268,0.739965381506086,6.50046916137163,0.527748361085366
59.7431218720608,2.26318027455362,12.0390289130239,1.69535387934442,20,38.4753592631195,0.958179855325104,3.24850681716973,0.410025209462611
40.9091142164546,2.68598668021042,8.19436410024429,1.34227211813913,15,25.6294606920781,0.50911790819452,13.2309983911731,0.945919321975941
11.0481047077402,0.323588159116136,5.62044539646738,0.769417323981313,12,22.3494862383833,1.82140540292487,5.7571573421667,1.57453878383473
138.599175328999,0.632932517331896,7.23121162557532,0.563505565544743,10,27.800519504702,2.83176562943262,7.99293880524395,1.35979067381766
44.7609761130276,1.24497401499503,12.9003233308632,1.57343519614608,29,37.9224948624033,2.03043326868629,8.07836811408228,1.37418274989395
138.714542590186,2.94601618773403,16.696230674033,2.08966030986406,18,105.740254956691,2.33092452158472,16.6392778073902,1.72708358294254
46.4669069217491,0.734293109181203,4.05527638736824,0.401584934199928,25,118.428630344941,1.75927858783106,7.72316472964214,2.85680484613312
59.8489885499161,0.754098064714295,6.38391476762192,0.516210348026333,23,46.4046413793664,0.882458006932787,4.28144638562857,0.516999181034205
38.0859630382936,0.618517323673966,3.38639248399737,0.53649058663779,18,70.3635442797382,2.41445756078339,11.1545351249807,2.15409550942104
57.6324492262112,1.30629655698375,7.56568853551956,2.18037101927055,20,27.8755332991876,2.38926304832202,8.11634387627611,1.54672139056679
226.796256147769,1.03055526039656,12.564506350985,1.07786311862933,6,16.6359187133773,0.996610655977007,4.54796045917095,0.762396207912178
62.0760978091167,2.85260418673491,15.4053829478518,1.92877344467418,1,28.5480761223816,0.795704925643079,5.76233502673083,0.538662095134562
74.2096174648734,0.642662029230195,2.53121381165994,0.355553228316785,15,26.1352004112817,0.694844288294906,4.90030439552895,0.823133194930914
41.2505740601658,1.83247596520149,6.2020667403937,1.36922600738129,10,34.6009661033857,0.869200755504462,0.917135662325332,0.333141116209627
15.4847508846674,0.522780800688103,1.7649270700682,0.397054991687027,14,48.9097939448177,0.632723030861445,3.88493100648077,0.436768362357473
12.2413341839529,0.350160125081815,9.22675344377263,0.768270334515462,9,20.5007204030965,0.945461023514514,0.723119913822426,0.31819999721429
47.4018566523066,2.83054375209334,10.1356187830989,2.25972589238647,19,36.0697588652297,2.90463620865263,10.1637848726309,2.18939145721378
101.996575663128,0.78930147081919,2.37831883396746,0.377065755775214,15,20.5238499486497,0.774807474121675,1.18322607274973,0.330967832888343
149.964020614925,1.00480054458007,16.081945578324,1.58449286200116,8,24.6240112143293,0.776180365433558,9.11666359722042,0.929382215983209
32.365417259161,0.651150990613915,2.88752404911921,0.369607545004008,10,220.43654027404,2.21970346492346,16.142183958816,2.93835870765439
99.345734283174,1.97448309870394,12.840089252371,1.2165484461062,3,83.8154493528423,2.55357483762641,8.5217010024078,1.93639421681669
36.4445366196163,0.593760735705735,11.2018128610731,0.681307228003286,11,25.2019939703106,0.896322982536568,6.62545031339119,0.778848560698895
40.4426806330616,2.11045354768123,13.0226095578097,2.09792234659767,4,33.6011075162311,0.877379051179889,9.28611661413541,0.838949695176136
96.9340063612154,0.900593160325715,5.16587148830062,0.421994525503952,16,114.371501502671,1.13358482516127,12.3747368864618,1.91561472280266
6.3108965650758,0.383226225277443,2.71524817672811,0.451153155123137,1,28.8098858212775,2.74749875725207,7.39937304577229,2.7406534700689
54.769806260052,2.95352004417573,12.5546932838801,1.86560425046406,25,36.1017265375832,1.32113906776232,11.7322031031109,2.53816759466486
34.6300309089899,1.50451211466286,7.50536266415613,1.84487929653992,8,139.234884689451,0.519077528844744,13.0706452202921,0.812473894041474
42.9562310142,0.697681460520492,6.30904207128607,0.84578306678572,23,71.6458947210703,0.997555425221191,5.21008145500072,0.764292852181908
144.721410000552,0.906696045493309,14.6520385482128,0.990636794356244,15,147.800161610284,1.8164720045097,15.109111040269,1.10365289517202
60.9838375878099,0.710632626640636,12.7214130039036,0.922386730625512,8,67.2476648760835,1.43023733554236,9.02283483804457,1.68648575684166
38.2443854702135,2.36249926742432,6.75330397930846,2.59046929636145,24,23.8398558662614,0.713866083584956,4.79512893287435,0.49766155066455
7.92421738035746,0.441756589864483,4.30681129490866,0.592869019978294,22,95.2953446939547,1.9233897029911,10.2963196606022,2.82214348154924
209.873148051324,0.997059771250897,10.2145229087067,0.639571466568076,13,221.742336081223,1.46594025588415,14.5296599255973,1.05522419302708
169.769433548161,2.57332512124157,9.19484635460511,2.01175654092202,25,17.2321169021047,0.391235265984878,8.41057595457924,0.670781629748281
30.5850833103642,2.67204524471696,7.53017619229088,2.41339995567456,17,37.5455373352654,2.44478442259497,10.1777699527451,2.03803883198376
51.216835507532,0.38836621963917,11.5910040471702,0.919184785890317,27,89.597425549684,0.870941538699009,9.04260186566379,0.583759625035147
130.417254096781,2.42974509636458,16.648001517711,2.80800168898936,21,104.253180571663,0.94159619922004,1.96593439314011,0.32955158378728
13.5173152583981,0.365512163754159,8.45618278595825,0.76917885167871,21,42.4367359868357,2.28690884812211,6.2223504766842,2.63558153484485
150.774407377444,2.95395736849226,9.72576903087213,1.15872514370736,12,26.5909596145864,0.891337941280752,2.02003113246837,0.369285177933463
17.5162059582963,0.585861398129056,4.60397715682875,0.707104279909944,22,171.39170717386,0.975038401116018,11.3404889654059,0.974951558402254
17.0021760020954,0.55732209700888,2.59983237780402,0.426083634643253,3,66.0107317715938,0.810283846807208,8.39941469110689,0.566989636506703
51.83306534774,0.449404327721854,6.49193377907915,0.495803051422364,20,74.0002180414059,1.037841055474,11.3781420162904,1.93061339495533
84.6092693009969,1.62514778590038,8.78331063805907,1.09238261833301,12,30.5490594281178,0.700647718546641,2.24615577519238,0.353180937432153
173.219391596405,1.19671497949797,16.7535359296148,1.71762700309061,24,23.8099665350478,0.657659370325988,5.10677094867988,0.521402091473669
51.3560619282267,0.606291911121938,1.58468872667308,0.403923469121781,3,28.1978436939718,0.459935914209913,6.01988519038901,0.890723315639745
13.2713906929945,0.510035069086798,5.14998112510786,0.717439993543894,13,78.9122759228724,2.89066441327274,9.96006220139816,1.44523778320262
66.2507981717504,1.31030472567381,9.77966161068144,1.00158635877995,12,36.1608328105625,1.46853599640014,12.1373145144479,2.37297783002844
37.4892923466766,0.742280376956138,7.65364925970213,0.544482329804539,6,43.4027432430885,2.31100518076251,13.3065690121543,1.68678865656322
30.4900118389065,0.623650569911249,11.2798889374086,0.943459369415604,3,46.7330069938589,0.772213983805453,7.86431900246835,0.665728880884345
80.7728139056748,1.74791302543096,16.5090157612052,2.22658355247527,17,130.79945804051,0.77382271259644,2.03375129557031,0.329959303866138
41.9139189537599,1.5038294925903,6.27181109388583,2.16415435116578,22,51.8964352873828,2.83305827825941,11.5676793228751,1.12449674093446
36.6193086423157,1.15055422173244,6.93924487538762,2.63956701622659,20,88.2816228859829,0.698018783939248,11.2626318543508,0.837466956690924
120.357331113416,1.19862302137706,14.5663649537224,1.32903061686916,4,162.563767819152,2.37009574615419,13.4441811268896,1.37128813064837
56.8878550452886,2.86992871585475,8.54617199638503,1.63051860783157,29,4.92463391937027,0.363568911226499,5.53346492697678,0.934467991910544
45.8836003725823,2.48647573837433,11.5124882594951,1.67400286908915,23,38.8728744381599,2.17503196934322,6.04352804734336,2.22914153540943
25.7947646882096,0.550792528216551,6.79864781550291,0.728590658725115,12,46.0220135494015,0.756078516199761,6.28112054709826,0.674408303398329
68.4206120215182,0.463139905160752,11.9367396361691,0.808551187599753,22,85.0303365188436,2.82440617192723,9.21659166319034,1.15012656277584
29.7715529224989,0.645710784047516,7.18768448058914,0.576914069248572,19,29.762378841213,0.497936982807093,8.56921625484141,0.882075264192182
225.866590049691,2.53370561350296,15.0400954142744,1.78795643279778,7,103.376990761336,0.522753752047698,4.76779168797003,0.463320938655361
35.3024896761512,0.598012020949892,12.4327064898105,0.764857710855517,27,12.9919875128967,0.506020766662068,3.81446020419356,0.506413712643022
14.9978706899698,0.393667137517393,8.9711315371751,0.768226385969569,26,143.332615921756,0.754842185135417,3.19325412155971,0.37759234188321
189.541416970055,0.883315198348552,2.00790100476035,0.323598138871998,1,105.377637940567,0.987444358944464,11.3738233186435,0.847379217613718
71.4838215404212,0.571219760375481,5.14528993743757,0.722070731257397,24,42.8490156245979,1.20624512078012,13.9123314147059,1.12837238100439
134.600593689286,0.550815227464651,12.8350127557598,0.789931120116443,13,162.740529483301,2.6221208304046,8.82246937271389,2.67545373929305
36.9775532282301,0.795346460363982,9.88292216742084,0.900978814327851,14,49.9458066770891,1.9547020912999,13.0323249539874,2.69951468223608
56.2376558424,0.593075586743371,9.74727483246591,0.816044469265232,1,89.3612154660973,0.85857982321275,10.7152160514363,0.772381371586798
146.717775529194,1.02964714222324,10.1847838941345,1.36889480833879,25,20.7386064833262,0.420189850023795,9.64086996680268,0.612897982094302
205.655258834213,1.12168909944798,16.5871880202933,1.73557144942189,26,42.4904282699125,0.483583008444077,13.9357289213535,0.880567319323894
12.8150247995552,0.370479683190936,8.63008999454458,0.77103871249379,16,171.851578903542,2.5083415050194,10.5794738965271,2.8536508516045
24.4873548911176,2.69224961748875,7.06416918006079,1.96673585940402,6,80.4543754499139,2.10921393520375,9.31261033121994,2.45056759077199
90.4309397716712,1.79086245973865,14.3832254750885,2.27603861778834,28,42.926958366031,0.406624302494379,1.78067118431679,0.317878772535436
97.2830925611236,1.76454423248396,8.65367252466993,2.91748161619447,26,202.547373869558,2.16174863232711,15.2581480259852,1.53991817722715
78.5143901671186,1.37687131851993,13.7685487186994,2.67584177082856,27,45.7337703140775,0.978399205342724,10.728904834817,0.864691644707733
21.7278733925351,0.424415821978503,10.441053624939,0.994627379059558,20,91.3593035603572,1.39591978226239,7.05857634778619,1.15914522465541
6.54715076326427,0.365888719831058,8.61014103572582,0.866462343066306,20,106.84006521704,2.41226548646552,12.9839407239301,2.97807218709411
113.408015448452,1.4891701463166,13.0695639010348,2.08030644077268,24,205.853560488332,0.83828622990091,5.7630669387659,0.459041387503964
17.3673509587085,0.635941075256674,5.56980386186224,0.629812430216297,2,43.3171955412348,2.33169654588226,12.2259453832556,2.53378769111619
12.5756000534425,0.458430251260683,2.84825685753983,0.505601106829526,30,107.802194257072,1.40294049812159,15.9795520140514,2.10974457225954
48.2768527884986,2.14819239109117,15.7260108470845,2.62467673160311,12,6.37236054562364,0.411663834015433,5.4334051829536,0.887960453423994
174.808714487908,2.03195346953443,9.82375459264758,1.10187315838236,2,55.2312354804386,2.59461805734549,13.4056011960953,2.14126532034377
20.1942190281597,0.629277894860443,2.96452806017926,0.485827464393414,12,28.675462750277,2.18655332417305,7.01203954453449,1.64504245037673
26.3176016238053,2.44646396453017,5.75765006664675,2.31775900924363,4,59.5144381150343,0.588209853397483,8.42984053398397,0.919223865562363
37.8343369247071,1.89806806895877,12.1545851179671,2.88069982500605,18,3.34051150118163,0.339690795422757,4.44616612139655,0.793397714976367
41.3011226964265,1.7853308715784,6.63226699574678,1.69612952227793,30,44.9412882981617,2.50979783413494,5.91278845377991,2.76533158658452
50.3558463968263,0.691410219698507,9.6614367395923,0.670929357239206,17,69.0904944809002,1.88504928330922,16.4188470431782,2.17824312729062
19.1049943376828,0.480314311312966,4.26012161835409,0.517653914781647,29,109.36800105042,0.769057402139151,5.71369007573046,0.606590217202669
46.9998678005409,0.935534044162994,4.31295787903462,0.771665946387457,10,31.1757987177131,0.63180350194379,3.74389611161425,0.379160815081648
33.4080956925064,2.64060557941657,5.49498077282831,1.21743841521379,27,52.9007517835448,0.466838200335422,10.4784303420437,0.629968329130147
21.2935876205912,1.10716396254784,6.59073005395687,2.33155430138758,20,87.7080481965571,0.796750619046275,8.89430102144318,0.666753435114856
52.8948177529987,1.05041236029216,9.57282003638141,1.57053070420913,3,88.3533210981597,0.836068009123706,6.01192310226679,0.987467592689715
34.3366885536994,0.460493305707662,4.66654250341453,0.476426428292485,26,50.1645772687846,1.05730766150102,5.92318415909532,1.66154221472186
96.3194935797266,2.04592113599584,11.1639590962786,1.78672403922522,30,47.5139084763551,0.835511821553906,10.2716323061249,0.719225533564427
24.7138261489362,2.26622212028251,6.05725734723429,1.33608934900362,21,102.073096139275,2.72191717410873,14.0736284158075,2.34792395274559
28.6918956339656,0.643113156217773,11.1046634124437,0.909896309894632,27,129.106521630139,2.47298061579472,11.2555313715692,2.73197320270308
77.1564564207492,0.471007661698366,6.01006620929218,0.464010058198182,10,98.1019936400435,1.04612350769509,14.0342453997075,2.35168307130535
11.2337875190732,0.480301550582483,1.03160238750967,0.331402506411481,11,37.5028475139188,0.76748314118627,3.67451252368306,0.524815838947043
32.090313806101,0.61510112269279,5.53958425407075,0.696075428831745,24,21.6022032623928,0.939692648914071,5.33041722022977,0.697319754530326
40.6448221318761,0.947368715906932,11.5641870488764,0.859175192026544,26,104.026746004594,2.26495011021439,16.3848771542513,2.74546494338605
71.9722961209771,0.725842250498855,2.99175679572792,0.36474205156272,10,21.3953357604105,1.49182761807483,6.73367210335958,1.67361933948747
22.1078428899988,0.449540531085236,11.9404513069167,0.711324179821994,1,57.3641723759111,2.66125890377299,12.1594074076982,1.87099934019711
42.8698069071964,0.590740772073945,12.6081403511545,0.796646322444026,16,36.9477533994514,0.587882950550702,9.27056450047632,0.735858038326221
40.214590330268,0.792356900103596,7.42752694243913,0.979434299518504,24,47.5602730234711,0.980264832867987,6.93677343026965,0.751697686777617
52.5968833004597,1.93467905409887,10.3643183722757,2.39955387713711,18,59.1843704743467,0.635660166172427,8.16258408273919,0.768428189538564
55.378311770499,1.4368452999801,14.9752118309032,1.17963444365079,14,54.1457226619489,0.558027180470557,1.9786408124052,0.370826813995222
43.676675439964,2.32646978960717,14.2896481163498,2.7942445113734,7,4.17136523780276,0.324135563630194,6.51310661932452,0.731051490972205
52.4164219925793,1.41703129349928,10.5160041842288,2.83972753978296,5,59.6967907797185,1.72512547135037,7.06733686029528,2.70208818171917
44.7624275014684,1.21367019299336,10.3654298296008,1.95043333223769,20,76.7173271253214,2.68080647209011,11.0736035546858,1.20159247133552
65.8933493961024,0.693056999602086,3.78925356145548,0.401475475894784,22,57.3602723809513,0.666775164230177,8.53523589123156,0.607665050768047
35.9076994303333,0.938808901753969,8.2691833580989,0.819018559340524,24,15.9164710995394,0.341395688413524,6.69087701710956,0.544001772720172
112.701390263863,2.92930800595951,14.5218052466426,2.24851744105675,8,172.619294735073,2.8850465911981,16.0207859892051,2.02272793345978
96.0955128880695,1.57139166512445,12.3035989887348,1.98018098097857,5,32.1280121391138,1.89881428136804,10.1602546264597,1.67033356010899
18.8841021903416,2.66739600989161,5.80724894927535,1.82701239963789,3,25.6092054751997,0.365875670776381,9.32252671656951,0.57971261169155
93.3132897868016,1.24448492182344,5.92606902087345,1.98794729628366,10,31.3181052093577,1.39299723257153,8.87839165233513,1.55932326422379
50.1926882765632,0.530333311142126,4.48690574770503,0.43351024217077,13,168.803429916002,2.436453918238,12.353319479372,1.57184471131652
20.1580497373864,1.38731341794623,6.92273569725069,2.24089997597115,6,12.9954192036091,0.432335639600765,1.2776568383348,0.333336974909723
27.1501395676573,1.86181177489784,8.09005101493779,2.88159686838399,9,57.2534504041046,0.761214379146556,6.54275598737507,0.620514743888419
23.2906492553526,0.740282107562386,3.8362627446509,0.66218159926139,9,25.8137026535388,0.576606872876837,3.38944316370914,0.472498917216424
32.6926344014796,2.17551645894052,9.07415519781687,1.55111755135056,11,53.9860562274779,0.767543239009542,12.338330619299,0.965104793510284
36.7451083896378,0.677963414463544,9.01627236277448,0.613905958795079,19,25.1401136365549,0.742600650336932,8.55168490115103,0.966051039342823
73.9717775981443,0.71553344899141,3.54890768995275,0.459931124227983,21,174.507820356788,1.83911377222896,10.6290468335809,1.64296750092187
13.778862635019,0.375827565897988,6.87629797727858,0.501640064362463,4,52.6030269102502,1.68429401308474,15.931742979935,2.53554356443836
30.6994453443963,2.1777187457698,8.44192447251413,1.10790078097049,7,36.2725475383805,2.69380066358309,9.57639424869484,2.17439580039397
137.334030085587,2.00481850013189,12.9582502683433,2.22577185446849,8,18.9006091161271,1.61409141918593,6.26955335477337,1.95768338506879
17.4126443805982,0.44794220357454,1.53798282070299,0.307465907498689,11,189.3345631455,2.04854167714802,13.6202783354139,2.02794685779167
50.2772020937789,0.500292008925951,8.02739224907858,0.966481624836604,27,20.2177862388706,0.593472895302982,9.74352699177568,0.962415915468746
154.789687509082,1.76202285907881,10.8752919998163,1.57496287368699,19,118.681112731461,2.72132746423491,7.56610268329777,2.36222504629601
45.5419128372304,1.8711688418829,13.552337578378,1.11058716165728,7,32.5424847208275,1.26409662754893,6.39547504409464,2.43734866155409
85.1910620795096,2.4811400991542,8.42448414924758,2.67718805811922,21,49.4567858155152,1.79493743007475,14.0953671127457,1.92959419429798
56.840309881033,1.917342949558,9.52842942692151,2.37961849068786,26,47.690576666655,0.999176470972621,0.802947536762851,0.321844364017499
46.254602855905,1.38148033733939,11.7292074198567,1.27220493640439,10,84.8114798115747,0.890670211198566,1.21248717377164,0.31651786868286
37.2317904528898,0.66407370171113,10.1702113570063,0.97027468040774,12,81.5413663511402,2.15059322235489,11.5443411454702,2.14222494443624
78.8814560394406,2.72889871106661,7.70182936877723,1.37479612217029,8,25.4664936487215,2.59454277281505,8.34619438182286,1.7445485018856
34.5476778664845,2.43165594622781,5.77138084907141,1.00603262790671,27,22.9371954920639,0.976118912300895,3.56177873197603,0.525340832103411
100.254746814602,0.873100687164316,2.85072691510808,0.413321292088904,26,71.6774853403922,1.42352423800072,13.7898525848169,1.31067241051748
12.0015000863327,0.335794635449905,5.14669649696105,0.573355711428448,21,91.2201131476325,0.683974524897124,11.8249560211211,0.999853325439328
31.0552935437186,0.632040729439096,9.43902993372612,0.720715158459347,8,30.9401911136856,0.961593239620509,7.47029078707515,0.665871356199246
39.8849706231521,2.20749677370617,8.97663698109373,1.99397293553502,23,124.943209002949,2.05763967590848,11.8742539467646,2.67103871256599
97.2627647319272,2.73810624649665,6.89594232332109,2.46706860046013,7,36.8897009483967,0.78597114923962,8.47826352862809,0.92008661444013
50.432469105093,1.91301478160615,8.64746238968211,1.09751635461123,13,127.884383658904,0.864416963935016,13.7226096551677,0.912982728265552
24.8769254097021,0.713542030489467,7.1055450317457,0.645171202820669,5,66.7898099334978,2.04189855914855,15.6189058266028,1.8153202241254
46.5673582829235,0.671847984097975,2.3281562589138,0.330134492274496,25,47.5358949552701,0.622887458123992,6.9236913116398,0.703500282621239
34.7377955982132,0.522309032577169,4.00154123250774,0.491714689866348,14,20.2733810140101,0.538250452981918,6.94302414347491,0.608909437620484
20.5747425985325,0.585164757086967,1.52527118942711,0.389336211090269,22,25.2844541916531,0.349775979904923,10.6754389866857,0.686952608166754
67.3587273149092,2.3322700278533,12.7664330469899,1.17523556148053,13,96.5804028836241,2.37630735620171,16.0893879122902,2.90038048613538
29.4662622832444,1.35952559983574,8.44256939088395,1.57219135340609,10,114.115401535418,1.58724017553927,9.10187151628164,2.3610972567991
32.2831336566807,2.24906377182523,6.46455414378837,2.82947609770289,15,49.4865025014803,1.11134359312276,15.5118231989923,2.59160116170516
49.8713305502718,0.681276987095909,3.74664678781837,0.484509229219331,4,43.2104021822321,0.812626005174218,2.47745205564226,0.397308863493376
60.7987695883235,0.572256399487797,7.61124517438805,0.677852824980362,17,47.7196038620469,0.464543691277489,4.96325793106204,0.453975399175161
57.8483827425499,1.06425534492275,9.61996501243719,1.12706869896201,14,91.1176151069625,1.91280160444758,11.1067984738999,1.61514300082596
70.82887147103,1.79426096266447,12.4789071002581,2.08281742062349,30,164.566489970008,0.699741535107965,8.99476191626477,0.699308796820275
22.1705572929048,2.93193135351576,6.28689274528241,2.0109506892764,18,85.6594285126738,2.68319849986969,13.5356753023161,2.49088087218168
65.3823196615135,2.1468672847791,11.5256149517195,2.43778930834321,8,102.532963006256,1.55396749419646,16.1999957165828,1.52362891897386
42.4030588025089,0.525410062880136,1.34258475260792,0.320587987304406,20,9.01602785671169,0.376958631232565,8.85861747331785,0.734729985756223
61.5829486934251,0.851783470154699,3.96034605438636,0.390516738256664,6,12.897220204105,0.521560868725048,3.32869908578479,0.526204057767077
99.5668099465956,2.59238388366175,11.0334770934639,2.74144561439973,1,74.6462234336704,0.616192254187702,7.85704477141841,0.835019709965058
151.541089110761,1.30790388912393,15.937648869545,2.68082476888483,10,32.4699403310502,1.63284780419509,9.56176465167118,2.36347532474843
79.2557766076387,1.52893058392828,13.1524431563885,1.11515511656929,27,53.4660758139092,2.51417707756148,10.7761528772426,2.80024065240193
62.3839795030893,1.07461019538533,7.61112606734225,2.73678221893949,12,29.6070221122591,0.477190854331153,13.4475269328984,0.993778043774166
51.4878808878733,1.17502749950091,6.76986164750184,1.12309688270527,22,86.8875224844754,0.548019641667286,9.13964803105321,0.954436777911289
46.2902897792551,0.950302007027351,10.3436278946321,0.834152006440303,20,24.1993068874285,0.944573367920122,4.8417793507842,0.625462708509205
30.5802023781738,0.583999393263745,3.97423060404366,0.639907537763173,22,35.4674417035908,2.88326918120731,7.1178028459517,2.21711165615234
35.2096339411177,2.73136760108174,9.77258173594122,1.16470171706647,23,44.5043512018848,0.512170126277562,1.77550374781379,0.376336098502486
11.9848535352606,0.446823010322068,1.05954371503092,0.326785803270022,8,18.4620905020705,0.468108701771584,9.05127387811309,0.901621787313113
14.1366588404743,0.396563079480975,5.86781885194335,0.540634002300767,6,134.620802400411,0.988412645477244,13.1874484086668,0.854412404231317
129.130849562184,1.04092142494304,13.445291327957,2.6362347339514,6,73.3490013092536,1.61913974206549,12.8096442804792,2.04309509035702
37.1927667067257,0.978242762674161,6.44820466348187,0.653008145952821,23,56.87915992933,2.08480079175219,5.87611246492723,1.50866000412576
35.7436061581155,0.699693186564108,3.40916139444828,0.455805460519476,6,34.6251271661728,0.426905415801944,11.3125504654826,0.917652697306567
64.4063187224733,1.88547541007196,8.13437735229425,2.42393114186393,5,148.929058130959,2.07585749563988,15.1582240369212,2.12056960799129
15.0735680513318,0.315021732469928,11.9862662035363,0.748099131181561,29,8.61070700536269,0.360152725109675,1.96449765892537,0.368510974177372
82.4436870440832,0.892516436073154,2.83088764258195,0.449558528746993,29,69.8763901233376,0.931963429967258,10.6313915146346,0.878452407296769
61.1498564148168,2.59717305478857,16.8334136812113,2.72362457626151,27,155.298893321308,1.93538008652698,11.1288527523087,2.97953156915583
153.387019588156,2.45800789866357,13.0851087470563,2.38268672058532,3,14.7695445470064,0.52369990117639,6.4641696211484,0.854892743246228
103.293561619481,1.88004640089706,13.9439655094839,1.94043241567612,4,84.2253291975411,1.61574872638947,13.104014800862,2.61806386389717
48.6296414341537,0.82568547865904,4.74580591987748,0.544053268895681,28,36.7907583564645,0.395015666861272,5.40632872717428,0.546770022913979
162.491251107052,2.69559624019139,10.4071419819772,2.08132961291683,5,29.1249979996393,2.81791581224977,9.10328338022015,2.36327481894078
73.2153654860231,0.568732062443866,6.61120337179817,0.554116214976925,20,34.5569103531017,2.22177747214394,11.0895448407219,2.07819080705379
22.0899052694832,0.432185466849108,3.71741213135837,0.454189017400729,24,48.7046505494395,1.11176819030646,16.6735440840178,1.99191153496247
10.7256212805292,0.422662448368711,5.2613541664444,0.585058061800492,23,27.3836977260917,0.619842700626431,3.77069215112568,0.428833137858276
88.2410449728571,1.51286260746237,13.5672527467246,2.06029715219521,21,63.7181967634637,2.54387206699853,6.69997441329927,1.80695391998593
47.0055792671342,0.980322563767816,3.9623406542023,0.529057662665816,26,85.315225215671,2.90415555673217,8.57041782383276,1.0870777491997
102.127314974088,2.31626858498284,10.2995817797304,2.89772167080387,19,8.52777864624038,0.452457797301483,1.82698735465111,0.422838484172149
24.529402540069,0.368458490208504,10.1717908329701,0.815834794448459,6,36.0068004119122,0.596138750619602,10.903264133331,0.669184976751948
10.6471923092506,0.549469840279867,4.50338323256975,0.715443259525513,13,29.3629900938535,0.534319041547539,5.58583267814786,0.842043927583414
72.6094373980557,2.43668574072734,7.75872924357864,1.53247414371415,22,18.6041826110424,2.30716336741796,6.12933216398914,2.47409426354624
87.8322640415633,2.86967815640294,11.3364957007537,1.87645694848636,13,26.7683230205177,0.536698071272281,6.56028749043442,0.588712090544951
42.1326754458901,1.87566208254821,11.2326619507603,1.03396393526186,17,25.3370234050217,0.699708582261201,4.01626665497846,0.507786594132296
78.6974139607674,2.26595393980063,10.6705509913177,2.23067664049029,27,33.188840109246,0.664421820463816,8.62270053178646,0.999179765365843
90.050881207613,2.28837324783816,8.09402545557732,1.22065437058461,24,42.6706592882043,0.995111421668399,3.96357049799961,0.478558135605195
22.137286818425,0.346344894954363,2.50806511607597,0.33440872450997,9,38.7255661845239,1.0836462597189,13.8366967125052,2.65433344589885
129.507165275821,1.85346404482782,12.7848565827558,1.53897381914145,2,108.756490626024,0.785142500786338,9.22738983478943,0.982245276151809
116.607735303959,0.869688176799616,11.1752829341637,0.965736066632791,11,47.7116844433535,0.990637095501663,10.3207763455425,0.733206238860236
20.7514849567068,2.52727501229709,6.52426981872953,1.25700791282575,25,217.58933283898,2.40331545403761,13.7478136940896,2.29573197101539
52.7880771260052,0.837106486297722,10.9765592146946,0.915285751947971,21,77.904351168308,2.21596817571148,8.55213710254535,1.89746542104132
50.8125741118051,2.58674230237674,8.58808557622693,2.30225316797173,28,6.00061112118998,0.320258990818993,6.18521483698767,0.471125382820989
34.132803901671,1.95484113025084,5.89349045157074,1.0431036456323,26,58.4025781298448,1.69717677167086,13.2599079177588,2.40395252244828
32.345960076445,0.839774425178562,4.81863341390092,0.664897951975641,14,57.5480824190016,1.07333576429205,8.33936514511286,2.72964474743605
53.9689677001851,2.05859915874873,12.4413836097503,1.44466642843524,4,163.50979940143,0.896984087109572,11.2111217144259,0.690740726571488
39.4973099765716,2.6656210067317,7.34631035751998,2.55680939429285,24,27.4909412827412,0.649636784159784,1.636972993605,0.348476884241762
151.600284247822,2.90770920623572,12.8267621951564,2.18951501869848,29,39.3530688360689,1.83874844423253,8.89376573565184,1.81208723476023
89.2095984616204,1.20239596397528,10.7186588229864,2.86498701666262,20,82.5297920606532,2.06161288887539,5.80769013397088,2.1027763361592
33.2850132150695,2.95604939554565,7.34305581790436,1.95982229902269,4,14.8854272075114,0.343643905686947,10.0896850558985,0.81677407313731
20.1922018739586,0.423967697763818,9.20531702776158,0.664257452101958,15,38.4758614466329,0.979534815449526,1.71266791739891,0.340883275703474
61.6035544924966,1.71840472337383,7.62107628559158,2.60459473527416,30,159.923769302375,2.36686782126816,16.3776547388202,1.93368192242585
41.4279990479162,1.12690517823465,8.84183800654349,1.57333106671516,16,37.5895181888219,1.99375399768859,12.459336716138,2.71044927984491
17.5260788858105,0.555017238786045,5.48910383457758,0.797710379150203,9,22.4693210650963,0.338474643083747,6.27979824361807,0.487781973028898
20.4109725300734,0.477873299070782,8.22904331756817,0.897597220326858,6,54.9783724517299,0.479268717428527,3.64053671756708,0.494834923496008
43.465497958759,2.18724180192103,12.7251446311173,1.89960565487629,29,111.318196336489,0.585458183990686,8.28475847553552,0.694387648141097
31.4959839760617,0.72971059686596,7.33742117662599,0.758458981013497,3,79.901940476432,0.964188660030667,9.72385179925243,0.759175558933624
95.6625902503078,2.04620999604877,10.4799358875998,1.66591569418452,14,129.97057587717,0.908536828235158,2.02509926277764,0.367864969695417
198.524424344159,0.795901655802165,14.2153341922018,0.936966402281266,16,78.2150927969432,2.81773578739567,10.9628103242029,1.20729109742429
33.579278922587,0.987530774321324,7.82329882282029,0.708840632747881,17,68.4498327642345,0.456983214460564,6.1990022847349,0.456996013703494
44.712499272771,0.765035629790615,12.1900100042942,0.813312693689658,28,42.3611889277001,0.927628769112376,11.1910984718484,0.851231419939912
38.4911510598533,1.52869284247495,12.5179336698703,2.88118642093078,25,96.4889849187563,1.01080058973344,10.9484060771042,2.47164871179304
66.7431092482034,1.13277320685593,9.98468243010502,2.86722622609572,22,33.7624932980717,0.45647401476041,1.81118908139278,0.372282646501096
65.4971891690211,1.16701001414661,7.94997721396677,2.16477451363059,25,55.1447675075508,1.23837621058084,9.09176180177986,1.0193980073777
37.0290984032164,1.57175983600081,6.50992287437979,1.45882987232315,8,174.397068879222,2.00998003796972,14.1939211794837,1.49812079330952
103.464717665325,0.910841636157835,7.42698662887314,0.672277108591049,27,78.0184313589484,1.97377191867411,13.8269891708542,1.89485823427966
70.4236290408798,1.62750720803992,16.8660271721994,1.93643319264302,3,89.4814404911427,2.67016952393555,15.6334745387568,2.92767325241692
74.470286478428,1.21834656204757,16.8519380489132,2.16063739246297,26,51.4636847451335,1.09730213005753,15.0848168615715,2.50814001304984
74.0022641963402,2.84739772386379,13.3510754359469,2.38877169145112,3,93.1681696894656,0.639154571033551,4.93249124897676,0.427619540714864
21.7489669124196,2.58386245060061,6.12639041463523,2.56259394642589,16,51.4301885746955,0.704788260527745,7.17512391607898,0.514837536186896
97.3810853629427,2.51115666144037,12.7823395308858,2.98073244771835,4,99.383895204487,2.45156146556856,8.67500772866819,2.59902458046962
20.8475705647785,1.51783747944457,6.27847531936526,2.42479358570239,3,63.0324447714693,2.94091562479564,9.78595401768792,1.56581328534274
67.7733796380754,1.92798694896789,15.9687515670802,2.08511344304411,16,43.3166918916391,0.52152551014435,7.05059948388306,0.754825967637249
78.8721553655071,0.524614216108457,6.3877425154132,0.567723686364564,14,57.3252979623154,2.61953867358584,15.1700282770513,1.06877239015078
87.5135218950734,1.44249125206885,8.10799978856365,1.83687989814716,6,33.9711611629533,1.79159184368395,8.32803342421365,2.91603725826167
30.02548997404,0.803146416886168,2.39412131802193,0.372260686569975,5,35.2332320944807,2.3125682705302,8.21219287899697,2.99933172456843
21.4465908054262,0.800492082036996,5.69319245145513,0.900214246367157,29,19.4179784213987,0.971308676374706,2.74735233696862,0.482215934182165
31.7239636883611,0.617029827402711,2.3886711680547,0.373569002855926,15,149.073650346444,2.03770852860776,13.8408515447293,1.2309005468255
48.8453343934649,2.16806740730465,8.77273447107101,1.63174083527621,9,5.04137105969997,0.313893376913188,11.9392836347221,0.933252786202746
20.4735379615665,0.388006898284704,10.9226341303033,0.740602995822733,17,45.4784502843436,1.57725426545392,9.95780627991993,1.35467390378495
105.040042117767,2.13109386770631,14.3086358553996,2.30509799755663,16,57.710746205824,0.929532318613126,9.1781625604209,0.69484178691043
21.5447874752979,0.465978983656312,8.73367767026435,0.584969164352611,30,69.8842671785131,0.927203230247424,13.7670021548998,0.920859948005056
208.99209624268,2.20317097255408,16.025290837099,1.51975603371048,29,35.1216467851402,1.13392139824945,6.67145829753734,1.64482653894812
79.5957604059817,0.950470206684406,12.6297273186881,0.799106778499785,1,85.6314039596838,2.19342571976877,7.01590352816396,1.82098974654808
32.8511860043102,2.91156855221239,8.25554490717738,2.63274752574269,20,101.261714506023,0.662403454232115,6.33201979812654,0.619440310736369
21.0844333420647,0.489213364381034,5.05450253219468,0.779157700397682,6,47.9011589264014,0.795743814189489,10.18803334415,0.712278266629184
34.0354637596425,0.515522556841102,10.2797429500181,0.825608265223022,19,86.336485085544,0.963024922450407,1.93067900332294,0.350763805692751
8.64308513073492,0.324854065871042,5.22792404323601,0.951732923541302,4,35.0552824042036,1.07677673945368,11.303888500447,1.1384456813245
134.558324758289,2.07751997077513,15.5899764913445,2.14127467829019,7,19.5041090521637,0.555384950416311,6.513092635278,0.750961137158801
41.3428042274473,1.89683826388745,10.7201228553454,1.96324995113677,23,102.770620575446,2.20930041292502,8.54560049468899,2.68721263126193
38.9392500028632,1.19616113711139,9.97752179869782,2.21423907866793,4,53.2052315952641,1.63245514341679,9.72263452182631,1.23095765689315
119.585981197393,2.03029924471704,9.13625935681111,2.75310094773263,10,29.3531991092934,2.26850528784784,8.42733323065708,1.44446347729456
53.7386165618484,0.981249386839598,3.04369599154429,0.514516677361999,1,19.0195120770373,0.439987243879248,11.3679391902209,0.910273576414431
20.2387525851444,0.810977547245989,2.51172873744886,0.430192447947472,22,39.1126702917498,0.69041438458939,8.56497636172264,0.962145811562967
63.0763814594441,2.54179291214426,16.4018527578237,1.5270997693494,24,68.3446594979789,0.896706134783705,3.9738835193492,0.500481392610735
47.5885041606641,2.31402220631328,9.73702174007515,1.55547189034066,22,71.6511858812087,0.62248307043643,1.95414151049188,0.338998798010535
175.703470454514,1.4260442656748,14.245001663033,1.23151311913343,9,26.0564609543794,2.0032008945272,7.55281590527999,2.97946283038345
73.7750513337603,2.59801724399524,5.9310346147754,2.21919420509508,18,15.0117781323391,0.391417075012715,9.18677568522173,0.766357563105623
27.3901884601185,0.595608592723091,6.55595114745115,0.715235132211155,6,15.2640083275738,0.370282069526059,13.0802704932915,0.874702681805589
15.9961439755131,0.834202958888879,4.61936777073565,0.731465927044212,24,61.2157707094517,0.724552847467044,9.48439431158592,0.945290180970011
13.5676388191342,0.385385868573126,3.09542757516531,0.379857754182902,20,6.38552952153961,0.303778270110645,12.0168778605017,0.788576094931368
78.8269804258902,0.787752811627435,8.50578925279396,0.987564390942622,21,54.3761160052184,1.85013397683378,16.1517038369798,2.28008183100093
166.488315888703,1.48542512971164,10.765933287948,2.22187173114893,28,46.8772518215332,2.41848777565164,10.7497126421536,1.07213212337154
30.4822335480074,2.62578159143664,9.26404927079812,1.19513523742208,16,26.0812058974568,0.529795124236339,8.02300417759314,0.738760589481024
43.7689151240049,1.76635587561651,13.095675119718,1.07038787270818,6,67.4122922316459,0.81953026458975,3.43525400096439,0.613369779566045
24.0764633927172,1.06282301206199,6.38283888960841,1.70639037596104,19,56.8735123240194,1.03462271894081,8.08218493368186,2.01734184258802
47.2590348539379,0.456162221137189,9.52257792305631,0.825493659458003,17,140.787460971464,1.98441028861576,16.602849187367,1.5032709871185
91.1372028548563,1.16415895468085,14.1473437773136,1.87994807890237,30,55.2483778054808,2.85045331875718,13.6485885956593,1.27493013151738
111.888476774348,0.849140111597283,8.40892553048126,0.642103886817873,27,27.2487965483565,2.11273523961605,7.10678259320735,2.33162543341745
33.1189893292347,0.440876143210074,4.79207835640058,0.609459243684074,6,71.6728689589478,1.30526915443146,10.3456834374926,1.84094229234445
63.1714571074982,1.4287233865524,15.4209966419179,2.00076613638027,10,92.6296640407218,0.836573379231926,3.94924199872359,0.493166498289152
18.1086326432051,0.303655364239173,4.9874535968698,0.422603267260954,15,37.5779239635294,2.12687834119993,7.07898446501926,2.32557016482797
98.213379924986,2.67227958339551,10.5191251120607,2.55299601910605,14,26.0958260482544,1.65520212235814,6.28764483190844,2.24546279572178
54.1606900688447,1.20533811871104,12.133761528818,1.38639924585344,2,115.674615315983,0.882632375473367,6.17205813741065,0.498236434028242
25.8095414549217,1.08339943270812,5.7146575172813,1.3091508083362,28,31.7132954367735,0.381702517350155,7.38779684332039,0.634919557766022
25.4766531449082,0.822779659400209,6.31260950204746,0.917964685029538,18,47.6400521168848,0.879856813966854,5.3309385010867,0.725400436118672
122.106562176188,2.96884796746941,9.92223728399705,2.57747971192415,21,53.7850882368599,1.80686964262722,11.1376821122963,2.52321745367957
41.8070803332898,1.02986666720664,9.23372722925396,2.89791145145703,17,26.3197603187231,0.351352841009507,1.1563784450669,0.315702847802399
55.5287558751994,1.59353542991853,11.2981614835859,2.17530459957651,28,205.866700615964,1.63998574016838,11.288772676174,1.40839776997445
25.4512772423584,1.82049715400196,5.68242932236195,1.43992818935823,22,21.906254952409,1.98230923132,5.76287632829709,1.68069567142034
47.0856571775012,0.90693332166762,6.86592956398122,0.68689420505518,30,14.1660433479091,0.873291363433706,2.85215506590871,0.53921832290961
120.401015728856,1.72298680846073,15.4046681396819,2.88916759733845,25,65.4252319801947,2.5120271061895,6.99411034697348,2.65467041452455
69.0617776817409,2.95779782987646,14.5574660261236,1.5300468038808,26,55.1067760342058,1.2731239944369,6.53541253209426,2.46736440364175
44.8572325582112,0.564831574508279,7.17536953323625,0.591658476921366,27,97.8504057082471,1.65182785204331,13.0398226273205,2.85965031311797
63.8867622250125,0.960241100117871,7.93642697517779,0.876523758695767,7,87.1349250195602,2.66324409937218,12.3057615347153,2.01331453792018
11.1228838365811,0.514041174412409,6.26716760430648,0.941795839096941,22,33.5905233606884,2.14723655379162,10.6787741162485,1.80092449663603
70.5613256521053,0.995100702776119,8.20965792124546,0.667279396720919,13,39.1673617441744,0.94549858650641,3.45204649910571,0.566604348130327
34.4966604217272,1.77000477626541,5.75334346998003,1.37977005492643,6,55.4775498211104,1.55090201513732,16.5314113771772,1.96182887634841
59.0345644036603,2.64056940196629,11.3844990381138,1.25033544625398,10,34.52826217258,1.60385288395596,6.27150400822699,1.70329309647568
38.8005792778426,0.766147749161465,4.59327662913736,0.430622930386468,20,80.9010892688134,2.1383886518923,14.1154582471634,1.91952676070302
47.5582253061488,2.60086709153716,10.2642062135197,1.24693683254764,24,41.5225174795197,1.1389381077569,9.34848416869566,2.82451431067536
20.479849549738,0.573351046839579,7.82164528780164,0.978991915749831,5,71.0058265192174,0.525151834992082,11.6288813609005,0.895978038733069
53.5240282898372,1.4300152530157,6.11249243195154,1.45267936760482,13,27.926794270533,1.63824031477875,6.37501731144092,2.06399696137256
39.2656079196914,0.956402323253599,9.44021838922838,0.805605119183488,30,22.2036703519407,0.423513520097094,8.01240981040885,0.876186127839155
98.3919463453481,0.77907136181864,1.7983402729014,0.334219324489966,8,26.4490727025703,0.606540356167719,5.75971764184916,0.825783138645225
115.762882400439,2.22643404607705,11.0966987148847,1.39944896784589,12,8.33125111923565,0.303196337505036,5.03616137523738,0.417554551690839
71.4101246790037,2.02595001121127,8.7554493304801,2.4341797974629,10,44.7447579908627,2.70107048241283,12.9244145844956,2.31607260348955
79.2449912337958,1.37710049655976,11.9972914953351,2.08826133311295,25,92.2557462309544,2.37642343885317,11.4559462230452,1.55647834715596
78.0101537377676,2.05169907348547,9.79291698410784,2.79052186231961,16,25.7270600449407,1.55594590677398,8.35555880187796,2.19883433414672
59.323790263838,0.934112080948754,12.6549740090974,0.923142518561219,2,10.7425678301333,0.338556652346648,7.43281134084514,0.864440747139028
23.762937230605,2.7179708777991,7.77961701287174,2.21235168477706,22,29.9760730403787,0.934034910881741,3.94911746643159,0.581294669615977
114.248954213131,2.79369303055449,6.20963578626366,1.18989649074494,11,17.7029304575144,0.463488379345613,10.0997822566899,0.962789143423506
34.1581713464013,0.980600223523039,1.94357848912019,0.368956559327121,5,51.7621966999375,0.810303878869387,11.3788832927865,0.997991088366389
18.6001532094346,0.339415426376372,4.59922111477816,0.731615104405092,11,106.379083158899,1.97318344414384,14.2034537410965,2.6749648202284
41.1540915040304,1.21127547531317,14.3777759748045,2.39008748689056,16,71.3466778963397,2.80114228760323,15.4502517272723,2.60025434511736
117.065236154731,1.78791368599746,8.53200571639489,2.36996950323151,7,131.28283011811,0.979145744587903,12.439823513245,0.810223939484695
72.6770067495382,0.971320230168632,3.86517383772456,0.449932831700814,24,47.1195310986608,0.996591250308585,10.717824993647,0.890094735064731
120.773050506255,0.793906794762964,3.0475487918573,0.359420553783813,28,10.8768774731372,0.397977102075979,0.803802410279483,0.308887656974758
58.2923211136237,0.856152352932221,2.59060377669221,0.405688322186799,7,9.93010191157557,0.350881055680237,1.2312263895782,0.300581945812767
14.332794174037,0.504050218565667,7.82172921268183,0.87934623007785,18,12.4706664818991,0.367745410661068,1.96269122314646,0.337912533853357
45.5807658449341,2.19769830679375,10.0859564919516,1.27062008921901,19,113.515620892447,2.70893464275198,9.5516429209516,2.71226702353156
118.053205070461,2.08187084935104,13.2081593171997,2.50830378491012,10,35.582406887742,2.31712200142589,11.3320392253074,1.90008701027093
23.3295850126578,0.580112061182446,6.06416126173398,0.685228504312041,12,21.5389399898061,0.307374878520095,13.3379927110401,0.992740806467024
126.246707023499,0.969145307402292,6.02970150668483,0.516966200253267,13,11.4068063085163,0.419079844586813,4.3015887809742,0.617033163900306
45.7841046517156,0.398967367425526,3.61955950021015,0.378518707244612,21,67.9726958712699,2.84813807711332,15.6191854835053,2.50407055930295
61.3899310854223,2.21297199944751,7.41694424999248,1.34061236146659,20,66.0198775958351,1.58238683484304,7.12932884153357,1.95512019397356
29.0706474329923,2.06994322175588,9.56490318979191,1.72668315980839,30,54.4036790960988,1.66307766860608,9.03557224122761,2.92867095589909
25.6894301402401,1.20788300439608,6.15934477838274,2.92275895031754,24,30.0239589890218,1.19319787079589,9.25618996955252,2.65129169911652
61.5116798394126,1.53749295220337,9.48464128666522,2.50518863652744,24,40.1875103198998,2.2678764151983,9.27971066287785,1.04446656118261
65.0447496176975,2.34955888471359,13.401133090958,2.52020935680037,3,196.581754357208,0.85806841748631,10.9538038859952,0.848432379527711
155.473011031491,1.82056653959998,14.5166280221443,1.47364139025744,20,20.9395285981938,0.392763166540056,11.4815522638219,0.753399954379249
22.5219434502846,0.539870300521792,5.88625536209246,0.862277001083933,8,47.3969337207694,1.74443631436925,14.3621065266722,1.2093526368018
194.20055254006,2.005192417927,16.5187735285467,2.46210749644549,15,45.898110638057,0.910373941793368,11.69679265184,0.896247661766074
52.3288176985023,2.06484619958132,15.5388382131409,2.98609768495347,24,153.508231179594,2.28872217848565,15.5238487830977,2.31069196733276
72.1175087721539,1.33125168092038,15.3210135561952,2.98909369045372,29,25.0769069095347,0.570461349863484,4.51893640976135,0.454027622128435
44.0154868874523,2.18417697462791,10.6805331928368,2.22554649772018,21,41.549870478419,0.553879637301187,6.55312162516426,0.748481923323262
108.484478040098,2.51733813117539,10.1254851701691,2.10702453882234,8,66.0562883263947,0.404399501810728,3.52075321496363,0.389683280998225
28.58590333149,2.20066228198258,6.89885209515351,2.77940863085188,8,40.2486699486431,1.49481733644028,9.73416029968527,1.00525583020843
147.901132972734,2.19960761826955,13.6794996556042,2.98405064130452,5,38.7536569571063,1.17467097961628,11.9022373084391,2.38937632121451
77.9250230046479,2.79776227348439,7.21173681423845,1.44574718266166,23,17.5949223574943,0.549871205623867,3.90322277484832,0.58946061133425
92.6542885465715,1.00570285736135,7.5018454538726,1.81778077250079,18,78.6862571539323,1.27452077553953,12.0916241085372,2.43157482023668
44.1857593812977,0.788362450627657,10.478578400499,0.641106375124516,21,29.8058700412238,0.770384891579558,3.03208094292703,0.436551881003675
48.0821198027134,1.48877549849381,12.7051730129632,1.28155703855964,11,36.6023836019134,0.920805637185091,4.10654136263527,0.724980098661177
30.3980065196041,0.621642511058943,1.26564876712897,0.367720780799403,19,196.615383147307,0.906060991951927,7.51341506937374,0.528984771420311
31.1062348102275,0.431283677923458,6.07631108859541,0.75724443283254,20,52.5999203190011,0.762998169660098,10.9178073058541,0.661850012627097
83.4095364680431,1.30623885326705,12.7177611287112,1.2404023472569,4,49.5420579420665,0.611823091239748,10.8015920840457,0.80812864159391
9.20843866904234,0.456902657166234,4.77792372594369,0.87878086440371,18,169.995312762606,2.69521892900952,13.9821134125937,1.21982535396676
11.5855531018373,0.409200258251333,5.34944595322855,0.52948266526187,12,55.7453405515481,1.26553357389146,15.9792927845939,1.63295347635986
56.9555894306778,0.552720374075,10.7347916364812,0.828970906085208,8,45.4442128474053,0.853333147664557,9.76671017398541,0.947984408086217
61.4077123185584,0.999872060992899,14.631951851666,0.995847625628273,9,112.271592887587,2.60893950252672,15.2172686538199,2.91079114630492
75.2888253220642,2.24354108069132,11.6492757385893,1.13734413160304,1,83.0730967628313,2.77116367672802,11.7819825866237,2.58811992877522
37.2755819232957,1.84967620274175,6.99049601412997,1.01623361090586,20,72.3590894451573,0.44889999878908,10.3169322851791,0.843711685743759
292.37807483652,1.69807892300541,16.8957911466397,1.94536217443005,4,44.2706319411815,2.38560988926678,9.92570223562062,2.85514994699022
40.6245446639966,0.957118274828589,8.55954838007546,0.921474840482049,10,120.537882199644,1.3379926316099,6.83864470184673,2.53995214245214
4.38584055394382,0.31735349569743,5.79167644515409,0.671488721492866,14,49.8546620178971,0.846474172408966,11.8987937499006,0.775740734583305
14.1733202044584,0.512554250501856,5.74122664937514,0.911797586592516,14,8.38806527784211,0.41028636528699,4.86584110155823,0.748024015008455
74.6170174365966,1.02399586946596,11.4806212847825,2.12014897493216,21,101.673116613026,2.5173690610296,10.5083332253964,1.6620966131905
20.9811392782545,0.513358751237446,8.20628421541312,0.601069342801438,8,41.0138396881866,1.31759299538473,11.1682227150654,1.71495951641286
7.28768473496755,0.33256513076556,7.88850778887452,0.547554581460033,5,30.3102801806181,2.67065746044777,9.05033761434127,1.52089048731157
23.9182399985109,0.550203281608981,8.08329929449694,0.627682750398735,9,40.4886771862473,0.910157880843907,7.95192775595456,0.844414528764778
41.8937382038848,2.78085798557468,11.4703579047486,1.78971136994931,4,25.9849819321476,0.410001513037754,6.82113072183671,0.661680732229605
27.3142708887973,0.56839355094992,7.18716161625613,0.984705764774194,24,91.6355936561255,2.89497310480916,14.7095165244385,2.61207995590809
55.2919675946842,2.80618541383866,15.5399831467857,1.73231778098251,19,47.2649908586244,0.905970925101419,8.1250240809911,0.598799448107402
20.9153227074489,0.503302071243935,7.34095063211232,0.740034412231907,16,181.934577543109,2.01524579792446,8.77876561985489,1.03153171735239
36.0807423191458,0.633668711066617,0.746078685629034,0.315777396948762,30,45.9887357865902,0.650905633137535,5.20819241027666,0.742214776592086
61.429828878253,2.05638112691161,7.24425258267538,2.38972076043089,28,140.528827468819,0.837587347907195,2.05536590624224,0.364477096038648
23.7910071011323,0.371158915772301,10.5678776457862,0.89857596468592,16,51.223015490689,1.39655711383385,14.6599498720966,1.50607812893411
8.51892166985723,0.483106160265854,5.10348670249599,0.979945821847138,16,35.3857798755815,2.68232400838704,7.98340367541168,1.52825274681393
20.8057753756116,0.972379260407368,4.67833172980605,0.792401719170567,9,34.115580083219,0.942058808440863,7.81658958061815,0.864132447617273
17.1154209594159,1.4665226111629,5.80221093309969,2.48054927076841,8,36.9357185837509,1.3919839883302,10.5850160802193,1.11977164906841
12.2488418292944,0.391806356638909,4.80147469751445,0.417850903071712,21,56.5328535132771,1.61154065507074,11.2264014930306,1.16274595258662
100.685200854199,1.90194463417463,7.98566550571291,1.89221756211056,27,42.5545431002851,0.77871517536226,8.93239662946694,0.87626327114529
58.3069555572813,1.73147378853923,11.8535370526017,2.79317093908488,11,35.4033109691297,1.68096424111391,5.21198882182509,1.00408380383358
16.2191690958224,0.400119799888995,9.12825614925374,0.635895345591077,10,36.7024457379872,0.396032726212299,11.998310053409,0.946397886862847
46.3829930588792,0.529740639774166,2.66207686937657,0.38580591893321,29,68.4996615276353,1.72908298802478,12.6562979213701,2.52504982008167
64.4589797340418,0.834805409808307,11.886304913223,0.806845446338412,1,63.8936560525635,0.558321534555918,3.71621712819803,0.401676026525982
24.7111187528846,1.9336858964588,6.84729734418775,1.22357304537801,21,143.009487477888,0.862509864349503,2.69583471712988,0.343404541829337
88.3838195769889,1.43513481993484,7.28390664202756,1.55900565799337,22,64.6249472557293,2.09199691728471,9.30484912014295,2.58522930507075
24.1310413816085,0.731597684425714,3.18340103910583,0.4446065315986,11,56.6630440009203,2.45342866898388,11.407386270446,1.24889212323067
6.1156091306054,0.341308195751934,3.5647423609558,0.59260684748247,13,17.32121347516,0.52456684260405,1.30934458383008,0.313471721732241
117.565073907465,0.825856540454693,5.98581349138514,0.454589723403606,30,40.5506380638823,0.648095383567641,13.016192047748,0.887266585470511
151.379614677721,1.75880980035673,15.2749165711122,2.16255572212656,26,40.7036397722746,0.823320331628714,9.34582052299209,0.582272457653223
90.0552334014397,1.1983198582813,14.2845057263242,1.8692711260227,7,38.662659827527,0.890371111431175,2.12495291908199,0.384287646545848
140.251891741207,2.38589871619563,10.2191433482792,1.05690998600866,2,90.0992583199761,0.867788115498236,4.08770018392755,0.454726040669207
47.9709835264219,0.94459022515279,10.474425161706,0.709989451356764,26,92.3024397402585,2.2692252643373,13.9566252115867,1.27455011371632
43.1676416683875,2.07941255536647,13.9927699796434,2.47027132366026,7,29.5326486483507,1.0699186523879,9.88516820470388,1.87397801466867
56.9677260249152,2.90276290868433,12.7634576872313,2.87857109744834,8,75.5127024775254,2.81458369091235,12.0755509450008,1.93508536695478
124.223334807891,2.07099281314637,6.57250385573164,2.78065652941864,29,63.3314705402497,0.960934921553236,12.1969947864214,0.93496152958756
43.722768383698,0.56723517405384,7.46943977150956,0.969423881864791,21,70.5741475223682,1.57480218952594,13.8857919266434,2.5232279420705
32.6303979888061,0.627219289183742,12.2784364437466,0.992584594870029,21,9.88283763874367,0.432172438144676,3.50926637745078,0.459054220994448
46.3313352712964,0.667991162320005,1.96527077103362,0.355915922485085,12,32.8438014706644,2.10882060341282,6.76555815885853,1.53790990574564
34.2215932704679,0.409538656831583,12.6166705963559,0.8211557854934,12,38.9980109053365,1.91394425610817,6.981316011572,2.13255316602259
112.884527074274,1.10755057055577,12.9345999770869,1.30212368030367,6,30.1289867617953,2.769339675045,6.91564338661366,2.58829704879189
39.4550036806679,2.73000576082014,7.70556041140672,2.24865364272055,5,137.431085992806,0.967080136891154,8.86037423910957,0.720776142184288
71.9800752232759,0.798994785566879,9.48063776208854,0.727407707177919,23,38.3304084617286,1.65315858188999,12.3250845164961,1.64325827993361
76.0742903627286,2.24875177836087,16.6191279015259,2.89156498122192,4,39.8882856055953,0.783369293948607,7.95830832972284,0.598615822862055
61.0233105840557,0.638213858376496,13.4110692903754,0.878208551591685,4,57.8129235378205,0.794426159182476,4.16219680878299,0.477847933597896
81.6422919788127,0.871783238460999,5.98866228236807,0.954331406134619,19,66.6925481099374,2.21390933344621,10.5597754832806,2.61839920829161
87.7484020827548,1.4894279877112,9.7559942473298,2.67634370894791,22,9.56551774912246,0.401275963722335,8.84044627933257,0.899101919839302
27.4211811956943,0.388086305444012,8.65589390868359,0.952969266897182,26,20.0324554144151,0.307837494196738,11.1693960382357,0.873441293530046
192.347688693495,1.61762213730266,15.7626356119552,1.16022782065364,27,10.8868161342817,0.488844399975329,3.92269497795415,0.651741918738998
43.2899092619884,0.589846911000678,8.82070576270015,0.602964775851597,8,40.1213852830411,0.871042850701373,4.8866520877963,0.476299895752517
77.2960230183739,0.779238637042119,9.13368565074442,0.590038383212028,10,69.5157025259514,1.55092984179111,10.5630792304486,1.51889910678051
19.1677891231529,0.47076527132372,2.64233377903937,0.42557480043754,10,163.992961741497,2.77407698080061,9.34438284589787,2.64749746133463
82.3810932595937,0.873703307295106,11.3714178721799,0.689022947181423,15,112.699936023096,2.94974300661664,15.7315968157517,1.49914074457509
130.139821706506,1.90665738415386,8.56989597038196,2.48511121397001,16,33.482302172042,0.544853287845559,2.66927470190093,0.454241063990723
112.501202324876,2.4729332828952,11.8700521227432,1.99285274412692,26,68.1149871671093,1.84249646656555,10.4271261161339,1.03013054089688
136.921857164109,2.59803688027205,7.04489068929196,1.11310757311482,10,53.9781926106316,0.94888802550388,3.98836183815655,0.400065999663936
56.2623600721396,0.693107928581612,5.26262685011523,0.4484646828892,30,34.1497035697379,1.05176215127199,12.142944606705,2.47610128633146
28.4376343775315,0.519253809533092,8.59214585865017,0.575442546040071,5,47.4388155988979,1.38541032387724,7.75618170851514,1.69235119898721
93.7851456469145,2.42180513373696,12.0113544945017,1.16882461866827,12,20.7561477185822,2.44215204526498,6.11289918540924,2.80839428947216
74.8447090621355,0.893414421458928,4.29562185251831,0.531379281859798,17,262.606080327592,1.04875764737102,15.6980164368545,1.88107586511729
83.3415377985379,1.81215058146282,14.7487016499758,2.61178651130535,8,99.1210454446754,1.02863866746412,9.51680177384908,2.84640315886506
36.4280349339737,0.753519014705834,10.2775848805041,0.750358267385715,9,40.2487516747615,0.929759020077246,5.1022366265435,0.780674699137493
102.564064132944,1.07464736114002,16.1084610279721,2.20528285656939,27,34.8607018527863,0.611372909932596,13.6380232503791,0.926063290705131
66.4056678876375,0.871781440183371,9.0468720991064,0.600904219036888,26,36.3986270624804,1.61881783037558,6.59071478753723,1.76143504655449
25.2994414854358,0.442470908062122,6.84796006497695,0.578107247018328,20,21.2204189220672,0.479081966422618,1.50200368605198,0.381733641166229
205.541426189956,2.15493144039311,12.4963962526416,1.54113798656874,16,14.7488935277088,0.322534216180694,11.8590673265324,0.870168986338608
5.60713538222943,0.362179736600188,4.8862742208183,0.757864376833142,29,21.0245922016659,0.510994600034417,2.86313235499652,0.43783617593057
45.6749619643862,0.978312014958545,6.55994660882919,0.468808002089491,28,49.6184311203866,0.647961820227517,6.06496320207753,0.56416551262794
46.4486126008285,1.35941658800545,7.8459073503226,1.02824244405313,3,13.8813515679461,0.34239045344067,8.88646387671673,0.730927242033127
56.6111893815077,1.49979551324146,6.6477406636054,2.6538710226017,24,17.928501930696,0.689849164522658,4.50626638409213,0.603635427887631
22.7694961519549,0.337791575482326,12.4835102467384,0.742181809665499,19,72.9129643793805,2.13222526169404,14.4670815417279,2.18774488273398
88.6050369324248,0.809204524077116,4.39524818583882,0.629784766599296,10,16.0120712609205,0.508346836833316,5.07033745620036,0.799747246163318
52.1546733874667,0.835622421074846,4.3358329903557,0.571882546376149,21,207.050826953341,2.25022536453462,11.022663962993,2.61723573198246
115.919506115203,1.8191336752578,9.33884014963337,1.56680491845415,13,50.7158972720621,0.597484214008485,8.44605076360438,0.5494938037941
89.7768961989188,1.06298242704225,15.0365571246984,2.79920033463994,13,64.8154648277489,2.97832490728165,15.5948359883429,1.73944546667793
88.8476649072308,1.46216579282352,7.91289359510198,2.64863775408407,3,80.0980777837556,2.5110451209342,6.11696419379918,1.59982341035743
125.436988751314,0.979478244521857,6.36897557380574,0.86875437342368,18,115.911583576471,2.97403778288,16.8176854907556,1.82386158957771
166.764017183918,0.775049855514973,2.3175111684492,0.344380482707837,24,30.8398938527829,1.1471898480584,6.03739273060674,2.06314192886694
58.5675858552146,1.22932263659415,14.6217735721595,2.98072354119505,26,42.2237215536157,1.23683420082471,10.070284079552,1.68633398170763
96.9673931653638,2.51751044898032,6.16654943547165,1.43585461874939,17,56.5976953661932,2.41630139250666,14.8595145354464,1.44987277015329
109.320275329471,1.65169432707467,5.978131450062,1.50737248089677,1,34.1191974607538,0.971208646101326,2.09442241363019,0.372272969811825
20.6543113253282,0.62468666240543,9.15873764146078,0.91344857979955,7,25.8013387546669,2.58590440743259,6.07086576289063,2.25804893491906
47.5167992441009,2.84482103356566,14.1178025378746,1.52327303764082,8,45.6594882495632,0.675976195210416,10.1776586785121,0.696175871917743
125.312145778767,1.16586540356498,13.7000228749865,1.81679362195931,11,29.7471883173399,1.1766047573141,9.52836099472651,2.13109247313504
74.288281406815,1.12547440527426,13.8770552406378,2.40029198665083,14,47.5976695927936,1.46456817661912,6.18444469943773,2.89083343939809
72.0012024736061,1.80391651853608,14.0345878078567,1.03742037821814,3,27.9201642717047,2.93877067294995,6.92464670846744,2.18471587617812
60.7137812306674,2.17492590090139,5.21481205373976,1.00866384660607,14,84.0325344610989,1.81950533463119,12.9155975650442,1.81526462405228
30.4683562700065,2.4770363626844,7.0357863924013,2.33257254219645,19,61.3422670792161,0.410254359902942,1.50689039742266,0.300983975561465
28.6555423914873,0.78258028321185,4.39866901519816,0.508945750059596,6,66.6462146441367,1.75256279877708,7.95375417338395,1.11205666186472
61.6057749637651,0.42216382627146,7.08414596871661,0.570646516252891,11,58.5296427692752,2.88240862339161,8.77810518949157,1.90101124410796
36.8940534142473,0.358824860857393,2.70796441697109,0.398476806730172,6,54.4998367676981,2.65519774997874,9.77246070228222,2.70451467312565
41.9403323586609,1.09817625879646,12.06753118961,1.00967680727288,10,47.8651087484568,0.806708251262016,5.86098181089541,0.589305462706359
60.5782877453851,0.673522827220783,1.72061518420591,0.325631218643206,30,39.262203762741,0.476178477797447,10.8285182994135,0.778591732084511
32.7420503909225,1.65520135109752,6.88774037999934,1.53908923692351,18,42.9167272822454,0.747468660032688,7.48052783694859,0.912249597211535
39.9161162701351,1.82581314831241,9.83715671078878,1.65705185003996,15,21.0638725664197,0.426458871082673,1.61460687063911,0.333844697951376
48.3650900273036,0.505833235511195,8.2277790434302,0.776758169817898,27,9.06252489937209,0.347084699079041,8.12701583523272,0.557393820028829
95.0336828110326,0.595109173848,11.3523422540122,0.890620370836196,17,35.0530009482677,1.70648856578467,10.7681219573207,1.94462425114032
22.9388687435425,2.58095944438548,5.66608434388209,2.46012601824407,30,58.8691419166221,2.41171700018418,8.95304699182779,1.11386528105745
122.973600526735,0.549888363891597,13.2024655753579,0.842762996010503,27,19.2566953933123,0.588250926973753,4.99820767345471,0.621038981919114
40.5571956995873,0.660538750467959,4.74497198593952,0.4122037766717,20,16.8013683544493,0.391440880333468,9.42301906623814,0.761603376484921
42.9362166905744,2.00233911604751,6.2407302042842,1.26112623477315,5,42.4604959974508,1.29635976224185,11.2355344331449,1.36777004478068
93.9387541381819,1.93460734382387,16.6803239158678,2.35781266208599,26,63.8836083830797,0.546718049234437,9.19943218232511,0.823851097234833
56.9866881764146,2.85132604732191,13.2733463226671,1.68625029080049,21,99.2558705831455,1.66953359265212,13.9492493009789,2.69207232792564
20.7422551429522,2.90619885950908,5.76127690180698,2.10927791950202,27,246.008062634853,1.57466928550551,14.2006699294328,2.70947053436969
22.8260724680183,0.581871629880375,7.56338393148453,0.925875696646512,11,226.147316536723,2.08329274476364,12.0775921991205,2.83794847448652
62.2946446712383,0.584281625534917,1.76475431218101,0.319698864059188,11,36.5522392257263,0.610130983325194,5.78147404277365,0.580916333641152
43.0360047994041,0.668310260578992,8.6306918416213,0.704754083327106,8,26.1272836004464,0.62894505933646,6.11656407096284,0.501834167546592
83.0937188274286,1.92970484966045,15.3787932693627,2.78614649588924,4,42.6599188075205,2.16323596161304,7.37947020120026,1.49567197418805
64.1724317725867,2.73637229343495,10.789991612096,2.65059151070814,1,55.1793970658118,0.826749005092697,10.6005880256926,0.923190189611892
9.15718783376261,0.428586422136663,7.4884903899699,0.865749078192293,25,45.3229691551798,2.65089758735692,11.9551003802981,2.26799340131768
102.895126941978,0.610925290089407,3.94382426454808,0.410589863226127,16,26.4330672634954,0.496152747152313,10.7600335367241,0.725330131430238
76.1331151495285,1.94371672497608,8.50231508162245,1.59102531304175,14,56.6763526378413,2.25535571953571,7.29939685322037,2.59782388969136
63.8047637143743,2.79390117023852,12.8572573539633,2.76981547247651,20,40.440695680037,1.04269897850449,14.7891357528691,2.93749743862508
67.6219245610986,2.86987571304577,16.5620350905823,2.31763866425175,13,82.0454860716958,1.80377417635291,8.55827828528648,2.96369420766588
100.725267138977,0.992891124054884,4.40426734111085,0.472805075193964,17,129.289329340897,2.34492434704828,7.50736317801142,1.44318831522854
70.2711240449498,2.08777220579968,6.92687742915994,1.13492969654346,15,80.0881450121917,0.559775441412367,8.65139239280791,0.557614022070601
97.1561841506644,0.726402395533436,12.3196203407814,0.780094470206815,20,43.7839174180452,2.23183476041397,13.0360835288723,1.12583204564951
36.6671811279054,0.452159047096371,4.52830530180761,0.714834613545007,19,46.8918787019132,0.783122459650576,6.56513608417985,0.63212340641093
57.4272722977225,0.625111153483347,5.52597738828434,0.898475848233537,15,104.132133240396,2.53898380387955,8.60372631267427,1.64822017411678
21.2798761600655,0.820497440365324,4.4240361724749,0.649269070541428,9,131.10757406529,2.33569533021341,12.8266189227874,2.84801534372462
73.9035068208931,2.66502537174879,7.56629218227056,1.70931852113985,15,134.475593801724,0.993261201324104,1.54440283775346,0.304289857406801
34.9229676640865,0.837158862108242,7.37711622089364,0.712014485925679,29,41.3109851771751,0.995948687835169,12.5375162388564,0.836699245612868
37.8940608867672,2.36175322570723,9.51066394056048,1.89851504669224,7,82.4657375441361,0.875515579814045,3.70127682822038,0.468951627826661
37.2379439481211,1.5768655227857,6.93713703587301,2.8868155263106,7,40.5551177240936,0.520925263580262,13.6201669349466,0.863683959942125
23.2580639362884,0.41932573824929,10.5150479795455,0.833127387065029,20,87.876712352129,0.968303512776413,1.9360838665643,0.395737895186577
196.432837597291,0.770559741367618,10.6947408811757,0.738159677173966,23,41.0285768384761,0.668256325058445,5.80708246000001,0.579965978901715
8.82027669120608,0.383220579771532,8.28820644470503,0.830693999287423,28,13.0449063685446,0.461119711793064,8.13643724290408,0.803220234885073
68.5865147592477,0.951076668534241,6.98395771856126,0.554604845249383,9,85.0672980298858,2.39363262087843,13.9795071477388,2.11184560007945
40.2229697576137,0.427444440137355,10.175028674847,0.642941642881436,24,41.6732737841775,0.61508637881639,8.84448768798647,0.96363326506393
48.2405628643897,2.37303871735238,13.453767006959,2.80220120737651,21,60.1188821836326,0.716262667511288,12.7073240255504,0.919702719807741
128.903957756706,0.933292380115194,7.31454520930586,0.675335984172163,7,62.2110752884355,0.648007468525528,8.36480949587198,0.658105665852172
64.8154785697432,1.45518132898516,11.8015481456501,1.12985489103251,9,78.4323645464426,0.816877188347586,8.9161177215884,0.815503493521655
21.5121288326599,0.398312954843604,2.60412148406018,0.416537491596427,19,219.180180023526,2.89462961252772,16.127645599331,1.8108009077024
59.0078441483352,0.825145981828863,5.6327116253325,0.489890261437749,20,55.8043244667612,0.525677735953364,5.1614337067633,0.589015308743691
61.7154104908401,0.773989854845811,2.84645484079065,0.350203136749964,14,67.7424162455644,0.817234105393779,6.38503555251459,0.910428291614302
114.726357137988,1.17811135906387,16.1408243686492,1.37128489600586,12,43.1744608527206,1.68782262305198,14.1672175556935,2.23519849961665
29.3294209578466,0.818601665701164,3.22952486415377,0.434584595416892,6,33.5574868882447,0.378954590446093,4.12785573166036,0.433648460270837
80.499143523636,2.83453631895834,12.5467781054923,2.01092012621635,3,38.1485854160624,1.45858101407361,11.9672292344335,2.43732072606437
76.0681356588363,0.884777139700559,1.1846842690492,0.345088140557374,13,76.7016219846288,2.74000099184771,16.438056302598,2.81419823530739
77.6339842128854,1.23017894341172,9.06217832047965,1.00836318106798,18,105.908169086969,0.711878525126496,4.13082310794263,0.412293481670024
29.9932666269936,0.85757971292309,0.677358860201993,0.30821737674985,16,7.20667757763192,0.326939672520817,8.34950445008253,0.661073987650112
31.6729766952021,0.686542638762536,7.54118672316687,0.668980255771287,6,29.0535196957296,1.71851321429639,7.47061739474711,2.65214416230723
40.6977907110959,0.965255893049199,3.93430036135992,0.426536366852439,11,51.4958079066782,0.448236059632162,3.50195439344609,0.380443503992034
25.7043038729088,2.34823342821722,7.93837085771164,1.98110892228823,8,49.2687571351028,0.451145736648773,12.7135839314243,0.763646888254591
46.2944129787496,0.54870456684893,13.1264465366827,0.88111845163913,5,24.8760466952407,0.845102527576885,6.80146987163661,0.758326824370322
15.7978842777252,0.335391080070437,9.24410351945694,0.937892068286201,30,121.061723073202,1.74759457906719,15.3728413023432,2.71823467025647
131.523137246088,0.743973784521402,3.04780234111803,0.415489629667654,19,77.8124578635983,1.44619717444429,8.94339046273803,1.05562616299346
46.3902095254176,2.52124173728807,6.75673917522067,2.01061811975264,9,15.623591252189,0.448573602546231,4.70670757876279,0.505656694126121
25.377795885674,0.740275792934453,5.41923825365753,0.544411813946158,12,69.728111744946,2.23546654859986,13.9984450324593,2.17441777512791
110.15988409747,0.796284983366586,6.66428451089277,0.477689865011607,26,81.129037629124,0.897177737925526,10.8749256855421,0.676064908267758
13.5116219386373,0.434317098466643,5.3944983204367,0.847466901963413,24,42.2596081299624,2.71066654263141,6.32926831028529,2.29924907679281
6.57125044368043,0.336883094886904,7.36054122281741,0.702339856548602,6,256.667517969684,1.08497866370255,16.6982366978478,1.81297131801804
44.0946224193768,0.506629867157198,12.8551741651209,0.800171998979012,25,57.5871477533665,1.22878369637433,6.67562640917927,2.1130815466276
34.5953438437048,2.18159405222147,9.7043231103306,1.41645782928171,24,76.4624263857638,2.48617491024259,14.381400957006,1.46642737096245
10.5616395781724,0.348293717002237,2.59113573937232,0.350739681418554,23,50.2713546705734,2.66972469832246,11.7747364357118,1.16627332402661
141.211744664406,2.20983951558476,16.3644696022061,1.84685881363896,21,27.5229503574949,0.72802325885354,6.48224596259762,0.735715684787987
25.7622203121105,1.51577799087595,7.44971585014093,2.82493232798817,18,177.617345385615,1.05865660203538,11.5585153581548,2.77871094891446
70.2146747489228,1.92950484820019,11.5534563055192,2.25917496047468,27,50.4662522962723,1.77303769666142,7.85970218609733,1.918404195202
57.6397506954168,0.915894925431673,5.5349078512253,0.58840116286168,15,46.5739193796543,1.00151447460311,13.3906342035574,2.01080849805541
49.381163496583,0.528023382564129,12.5843668349294,0.979706799619216,13,27.2938666249037,2.46783298909964,5.67561047349189,2.69093277990586
11.2189499353029,0.384979501768346,7.20076782625317,0.531184419362892,30,9.12340638217472,0.423136737536903,6.40568677901864,0.945662170822875
60.5546234403893,1.75449603033747,13.2745885460756,1.89216080161901,4,36.184213794578,0.526348024425364,9.01916282611414,0.88311002651249
70.2504675313032,0.923047712777945,8.47366662213601,0.807965589106927,9,37.6476704369384,1.75381346455,8.82394264709581,2.72643983849968
16.8302444545355,0.799058206476882,0.980896184758345,0.335249515849489,20,58.2407798335917,0.819873256386622,11.6334986200973,0.785199130477954
27.7635420906359,2.85308820688368,7.71619448288536,1.71231543676095,22,48.8312515467597,0.716803805421154,11.3377007643177,0.983800343572644
33.8555958866192,2.22104180105935,7.91972913781373,2.02253184059925,10,90.617920799229,2.10689161955154,14.6722892256158,2.07440215522596
48.744793958133,1.79201627925298,10.573198448963,2.01384449830582,13,178.427870149143,1.79743688578399,15.4338924973303,2.78200276331258
69.7552596708264,1.5985965340058,8.32372011890505,2.86474100509697,5,23.8434847592206,0.347258187661884,5.59697798494433,0.47020471593385
118.028271680655,0.893598330402195,10.4913812033577,0.877203842582942,24,198.390186311893,2.18134642614678,12.746139048674,1.66693762309984
11.8659377449625,0.35928614713653,10.9961253239043,0.896684695869331,23,31.6324070862604,1.05743331565197,8.37437750190434,1.72955362177638
40.4667278799388,0.756803515135921,11.4934858330767,0.880141263050843,22,28.5681532630462,1.82350955164939,5.96590121185384,2.92886778555766
141.61250443153,2.38344601062885,11.5781983099494,1.30344481200663,19,46.8226859792107,1.87042617371548,13.2974695959894,1.19196595833258
64.3267081233211,0.631438438185233,14.0089567320187,0.947006983593882,28,17.3504730329731,0.510493282766406,9.22778480163391,0.88074111226437
192.952508617916,2.65933841574262,16.7111431203834,2.86784855569157,5,35.1643342449977,0.594372753882312,1.89254988936116,0.415102567875588
21.058390438491,0.934093506537369,2.51358591016961,0.482999371214786,24,81.4922299817389,0.839483703583652,5.00938673594467,0.826677769107451
66.635318011012,1.87172841304701,16.3238495567942,2.40877083552271,28,23.4543111221951,0.986735003384717,0.943033757051908,0.318263949974154
43.2108786503501,2.11918741102343,7.62881071917986,2.46031439506927,13,56.8058559507724,2.77003425991105,16.240609367064,1.57782251120459
27.9567498645757,0.544555288548589,10.0214613104638,0.938518708517956,10,74.2297664212132,2.90363822073481,5.93970034749728,1.7945610242077
65.7004803741353,0.817593026115195,12.6653065340106,0.797733772926475,26,22.8988034010572,0.760128154036852,5.51125966519467,0.796497141441997
77.7021561714417,0.645778401736535,8.74511151319734,0.811714440076611,13,50.1395412558413,0.693270205192775,5.64845368783984,0.749238351265479
193.902448217068,1.62217178085162,16.179039055694,2.66825316963928,15,41.2186766574437,0.709441594169647,3.94700387234577,0.669662310239466
101.042267000776,1.56564276310582,8.45428488234078,2.76225170593663,20,149.775211189042,2.95624270485863,10.5295528294262,1.62559483982804
14.2937228629239,0.40646160082392,11.5919616946885,0.995817141610587,21,37.6112134819243,0.648412212937745,4.93070376656377,0.695356047889378
29.7342329961693,1.51384186413835,8.69561446440267,2.98261192445005,23,19.8951933028804,0.319389922507383,7.39298564107417,0.766374017971403
46.5395618862716,1.0200645162347,7.24759807352361,2.35889887635934,23,35.8154556387571,0.772412808648724,3.58560742727859,0.39199767649826
55.5602184102254,2.32302063274681,14.7330178548472,2.32662408142326,25,37.2608238965685,0.802577274420669,1.59364677770235,0.368506717343548
118.658102771053,0.881270023970019,9.38167474103819,0.929431737645091,28,31.088086940741,0.427116630486231,5.42120601520565,0.618299169282119
34.409927904152,1.06700503989375,9.70723695802548,1.84130817767051,2,131.830610635334,1.79037888021165,15.2998021539089,2.53489752835293
101.435277930036,0.933490324021184,11.5150119760456,0.883116271063407,30,27.8930501762902,0.677492291859189,9.89897606939622,0.727963347670056
87.9897288450892,2.00097764535575,13.864320826117,1.71825321635824,15,6.64953638393598,0.374763348949701,5.89923184393037,0.931632995871891
30.9662181987113,0.480026920016234,12.6557000878783,0.92219657589611,17,42.821944724559,1.4252284067962,11.2947041562901,1.25514550992149
265.821441246552,2.83508327041651,14.3982684990555,2.38455932725656,10,24.7130817173252,0.932292059752485,3.70309319683007,0.476385716549744
11.495205715731,0.359944507150854,9.01000066700401,0.977647681364638,5,75.3899406423478,1.86860490113399,14.8054057594278,1.82888279206506
45.4733794988267,0.789860393325341,9.12006699361564,0.735344036780591,17,43.1641854262139,0.588799134521319,11.9607782352033,0.800204541332014
112.945688611894,1.99814508598271,7.8412437779355,1.97754711212752,19,42.4259108119119,2.85860047875246,11.8795264788305,1.1690283468068
64.4721109523512,2.87297045605438,13.7459393448882,2.60709168089756,10,35.0982466478553,0.615035479845602,10.64033887583,0.680320935250869
80.76987074974,1.43306860589803,10.3267647598748,1.25674972276585,29,193.902557065445,1.00254395641697,15.5031549868874,1.56123355757834
33.962318224409,0.423819310639278,5.52831481409116,0.576070315591276,11,104.370221541098,1.47819921280441,6.50131129613415,1.74367562508195
61.2860959831556,0.957954719614901,5.05698622803169,0.575530068227969,14,47.5419503904648,1.99467469470487,10.096444850657,1.21987315559727
11.6207268467519,0.398191508836061,5.22324060303001,0.515349427891325,14,128.955052258865,2.97865370984458,14.4848626532837,2.62786334217718
55.4481974542152,0.392726450479723,10.3967245652507,0.646726754693973,9,13.750414203775,0.420892730657548,4.36847240736952,0.642658780147292
107.322977743873,1.77704543828342,9.98615999492806,1.79222619945296,25,33.4763689200708,2.65786728304805,10.7004008821321,1.8000055489431
42.141825965799,0.541123633256851,6.06690588444,0.941569380659176,5,45.3298810039387,2.28347042590411,11.6088858162711,1.60548974219456
131.550922533714,1.03500579626573,13.2638197952365,2.22372841666343,20,45.1726671489221,1.48721218100206,15.0356184370988,1.75915927149112
55.2030914823833,2.33951338016633,14.5731934457463,1.62504365034113,17,68.3710000982033,2.56529110436206,7.34362776892545,1.59140486081655
7.48052669008311,0.336433937259858,11.4657593171095,0.953150212143183,13,27.1369888996923,1.33163430966721,5.71033175689407,1.22336919253534
234.037394934387,0.869902072942027,10.32174727553,0.640507258389739,30,60.147963129856,2.49235693446564,10.1666572438973,1.0843105574458
23.5394339120011,2.32344940689393,5.72647772653921,2.36793064764286,7,94.275768003587,2.52130068113362,13.8649496398646,2.03607021139162
79.3501132440893,0.83192975863436,2.27042076654353,0.451028045978432,13,106.608740026364,0.880943749943361,8.76034164539652,0.674982742327114
48.5262568448661,0.665318943625083,10.6130640901742,0.966323597539761,7,30.6674661735889,0.865163686580746,7.31273172954748,0.748183192786515
47.2186300523929,1.45208029288298,10.1958567479657,1.17415442638793,3,31.9272460325998,0.417185810944823,11.3285406912106,0.963185038174812
116.88969516099,2.46353685655015,15.6727575700877,1.58154070602995,16,21.3055983792575,0.564186583784125,3.63893219560738,0.420467849676265
158.096161340329,1.20038265608057,12.960160588166,1.67347616513932,24,49.0394972136244,1.85049122113272,14.9377878246597,1.19735216736463
35.4329729494707,0.703510026211101,7.43526343226739,0.534853129808536,1,33.5554342973248,1.99575682474254,9.89163661782876,1.13217978662012
103.6132912548,2.94561237456991,9.01010185194576,2.61163336386451,21,29.5344140811733,2.6465752732354,8.64950964864857,2.98798900725899
23.2145079525004,0.656542527937004,8.91809473312352,0.790774490093091,15,109.368816196825,0.913726651800012,5.45486108446274,0.460880698907141
17.9214250380724,0.360282266176614,1.53420603555074,0.350509233345968,3,73.2090188238305,0.946116663204219,7.28798236449023,0.530321994918846
110.620637426068,1.29377960427692,6.64582822947221,2.5741147102595,17,66.6518604830445,2.87074652066224,10.2210063424037,1.99044110297351
125.043255232912,2.42459940759712,11.5678575104093,2.06682056068014,22,7.83029706897244,0.461286134291328,4.44001054728734,0.731515535020486
32.8899093416346,0.732115329388443,11.3743319464363,0.834702869821264,12,40.3189388664874,0.909022817764147,5.93466775878657,0.884694010531535
15.2870601492211,0.300982119367834,2.73088542448529,0.392033182444998,10,67.5579522850856,1.40979797914104,6.61009092650987,2.4634061708819
63.5866828979416,1.95980856461645,11.507060006785,2.2995970219118,23,194.668391421321,1.42868997618557,13.7031256130462,1.47545595662885
39.6769793172541,0.629447302923931,11.2497922443396,0.966596007995201,19,28.5017448254503,0.460289241476283,12.5052453124444,0.847554829423657
28.1466197507778,2.04247875911989,6.19694368776262,2.94827037987184,10,10.6274536325538,0.34744170669622,4.96046440297792,0.458303758734295
159.46757419137,2.1292627300851,16.8357150990382,2.26917370201453,4,40.5505697351507,2.46686059965072,11.9285860339571,1.59040976920928
48.5545397281234,2.96089347716295,15.867033681258,2.67364656500766,2,3.74339454011127,0.311337664121048,2.78107702680524,0.447498091248066
41.2116942761476,0.75502657592705,3.70446587673936,0.377474558167702,28,6.59564727424783,0.328759015613032,6.52542160331234,0.89195660017128
68.0126724133328,0.697644046602764,7.6649589693182,0.589370013819674,8,60.3907429186084,2.06245595750529,14.2106247094539,2.0853399199099
30.6463343001756,0.915428742340481,7.67471906331536,0.744051168849783,26,31.0340913502723,0.730239975796322,5.23893110919609,0.535549156331699
197.789966702588,1.53236483175393,15.0059120744305,2.48776917572744,19,33.4858024588494,2.92660501694895,10.7205755448481,2.2164600611156
47.0992255590461,2.27970123496458,10.6256393845141,2.22468192682681,22,35.7087888156877,2.03355594797391,11.2935716832691,2.80907014596342
26.0094127369963,0.815188627871245,8.36147484013683,0.860046867736502,22,16.8928821558662,0.388609193826916,14.381755600114,0.956638398484898
16.1915266050055,0.56130982290111,8.72308642269959,0.99537129190913,15,57.3223806635686,1.74549394038976,10.0167498839227,1.41564297054734
136.840683013325,1.93991366388212,7.15352593540692,1.31357459773605,20,111.519766533721,0.498536741452281,6.32876351406955,0.498962080839182
34.5469335907784,1.26939470673957,9.31141365020619,2.20234901215659,14,23.8453250636289,1.82152388945808,7.64884712119267,2.65624296488464
205.148202306133,1.90942887945514,15.3288922621354,2.10033291379217,28,68.2389298117686,2.702482429384,11.7072932967691,2.04892013734056
37.296548416,1.11289539544842,10.0146461973145,2.58067321438567,20,80.7934320495821,1.16367055458472,12.8947436501755,2.42669188692098
80.5596025086914,1.7923200212977,11.2355555856178,1.35610682187668,22,16.2730117118123,0.557620871296609,6.07022458502566,0.791435295331039
24.7900311965359,0.690693992921962,5.45262292360511,0.570804839158233,27,58.2436310287619,0.955401984067156,7.30337274086996,0.620723625836432
36.1513776699531,0.672494864744534,8.67080854400768,0.881806162214828,2,31.0108820734372,2.24646562183119,7.69513739558658,1.60218129779277
78.5895799957211,1.5351014971072,15.2140012570471,2.81908950699782,25,19.2395964424308,0.442183604514901,11.1216442381598,0.990480445319129
70.3080717825048,0.530787157476132,2.15990427511719,0.338549039926307,12,81.4211399019428,1.69815767150421,11.7132186295791,1.38775700128214
56.8858852533516,1.90797845243799,14.6612431650455,1.2338606460001,30,49.8550574691719,0.722232958154878,5.56590940640431,0.887823391681484
94.3852383611274,0.560373321984554,3.31948031011796,0.406345964097662,27,85.9415589222618,2.53907259383246,8.13361296041108,2.4876843508687
41.8294478204613,2.24232681534501,9.19338924007126,1.91837370172287,17,66.6252055294997,1.06217958788466,13.488380442254,2.54975934800218
21.1573778540794,0.338657334516451,4.66411718836878,0.497525377617703,17,152.167782845985,2.88611276904643,10.2124237999463,2.5314900511763
119.315790089398,0.783847285317254,3.05828085347829,0.439654159601425,10,67.6232547552577,2.85875895513059,12.2353568105453,1.19952552541264
26.4031714041713,1.60856332283867,5.95608762132987,2.25652585891561,24,223.434576003866,2.85678946834812,11.8410871148179,1.98336170102422
99.4096920165839,2.86793333403451,5.71505170445678,1.16373583696488,25,5.4103674731729,0.356912898682546,7.25521935034131,0.806825793588644
87.8315685345361,0.563745836405658,10.8044105889329,0.909132678501185,28,5.83805667280683,0.383768118079387,6.1589366534861,0.896014954170309
5.89957121133867,0.360291093931182,4.90682806666647,0.528295711592337,17,17.8941986398725,1.14468803926721,5.79690098837972,1.05782445796107
36.3214295153353,0.721627560736996,13.2001745374665,0.850398873451053,16,41.3781878004451,2.46474154591735,13.7757856225029,2.09545160213358
5.68798834536206,0.300205139462427,9.9523595830364,0.663921032322418,23,70.6280859416067,0.699705145070482,11.7170648227138,0.903305670536039
270.190888614673,2.32139942807855,15.894743316474,2.93919449621639,25,62.4292165259426,1.25406695416383,6.10906227542764,1.50501918723429
17.4093790196016,0.300205742690911,6.65389284533748,0.474807456648982,9,87.1144362392655,0.524799867999317,6.29732830779274,0.553082036938678
26.4840449113553,0.539803202352305,4.76737513222968,0.504801015354303,9,37.978413211219,0.739648804624935,8.60730883846731,0.565082666746912
112.725071397657,1.1883198880042,15.9562119143073,2.43903323051495,23,34.438624507943,0.643675598247067,9.06151198787436,0.586465828437196
38.0002136576489,0.518941518162925,6.64461839322539,0.74437016457343,7,26.1516240651684,0.498558476579672,3.12624850097385,0.384426490087643
59.9923367672483,1.27574449679214,12.5967475875462,1.63949359741058,26,128.185137709915,2.82829913636218,16.0713549727413,1.91768267096923
198.898190828713,2.89666858893825,14.7038467133593,1.63538169591563,25,60.4178457677584,2.03433823030528,11.732500022023,1.44651213537758
32.9494486628211,2.31380318689497,10.0546775022571,1.1431201867955,19,45.2742487459825,0.681693315242558,12.2058912552284,0.911013414377035
97.089905289309,0.762219001639142,10.4030539309207,0.756038163590672,26,100.523805555276,0.967114030393388,5.90732072988067,0.473498171871447
43.479641675733,0.833993152880745,2.97019007575987,0.493384992082679,8,37.3770120885862,2.23476549892709,10.9218036696441,1.25918028097193
6.01353980925366,0.348473205105885,6.56977452605062,0.61269295595836,4,40.3069932628376,2.6421951596444,7.9479140342952,2.76930071972115
45.0496476886038,2.28882127031955,11.5034376476764,1.42401232692795,8,23.6147223850069,2.22633613295498,7.86669327521209,2.32487336070414
98.3585310214015,2.17420260020146,16.8007838403225,1.97899797420947,28,50.8625625640659,1.63597693165931,16.5935072355478,2.55135205057428
70.6546036324311,1.95486668849489,9.74102550027975,1.23813936647307,2,12.2313129116897,0.330108655664313,14.7610811251966,0.979424501188666
28.3868277923404,0.934271065716339,4.92222494045177,0.829056601597524,20,8.31931641449328,0.314855860995711,7.08236143370537,0.757088840127225
28.5451686174895,0.44870952646775,5.70617326172647,0.463425170992348,25,77.8244459597029,2.02270415589871,8.28706142941114,1.3579290766031
122.753323951459,0.984153036114474,14.2360077493507,0.900943697024828,21,23.1530919151935,0.530064448712479,12.0507514442393,0.847279146982759
138.004031055746,1.46661913726796,16.9088964025959,2.2881545309325,7,45.4645971068865,0.519490157563819,4.00984063764466,0.471450320973237
47.5699311995625,2.86916819939955,10.817910145463,2.58361155126755,28,15.8120120882144,0.364828588297521,5.24863931883751,0.778098978470452
27.0402981535793,0.812588181961386,5.16575920006417,0.803229338512784,17,24.3917027030806,0.704791206964426,8.25354873804006,0.728342759029409
12.2432127678957,0.45883567438584,3.65689973782963,0.540826980460613,26,4.74737744380126,0.349484138741991,1.52529054278393,0.371058213188897
66.4389374149258,0.855088309260239,12.7206029115516,0.812228628493146,10,141.964525866106,1.13543969666136,9.04097788953298,2.39680914677656
33.974103820164,0.793363795468955,6.83103569724069,0.522874872360002,10,70.0108157390889,0.956293139562264,4.37567551099428,0.552518884282083
90.4494620694171,0.695540776257783,3.15605395437968,0.38759140727227,2,120.684694528091,2.53383324405434,9.74924840990005,2.61726449871341
34.5468230354515,1.45269171546727,9.49156814185896,2.9559094637408,7,46.663247600332,1.24837798551264,14.3006946936661,2.35659139336167
138.119724577036,2.4260382907529,15.4202585117396,2.39107251611518,3,16.9162438976899,0.439216970992161,7.04558220055189,0.76794816194697
19.8229583451042,2.19010427616611,6.35657085734944,1.54067277396076,30,84.2235973967609,0.938493685201012,7.71527697795895,0.72432999850402
45.5005595783213,1.14905867022028,12.9944488197508,1.83344236842004,3,44.1495279152407,2.48479165652541,12.0467932845705,1.00065734242339
122.71568972118,1.30500083756995,9.70947461278516,1.91460669326476,22,52.2312340500635,1.7827035891072,12.8704118671803,2.42022612378166
50.6767223731932,1.19327919170164,12.0494902071446,1.35397667393769,29,25.388831245566,0.560432439153311,8.26765971418479,0.970966690679299
28.4253397811939,0.509281965940426,3.70084268576163,0.382558165925549,16,126.643487638601,1.9302323577309,9.38172582029651,2.6579747607594
21.1836760269154,0.725884208752392,4.4138179861526,0.683732073204213,3,62.1921530984744,0.388337228304068,8.64020327582451,0.549385002684774
159.182525065283,0.965343697005175,14.0265671585845,0.911144992673204,28,29.8229011836794,0.997347738671015,0.882824349561025,0.306861863837789
40.8684049865729,1.1885266103461,11.6729380232694,1.55466850725888,9,28.7738862255748,0.543625092248613,6.16686530918586,0.635101053055593
36.3451761942546,1.29784950360023,9.65590691099595,2.67731377954783,24,103.523740920101,1.69967940324485,7.34924161458211,1.13164805003165
153.474155876446,2.05787219612944,15.6126710605811,1.26064702374045,9,98.4114507827651,0.630712923167899,9.26726675273409,0.993339630310009
90.6521437699668,0.986702948664147,5.89349760237309,0.712479157059545,13,46.6836036031113,1.28905465254179,16.0189403610998,1.88864511529177
53.0189214214965,2.43108117764891,12.1219635309973,2.50679149285573,14,45.5776958424016,1.78009520445037,12.4849731599912,2.68943845589731
38.5924459853358,2.75038814341014,11.1193226301017,2.9302235556874,23,21.8811308063788,0.601450533226401,1.6935280628534,0.365451550270063
44.9211398402527,0.906637674161835,5.04405743983954,0.459497500684039,23,6.21967759332277,0.346262826830521,6.81136840308301,0.748783895112083
24.4759799930275,0.5542533225385,11.081301818367,0.810863715683857,15,10.449075221245,0.476357927646413,6.17564026775757,0.796217622402973
68.7943634003522,0.759711903468252,2.19408029762948,0.345054544381033,3,59.7511889147119,2.11429948695444,14.4839294054695,2.35527093615817
29.5108986139277,0.486056924716874,4.11611706642441,0.406170241203687,13,54.7512840120221,0.461657989953081,2.52975965853596,0.346495616060088
20.4574556930907,0.534254867219492,9.50679145586273,0.71157985969575,15,14.3341181742171,0.373914207792844,4.86429260984491,0.889625622603675
19.2134727050545,1.48248177916303,5.89645438662567,1.50837852131374,24,60.4936201433736,0.629185823216724,6.95069492770656,0.59645246841554
34.3786587611973,0.459258283057618,5.69699007458095,0.969689508692761,4,27.4164898328488,0.869675380618088,8.2165749807363,0.945603343591447
20.9518483786439,0.427710344733197,8.30319322157475,0.821493795139746,12,23.8485297556629,2.31336457513219,6.64669212361752,1.41143184559625
21.2610583585083,0.538697683319295,6.67879899615937,0.605920222191551,5,10.4872495617168,0.475937887888438,0.787853718651859,0.310955329393758
271.593364148973,2.41204883546665,16.0441338988729,1.8907833356564,8,50.2633121362443,2.69280850939433,15.390627591168,2.11954478560534
55.7049045024826,0.931985696773514,13.6206035418466,0.994182671266159,14,57.5342614109125,0.713847625888997,12.5122803674452,0.912558378196633
51.9851409821735,1.60347458254146,14.4120211879201,1.23373914849888,9,120.000553043705,0.99283842571749,10.1280469342719,0.686897223766999
178.876713787698,2.17804604797499,9.66359166784495,1.82987165881653,17,7.55381117869967,0.41176907940672,6.70311775609609,0.847253846281148
109.731448868796,0.628644139044261,13.2703776294983,0.853362648602796,21,180.706616298663,1.19064133319601,10.5651130767983,2.78577223110794
21.0227152092562,0.560477275400664,2.69620387427894,0.439128863450448,21,55.0003247659584,2.16083210823845,7.93439370258495,1.62314141404663
13.8294097899467,0.599758379210453,5.76592092660245,0.989133549126288,10,38.9837136130757,0.724396051971303,4.59220763313435,0.425292837379729
45.5488155877725,2.58896897108651,11.8223635194208,2.68499680825283,26,243.479031914806,0.810830928456766,1.70476156062128,0.303471051319476
54.5975803777892,2.64039132541266,10.7769043653118,1.06660512643838,14,23.2872569944137,0.417773524725236,12.1790055904108,0.919820718563526
60.9248590821111,1.57274826526413,16.5560785484236,2.56659194581958,8,51.5286544362266,2.26970891460886,9.6435681442819,1.27783717614271
40.5468728565805,1.08304747554406,6.37984153554653,2.15047502469081,30,119.350874889676,1.26209496143695,16.6861551897845,1.90868544729999
45.1146483083787,1.8910681893214,9.84048623039312,2.40132411043758,13,29.6579951540272,0.701957950732481,10.0195091494575,0.770309830782809
66.7821946975606,1.4569249907323,14.6453284536067,1.60658246593395,2,30.2147271350886,2.87514580906108,7.95673132677463,1.21962724051012
56.5812456258469,2.23631839995506,10.1697876144058,1.6161069328949,14,40.728692596102,2.05521896434364,12.4549194009155,1.33243784515247
115.402377433743,1.24715014515881,7.13622612935681,1.56638337264255,7,45.9388322947878,2.15353250775572,9.63386371719105,2.10814927421067
42.9714706243695,0.504426941744223,11.1615054422606,0.796398547161782,18,23.1112169834035,0.644880433517466,3.77630029880419,0.518821753043744
13.0343938530951,0.424828843291809,7.36822730848046,0.571288831287593,18,118.615469745786,1.2984022773395,12.6130911911425,2.46878452850803
77.046469028052,0.884037314900416,4.94108645112662,0.475775788277939,4,19.5090643370309,1.28741220654941,5.67324349142705,1.1560582215765
38.7942121188238,2.07427996893954,10.8411018389207,1.65221812973515,19,13.9397706924215,0.402469603789486,4.97606813684809,0.915855889296542
29.6211234330869,0.681800325179806,10.1142050936375,0.97326209974786,4,52.5840419719487,0.64944383317555,7.19952110371634,0.991890021064778
23.2478929161483,0.627064199163273,1.916701674683,0.351467229641508,27,16.5324668465201,0.419731738830638,11.0404075010457,0.925169608498134
65.6347721121451,0.809320465571674,9.90427048436761,0.697995497014536,25,44.8112012585161,1.78809438878372,10.7741292249032,2.13767121283589
121.690672703684,1.64958336472719,9.58802483387987,1.65262814952157,23,94.9602531337429,1.58858173415109,11.3605971997804,1.4468347504809
27.008433855961,0.69133767348706,10.4617636580112,0.976567228837364,19,14.3039778524075,0.538262175703029,7.32178245053231,0.87729119272522
6.90930674312653,0.343608066397351,9.97042797018976,0.743492343842397,30,10.9008560113241,0.37098795169734,10.1860654660479,0.910277440345173
96.4621397766451,2.56305345302026,16.3125048965575,1.57362815347387,23,87.7238052201977,2.07986062676029,15.3096957725645,2.57470625370727
64.4048217175157,0.649005127683016,6.56736864211971,0.491409174652936,16,55.0380530943262,2.44126393225712,9.26882417083967,2.82534566055457
54.639154677515,0.840414379493624,10.8507419276606,0.896772397742225,9,6.8179900993122,0.304012251109117,5.92928664521055,0.530635516699972
76.085201164564,1.20218463556072,11.7155676878146,1.66448470380501,23,8.38629423712882,0.392391428694627,7.63855446995117,0.876065631248781
19.9735444377493,0.575058971211354,5.64897490919854,0.639080307282209,11,14.3250857264314,0.41794011908784,9.7846778994719,0.925136615964265
75.507551065679,0.605489872880024,13.6346154146281,0.982349511963281,19,17.0435542724167,0.855653082259174,4.02150929993247,0.656968882384966
133.212756459068,2.01727777153277,11.8035334884162,2.0354027638946,24,32.2212119409625,0.575535309233554,6.77005455559103,0.505637185390624
50.6737831002139,0.851197520882271,4.94614864050124,0.658806993061459,4,21.872155905334,0.48824377199013,0.892713870260089,0.325283362775
30.5252462646372,0.622888965205686,6.47325446205402,0.776063000542298,23,79.73920441489,2.48771211733959,8.3781870096791,2.90201334259277
84.9787232004822,0.546828272670703,9.87483759343482,0.944303304912999,24,56.0141332837713,2.28127187631537,5.69785574214183,1.52889564407924
25.8862216324492,1.91188437081124,7.1215504230251,2.65057273717206,24,74.8573416145836,2.10482872861109,14.7690009482689,1.40251055577615
25.1555073441244,2.22550632292392,7.92309372164404,2.16381914739773,4,42.2283194573798,1.84313468645838,11.794641934342,2.93025451638496
71.2814604259954,2.89576151413036,12.5229304502694,2.63690956178459,25,153.473594189134,1.35893576725289,9.52931300506391,1.02505630416008
199.685534455906,0.953196153977977,5.1320891605755,0.432598765487417,10,57.2621064459316,1.89309366485225,12.364492366574,1.20481996036847
155.047713180508,0.876133696693267,11.0152089757812,0.69807457944938,14,56.0357719408096,2.48791073188384,11.4028746654731,2.20186738571593
92.0110352805921,2.72747825004017,10.3092912023897,2.4348410857331,24,233.000188725483,2.22343251220437,15.5311298107279,2.49919898885742
36.0011232222488,2.77591736224751,7.85492452587795,2.14864581946481,16,58.6729637621133,2.53014667526389,15.9319317268816,1.53394122099059
34.4688817982747,0.743225372362811,5.03990306863059,0.447809124974955,22,14.1422484238914,0.635028981764747,3.39491356613783,0.557250130391801
58.7107799449751,0.794646419529248,1.58025433221398,0.306693929452865,12,56.2731867384567,1.66587007103198,7.19423241896142,1.98460567682121
30.465633291997,0.545158660659588,8.22435053297109,0.558584599843654,21,38.2976939545962,2.18247247528685,10.5722683235405,2.18653438083395
31.7975495301487,0.70109829223101,6.63877955477814,0.744716365305508,9,90.6158776054542,1.16415917019094,14.2544817715092,2.09799273499322
29.9604394322569,0.634695275479857,2.62714518872476,0.363763850580617,8,47.9546709736058,1.30718444025635,14.5558640876875,1.09856826188873
8.67763068296518,0.375778246218616,10.1516648695498,0.864084932464004,6,147.810891971078,0.831923548452169,3.30206382340315,0.381656098660098
73.4225736955269,0.718117186295416,11.9030505921968,0.958490322602863,21,78.4494950548107,0.72600113596221,7.25985125258553,0.867888609220589
19.013866284874,0.451094856607016,1.33619795730021,0.309190086257399,9,110.879394678963,0.60520719738595,6.20161195365943,0.594986995110985
59.4581294438023,0.525346761854087,9.1005151163371,0.64192444869108,24,144.237748974608,0.718690191084589,2.04472731641568,0.318400539741952
88.998493959336,2.46906559440963,7.81259101041102,1.9928674835831,15,59.9083521644575,2.18282007062821,15.915729909516,1.27994641139271
93.5839115073343,2.90130821510066,10.5754034071293,1.85174480091998,25,197.72139028894,2.84705786267846,13.865100731296,2.53753216320682
45.3206898131007,0.619372156827296,12.7401444403501,0.793560552123183,17,56.0810522808416,1.25293118306474,5.16653733414355,1.01575808101507
93.2009293023184,0.978158336007984,7.38667023901896,0.870954610750295,28,8.12907462737265,0.43069031957792,0.947617304964743,0.342127895839562
13.7819481311795,0.376145308060709,6.90414243207486,0.818376928689992,29,44.6714727903887,0.643674859476008,3.47634981906917,0.408128913090701
123.319295993041,2.896259136758,12.8743877159608,2.44190131215336,18,19.0403270776767,0.303326268235956,5.47554327182836,0.431420650439437
117.836431147544,2.49642459108183,14.9214811452674,2.38475579824136,1,93.864948752363,0.878081044983937,3.78463385787536,0.502749047498173
63.9860575675988,2.9678369095544,11.6102972819834,2.68768288827522,5,42.6644383831601,0.749144958929731,3.03976421281834,0.352089412308293
25.8003603822678,0.436966259090356,3.48879330948154,0.421965531794367,23,118.932818303736,1.16675111942144,7.19819506015514,1.70495598421089
9.97393191406559,0.553301875190048,4.64155720793121,0.844679745300681,24,43.2835081174717,1.83968506044834,9.27666669538239,2.49697174320194
57.0203350124245,2.66507020955418,7.4701750427298,2.02322518373756,11,21.270841453123,0.537845271224296,6.18010940453144,0.828728302842229
43.9982760143389,0.992934471455179,5.32162023905487,0.510724352180986,24,249.944589754119,2.96654100478272,14.9761854505922,2.77876070971462
5.65352930022412,0.334444236062986,9.26752329035619,0.85520360469062,7,68.6757762698737,1.13693073695584,16.0718713972049,2.38097038416714
44.8534127016254,2.43695575487104,7.58826857481355,2.35797915196275,15,65.2680010631845,0.747134318818411,4.05757205153017,0.388036893272793
20.4077191319535,2.88113892688741,5.91573673448662,1.22808653235466,30,39.4684914381847,1.93836644990302,11.3327077779907,1.04087242843207
52.6466551823865,1.12270980348069,14.8505165902915,2.03081909426594,14,95.5485621467728,0.710344183199128,6.36855812954812,0.791610310621204
61.5076783028629,1.55249159623769,16.443694133626,1.66230445410729,29,112.935034896806,2.09168281118964,15.8224679474446,2.27462612107502
36.8587723315358,1.26499753775953,5.8049059892438,2.22776974126517,10,53.3817285001227,2.59365455779188,16.3223136974957,1.72376015284473
3.10230982207826,0.317761354650214,2.31477424966147,0.408853861877762,16,7.81725842260198,0.376091363572045,4.33460642439133,0.496351442100399
5.29732871941051,0.346520054289414,1.46423654018103,0.340846618224684,21,30.1393551609537,2.14336465662476,6.91663570869651,1.6117018605537
78.6217759078617,0.66933768567432,4.60386428807907,0.409281675149715,2,29.722743746335,0.563109149278547,2.05097551100937,0.443469337628614
12.967479081733,0.416839689539601,5.64252422133706,0.873327552647453,6,22.5037642516043,0.389464482314866,5.89466640048371,0.725624921837711
25.1370719888865,0.366457381513963,9.32574224631876,0.886305301838402,12,46.5883854660669,0.945919278717614,12.7841765194419,0.980015965500855
42.7553921133676,0.521173725989691,1.2371582327286,0.313632663622963,21,6.83161142394239,0.42743390899878,5.06872419012985,0.904152686926818
141.831939212865,1.00446378727189,12.8201943809287,1.96331683847485,1,251.515151534959,2.52029552727728,14.8973724926681,2.8090328394168
19.4277056995465,0.936417409550509,5.58708449552324,0.872746798118842,10,34.1917258793951,1.01830260467968,7.65845007974922,2.54066762233578
50.4630080301204,2.76972586528031,9.42704487818613,1.84773637174447,17,5.05478700322517,0.337011923673231,4.15048784437348,0.686461718384234
32.9761452434059,1.53200444428126,8.61149933140128,1.33590865993798,11,63.6420302584509,2.66311822313377,12.0587523009364,2.94530146616564
51.9574844106871,0.791726238895811,8.75027643201484,0.655736079679524,23,73.8343041329516,1.85613749898222,6.58121343407713,1.81277890849852
28.7551264022185,0.421059963926215,11.264014938204,0.760670726028508,18,34.6219054229441,0.626514366626798,6.6270246894447,0.516334460119061
37.5180280456073,2.45231177902293,11.3252605796497,1.7474457565989,28,85.1214730824595,2.00543061248335,12.4085164033527,1.1344309466129
85.6169890845995,0.804230125635181,6.60629502182373,0.471537333926138,27,60.8962134984069,0.846825962001334,8.89765006166465,0.860964071750915
44.2902719367764,0.97775239509392,7.41391249107692,0.668287130077362,17,191.634002452364,2.71903955317106,15.1430935008104,2.75080336532409
97.808574516196,1.31222834463047,11.965961408756,2.60350493385597,5,71.8440717551118,0.701649866971434,13.6848841539914,0.844538553863704
191.081375393516,1.1932991836666,13.2473392356636,1.31564362422662,4,45.3340106033642,2.76616674171744,10.0358279468962,2.63365254998645
189.405492901263,0.907841298897647,9.17442440435903,0.730183166562608,5,108.872789109807,2.73864932221297,12.8657676417952,2.81899540664187
45.4649220190045,2.45416634488937,14.00034059651,1.29180591351672,21,28.3360778321795,0.713094208415155,0.613620649141215,0.30235308591297
103.853768612134,0.749337742556458,2.1067845166757,0.342721496477824,8,69.5439735414108,1.820354179191,11.4943896854502,1.02942978167453
89.4593790084602,0.955208092378801,8.55812687134005,0.684584784030215,4,116.273014165443,0.884496673229522,6.7348852476965,0.627540812709529
172.824959983794,1.30753763459212,12.8601086068363,2.34802894902655,12,49.4640845973439,2.40426784373295,13.5472404713548,1.65719032645697
38.8173943188342,0.768421474363943,13.2432429427782,0.907874960001774,25,17.6814287992488,0.65874267628329,2.38707025313765,0.485072042066454
46.5429131672705,2.36709513550036,13.9855522072316,1.29547528081013,6,58.2949555135704,0.733459220888362,14.4263567408698,0.986909934299163
15.6349277814562,0.421922604085944,3.72740018233012,0.498561010113529,3,119.385305945358,0.99716291482534,8.12065546534441,0.828477814874584
152.825456980431,0.854697575857358,9.37292834061688,0.716730283620242,19,91.1361625622283,2.36523104676025,6.4686424933627,2.60884856651414
103.952475557052,2.21758783929058,14.413625853914,1.6523792555094,1,60.9354143093593,2.05240666082194,8.36820482231791,2.44355376914184
65.6363344319284,1.61991628333088,9.29958530879937,2.67050809482364,1,70.5125112077406,2.67517537424327,15.5763170689717,1.29797302665708
127.907004363459,2.68587182141358,7.2722471153672,1.7184770044984,26,29.038280257748,2.40322662594184,7.27266930284191,1.10383510064229
38.2628458106033,0.82687680018665,3.69749642127068,0.524663333377724,22,115.169946849297,1.16286015228391,10.2057960898418,1.32458519589388
95.7081881240912,1.49166741485414,9.00259706632349,1.52832438521493,8,74.6621723461171,2.75172624817481,15.6151426669603,1.6991422786831
51.047767728401,0.618358146585405,7.64727814692988,0.679942362610159,8,41.8889850652706,1.26641110714834,12.6486601842191,1.55578808659095
184.050373699662,2.57809440120044,9.86366921093902,1.40946830905048,25,26.5321515526043,0.50832137735654,8.05628447627789,0.531129209367023
11.3672261095091,0.371455086359556,6.23948660062568,0.537744608071754,19,62.3396970682008,0.526777689511137,12.084862686476,0.925081410740299
31.9371544238161,1.37981504563058,7.68437486607761,1.88272882198143,16,69.1819861717188,2.21308961210582,7.68035347575549,1.71670453359848
53.6595843305932,0.998157702759911,7.11958359876057,0.965745059201965,4,131.519839509708,1.52601591406527,15.7822351499383,2.61014902201138
28.3346866421693,0.907167228475824,1.12072916717337,0.335491681678447,15,90.2035535732741,0.67041290167528,4.86796217741653,0.454772075393868
29.1049343888664,0.56223189015563,1.9162887941262,0.330193743892362,17,7.39735542341479,0.349320273486036,8.17127165318177,0.954022799437223
64.1054131584046,2.22656258301457,9.04535595537237,1.36958326052177,9,15.5254976607744,0.64760678322309,4.2041678929333,0.74289491100138
41.4203172203021,2.40043606977046,7.70493091842856,1.70977643846517,6,22.4185978770579,2.06979321587304,6.95268544319691,2.92858847186783
14.3629212038211,0.408141176285649,2.47716130138097,0.336579153267782,26,41.7842504136517,0.53587672187924,11.0806716494603,0.905270764784756
80.2713735563752,1.25889766827051,11.1156284040489,2.10569512712567,30,12.7821914808891,0.539119434725989,4.58007170719396,0.641697526941873
70.9409940115675,2.57421413185954,14.345126153124,2.4941352033904,28,18.6384329375684,0.38470756538904,1.83406942009305,0.337009763554769
43.7812074382649,0.801089023126192,2.23751669208268,0.406915356267062,1,70.1657012325388,2.85405781648423,9.33861105511842,1.83081631929309
53.4296112226908,0.701271519772917,0.605662369327587,0.30147436916503,29,99.1629988782296,2.50754502706392,6.55352191670417,1.86654196029353
105.028091174661,0.555386109430348,6.53380500243643,0.595099569757176,7,33.4854190276132,1.72644987882488,8.20959349352141,1.82899390121951
167.718660445483,2.76300708208655,13.4531959108166,1.13283518394854,10,31.4323599373644,2.02507401469514,9.47181910622329,2.27490681180763
28.3621950033596,0.823005208069724,1.06499849875651,0.319680784018276,6,84.369262756347,0.934270689586322,10.8268582146304,0.765814281278405
43.0640941857372,2.02824129763784,6.17021082038565,1.85173212939814,11,83.6057076121642,2.90780519428584,15.1489769138363,1.48807926982606
82.1392230609327,2.21575727228654,15.828479071348,2.7836549798897,29,98.8039484523026,2.99443883784047,6.34585834650638,2.70975337636035
109.606064137814,2.60919719358704,5.93909777077991,2.60033557015797,27,19.7076876303565,0.340159595814697,6.50608003711383,0.978280476882275
102.385520621262,0.936529786749708,7.93874622717345,0.701849066845696,24,60.7205967681569,1.26964298620048,12.3279625894244,2.70314611213445
80.6185051362724,2.99282978573769,7.79764521980237,1.6514882987182,7,189.378513599731,2.27867077669105,14.5838306882777,1.11369116131584
48.3991386121709,0.959484223518422,8.87687318484112,0.652798022881935,24,57.9248146542163,1.13188044840025,10.3800179205314,1.10615613898145
62.9865369379001,2.94629666468857,15.7969780545632,1.71273363116069,4,53.8528121364896,0.758406790803148,4.40138890710223,0.481347672408571
111.626091501343,1.2006771587579,16.1270092719011,2.36407504844554,8,27.493569689759,0.616258009983682,1.56498124947223,0.319639655400392
59.0564936392917,1.94908596334553,7.06287926509576,1.31966132686532,16,211.728201096933,0.89943866890593,13.6602857387373,0.914285465768371
37.6480461827453,0.880307200698989,7.94879912833772,0.734607024995539,8,94.2642146077454,0.569034039344176,4.95111814497028,0.460840620044925
81.597765591655,0.845125469241291,1.71413384137026,0.345518955178351,7,89.1050842125052,2.40397484950612,12.912948762389,2.40903723584376
30.4209830781666,0.493329134425508,6.308113445881,0.558274183571565,29,12.3830326302475,0.401298301617367,7.6283040863329,0.66195131721225
36.4259022777202,2.62518599875934,6.57325831044241,2.80807419552277,4,33.915739110761,2.64082086000264,7.58136453667493,2.29695285679677
79.184174593057,1.27088802064197,15.9177520446731,1.89755733131874,2,118.979519389335,0.74953933167726,11.566275091437,0.92017572019161
20.821645721125,0.651231673549128,5.53927185534088,0.596866055235409,30,170.12491739213,2.32681738382761,16.3729025082078,1.36409057778863
13.0720820689366,0.326501317743943,4.81433330264795,0.425817792478809,30,227.501254799626,1.2671396195012,12.2853229378456,1.43928239771821
46.7071730364928,1.58554141460055,7.67341532792102,1.7667485149809,10,30.2236548946842,0.658843697158788,1.61867675224592,0.308232641984069
77.9131324306731,2.06732137064932,14.2301414030181,2.66024174806583,3,48.1632537577003,2.46020513013587,11.092447877267,1.25294780906169
45.9820445654509,2.83034971705134,14.6223155178277,2.90645339324998,22,16.8962461697125,0.488286697140275,10.9740189102249,0.936907784853043
4.78440355608516,0.300081050015645,5.86811976654365,0.526849241423441,20,14.0264081941975,0.480313687202568,3.51530634044306,0.425983293352851
45.0468992607634,2.25770649490656,14.5322229788522,2.62877131527869,4,34.4824918709806,0.778654820481734,1.40865129515275,0.340626257370246
37.5341746289175,0.697309734060466,1.86190919533757,0.375854782616838,1,168.431621448428,2.04382608076218,14.3898076750399,1.51746064901444
44.89659692839,0.54101369222036,4.69164397945474,0.468371436310422,18,78.2772200434697,2.06608728955964,14.9471016420988,1.11941286151211
202.752107699317,2.68556346169178,13.6591440496005,1.53693129321589,25,20.2102677368528,0.38816159801763,9.06381151071958,0.869158130400306
100.670501155671,1.89458273157445,7.97406040039494,2.42337899595953,7,38.388939591553,0.428868897920881,11.323280016,0.68130118660119
53.557446029683,0.912822435658593,12.3763984728962,0.983449468772534,24,157.717543492167,2.64507847443358,12.586367934383,1.45574289429659
8.21882342528194,0.333190734489045,12.2499699544733,0.908733257384638,28,153.687841124931,1.75949087464507,10.4365108161082,2.37832023598736
10.2717758498234,0.554961356688844,4.20997957659854,0.704673991831646,24,19.3678828148896,1.69300279345187,6.24289247109152,2.23523749476782
57.2130255409131,0.923498977638903,3.40511628901803,0.381602587211123,13,38.315916708874,2.40639634297701,12.4477577795656,1.98700495274776
201.794526628776,2.50986578002852,10.1755965940157,1.21846371327139,22,40.3474896930271,1.77221820441037,8.60992914725564,1.34759251300084
24.9015664600733,0.412717494506712,6.17351888764388,0.667120079052623,1,141.434263315275,0.912494907950458,2.25653954124388,0.34547351129103
56.3375974681523,0.674220762415616,7.07556076798533,0.576329620531937,20,70.8533942909161,0.649030379476685,11.5716229741366,0.869411118532479
57.9094562816741,0.901320182190091,1.08343862409675,0.302219957201283,11,44.2680518878065,0.379173453341456,5.53884421488879,0.542876605172826
54.4997781466867,2.75577739150834,10.422765455027,1.05871863731092,20,39.3500815633203,1.73193509589638,7.01467990375344,1.51247786009941
112.455243120966,1.88112803966446,14.5258677534025,2.685592063716,28,25.3920074103427,0.595457806896811,6.09627898912915,0.609464086335625
91.0524007698856,0.621857972450325,6.73062318216478,0.538253909897603,18,87.2185351717977,0.809854437803248,10.6259526401006,0.666110340730877
42.4786653183094,0.707017555340854,8.1248626775432,0.865640426169013,21,40.6933561007971,1.6076871501702,11.3099560422732,1.51063127671412
82.3117091962421,1.26087231103157,15.695740726228,1.92659935304017,9,33.4544742416971,1.37353243375287,9.36684249576714,2.73143549067235
36.1657644140634,0.640241066797633,6.31841546296038,0.583402365804701,3,58.7550454013935,2.83534626906372,8.11550901356715,2.69136416102808
141.647547785041,1.22968522122518,11.0294835726356,1.34957976359197,18,160.699243087145,1.08139906411793,10.8235480735592,1.76554184629963
36.3900636827735,0.380219892663849,8.77508841200901,0.725087863690355,5,33.8983184434167,1.3135027207061,7.42471221832017,1.14904626785818
53.1321727296467,1.53510495451096,11.8663125862863,2.5660477647488,30,17.2686963855408,0.602390272897787,5.52345116987596,0.59235099292322
80.1643607608391,1.0564037743324,14.9778192219384,2.59725656694181,15,249.600485571581,2.20743247677017,15.3852385057585,1.79572477528049
23.6533677702993,0.483102588186616,3.49141412373125,0.410637980000422,17,54.3206629815868,2.2118058611142,16.6603578133769,2.72188429844593
44.8847592438681,1.87364992752079,7.20420441084128,2.38197464391759,8,19.927014939896,0.700594532925908,5.83636478422579,0.643374602448457
144.100828576647,1.55195178005889,15.5555692430171,2.96393711324557,13,94.7410707220987,1.85685798508882,12.2543672879232,2.97074258714729
123.084384168087,1.62289076724336,14.40484368778,1.53670660544749,4,112.875765131016,2.83658736288262,7.29682036857629,2.24678002424736
12.2744410819733,0.336802203795327,4.07812730636624,0.393189713110561,15,25.2334358953779,1.80750267124888,7.31811746227109,1.61080089707963
46.841595100747,2.1916552978021,8.92084647632666,2.71320083239785,17,37.7393981107401,0.931357164105823,1.60134620176373,0.336946362896146
43.2264703347504,2.21790699931325,13.7753875956378,2.14091667839894,29,26.2037269519533,0.690102890086489,6.36706259050985,0.551384905407679
19.2352774803238,0.953027025716702,4.6957003296051,0.86185559130539,6,31.1991621361924,0.877181450204258,6.26137058669218,0.55278607061466
178.987876669435,1.82826253651166,15.7651826304649,1.19967673243608,24,74.2566863138747,2.26720204867945,16.8219060387334,2.87371206773146
111.930979438137,1.8986672289393,16.1284369171544,1.6848180481183,17,78.7158133272528,2.88929785553575,6.16491173219267,1.55109845279355
116.856315181984,0.567511081549489,11.1619321266893,0.69275578165423,2,139.128124363545,1.44846717650491,13.6003174436778,2.27820082854713
60.5813210574416,0.934187286848676,2.76705506244825,0.419560937777449,27,18.8773165435074,0.504946026578585,9.61481263207353,0.943454701448159
94.9930176499274,1.54939011003053,14.202819712411,1.24690621740358,24,32.1095425121951,0.676486624819998,3.56640418805719,0.561901928222292
151.826146951935,2.45012730805278,11.6406874645817,1.70675373610179,12,58.2552216313206,1.20745405261873,11.1420704137913,2.61175607539407
28.901176312462,0.40121774159348,7.97884925178784,0.779753683158108,21,61.7067098703965,2.75863853578556,12.513903049426,2.92170961777382
50.233477639374,0.86947244954081,1.78844400058526,0.323046540875557,27,5.75386565889161,0.328540611251897,2.97986806145695,0.373354568154503
86.3177045265636,2.04995993582664,11.8607985409682,2.82233277371015,18,89.1080972779487,1.01422471126185,15.4962464644397,1.24070414657854
78.1530729057895,2.99829115438133,8.4342293812878,1.99861028151357,9,42.9138798789939,0.576246062543461,7.34230402031774,0.554457739915721
52.1379891384191,2.12873173406055,15.3763653145697,1.6394126375306,3,105.659110977246,2.49741205439339,15.8732480811582,2.06584186585704
23.3265230570218,0.819581426041703,3.59465240393502,0.625514987700168,16,139.128876341908,2.99197461631672,16.2354162252887,1.84974249642827
53.0079328071698,0.638659102446429,3.98335264718262,0.417327847230013,12,105.831113665071,2.11797811426397,8.42440160877825,2.10387444712802
47.3688112115616,1.28620300217624,9.22099102534342,1.1641750888413,29,71.6589648145186,0.617371437761393,10.7298756026615,0.730220537199072
26.3967833980078,2.83265372726214,6.24061567624285,1.62852348073688,3,43.0352280066433,2.55424119224143,14.2215778379668,2.27548440985841
265.888956560984,2.15035152833473,16.2103440124243,1.99870883351956,8,208.925770927439,1.24918737362207,12.769285063199,2.39925142675553
18.8231321659072,0.718775223347776,6.44002867476537,0.837190476171573,3,64.3573591525714,1.33107750908263,14.769493895774,1.49235603943402
23.3601343031828,0.656521291446087,0.798070448744179,0.311502884891487,8,15.7084912905607,0.710899869744792,3.16299652900952,0.562831174257975
30.2214478432537,2.52359060043823,7.60334932301168,2.76170745109541,17,58.1798927145536,0.599490901219467,3.88913364167533,0.532961118134303
6.13988436752307,0.306692461043243,7.19838750219134,0.525280716485109,15,12.0608420890913,0.498005742563675,6.20630592316818,0.883149474539755
11.5911363352391,0.46584815502524,5.40256582484691,0.91322089598089,3,43.2936206480062,1.04357118309565,14.2029890539589,2.28449160777831
35.257204766267,1.21700890954878,7.90011015844393,1.91413298038577,25,268.337543703163,1.64050822871501,15.7583486621293,2.43670544112211
54.0726694146107,1.28576505917026,13.8219058576387,1.24761494649185,4,93.2012769070136,2.99778931791361,9.62669820405361,2.24221064064277
28.1909571045185,2.35514815569896,6.92993617952395,1.99359090759745,25,45.9260416000617,0.747895774901335,14.1945499241331,0.93854382138865
32.0691032983912,1.97937963947387,9.16340740226039,2.98771859709195,25,95.0534426619943,1.5022463019057,12.1045670494165,2.34656921849724
243.231908933678,1.86267187744281,13.3591339695188,1.99191612741929,22,216.07201133018,1.72288237456861,13.7188530053967,1.08902929144278
191.510448934409,2.82216090443223,12.2025892098944,1.18500372563469,23,84.2850330193867,0.940725417944007,6.86134898084806,0.94357044632736
36.3449518265106,0.541024649854675,11.9837929109331,0.917100546865993,2,30.1051478614944,0.677003535542628,8.25787862932507,0.79833302493166
81.4613969400594,1.20891000259375,11.6516979168522,2.41450909340674,14,62.4045342327206,1.8083951897705,9.52221280832319,1.39534969696213
21.4935264572809,0.819114606135708,2.52579140959544,0.423329629061942,15,111.795017158921,0.811737249778508,10.3634891186397,0.796029601935204
41.225264570343,0.927979429663103,10.3686575190773,0.797739063154878,13,33.2536641186146,1.80893392576057,8.45130978620092,1.46927557019176
168.580086547313,0.865662953680858,12.0013620265556,0.803901375685811,27,39.2043725116862,0.694419827588383,8.99290000235804,0.931255279555332
49.4441767831733,0.922787268212103,10.4185738182285,0.744105723617225,27,72.9209135130645,2.61001181222999,13.1827598743474,1.21465246608648
72.188563828459,1.70634107022129,6.94386661983925,1.83519973859132,7,3.56904905002468,0.336147579958157,4.2024586852175,0.71105976741453
70.5094530491257,2.06854230629538,12.9437249770845,2.3655771975342,27,24.5894095660669,1.43295329023498,7.97575023333785,2.38056507920542
20.6370272191918,0.450906141807011,10.493813884883,0.707749100792416,24,73.099802115188,2.10580106671455,13.7674171756741,2.26093324337096
126.204374036706,1.17984481934522,13.1277056421201,1.2965351472796,4,163.047122732379,2.97739651317942,14.2942091879457,2.43771397332076
15.1232235699903,0.380958025732972,6.58917080890752,0.789287006445354,4,18.4152330310655,0.349720920896197,6.57452140953191,0.535260443131601
32.8167314540633,2.80017543793761,7.61269541883153,2.57093987390087,8,110.279048486051,2.64463634921686,13.1427656766542,2.45181060819392
5.52732399192236,0.302227868638998,3.2044631695539,0.372264388056099,16,29.4089786044117,0.624218025878116,5.09999442991523,0.892744686808077
42.3205901344564,2.54910530061469,7.15650754946767,1.23060805005406,10,185.441568982061,1.22586482623269,15.7989386486694,1.26268389616199
100.545322838845,2.70939943316912,15.8991802377057,1.8367513711755,2,12.9942003216964,0.442746809497506,6.70927665237463,0.584245365122594
96.0772206993503,2.09331215439865,12.107235825746,1.59692319088243,25,95.0794813262725,1.1274492502044,7.95856620382483,1.8781173112116
138.289439736158,1.97858553052089,13.6016250185764,2.46728241009876,16,21.4021809834521,0.939530410927662,5.65918311143043,0.73758512275259
53.6915268481887,2.57340150166512,12.504943297812,2.72372021749994,25,28.4288240666112,0.390002262069837,2.37711303369045,0.416444907537905
42.2729325987032,0.95265780121585,2.90501334712952,0.372491381246712,26,158.229781723354,0.918442441475605,8.59129226005504,0.891402147570738
9.46808336326046,0.397984997390258,7.68385041752615,0.751306588281276,1,55.2725290908615,1.70248784746489,5.95071031994953,2.22383468480541
31.0561460464416,2.70584698628792,10.0553295458758,1.84785982186195,20,54.2967676173209,0.723073875123876,12.2158366522922,0.839049878517673
54.7852246709095,1.87095599462654,13.3404394892089,2.50751636349704,29,20.4866189400299,2.80979973282481,5.88298501982461,2.29678522970077
36.8308740802046,1.67458044836207,7.6039759546515,1.55476903596169,15,158.802972581571,0.697562977152798,7.56581047722148,0.587525082886691
104.235995462356,2.56611301041439,8.17120462315961,2.66515291564016,19,59.924263343155,2.17454095057591,14.023456789816,1.80868469001929
71.6741036806857,2.61635139952839,13.4865557753417,2.97942658499924,20,19.4300781405285,0.635453757618733,2.45047516635513,0.464397152014782
33.6660201611442,0.758188554373105,8.41753983779839,0.624873657612832,12,27.26792390669,1.32642008413835,6.64282006826005,1.59899812822627
96.4954615810541,2.59238176479171,14.8067561799192,2.78249761768088,24,59.3559457666826,1.16675519909459,15.245372083243,1.40649042183309
80.9234503624704,1.53950583569769,8.64261462845463,2.99148456115657,9,57.319382934765,1.51599311571226,9.44936281370107,1.24899863549971
46.8583430018204,1.54024610449919,15.6844798713744,2.12429149755498,15,55.6337669475369,0.356261374957086,12.831238939983,0.814149182538952
61.5952719087914,0.968459094164613,7.23268961234392,0.990087968691252,28,59.3297780243838,2.546559389478,11.9854877965352,1.71339720856452
8.26131778698956,0.445363297929432,6.17867684764932,0.905722568014073,15,47.3998139583543,2.09692036743314,14.4682712297094,1.71415032891337
15.3374128506892,0.366829361386883,8.74351143208988,0.75114521261533,20,59.8734527612419,1.74290451826497,6.48357752714931,2.3761319899169
32.894980399092,1.39448074316805,5.84068985918947,1.76376233817419,15,30.0724338516697,0.460336657877866,5.3703047699458,0.465381841176738
104.288103166211,0.916572480679429,1.88720641907365,0.321342924571889,10,130.185482032591,1.67699135525517,14.6061848401959,2.11477551809793
64.3790918557947,2.76012146883102,15.4549792340746,1.10596696928582,14,224.336920069224,2.14972059951081,14.6002401173829,1.63462345724932
109.063556192022,0.89445940533741,5.70352681688129,0.523152116218504,4,151.01667304002,1.29050787841843,15.5777247230144,2.53366915273651
100.13287463991,2.70746610609236,15.6915596620968,2.49819720799158,4,18.6028831076777,0.47117578732098,3.71215153429728,0.644746487476329
71.2270262465863,0.79594619404964,13.1222602885656,0.904508370468358,22,63.1160104798669,0.567546086475032,3.88358974089802,0.50193762541468
43.2021016288755,0.987659238087569,12.2761567268286,0.841386488559396,7,41.473393566942,1.3155341770834,14.1645218297145,1.55521744313127
67.2571228395371,1.85154770046016,7.36396046227152,1.27066227745628,15,108.038188360325,1.47942815697374,10.0017835876687,1.41939591142997
32.0628869728782,0.57463447642503,7.19167841245706,0.521210339656153,26,55.6608335544007,0.624771027021042,13.6696363600348,0.957266139802467
95.9019650195211,1.48870403538006,12.7107178695104,1.01320705691924,11,39.7671361065575,0.521365396251899,11.1712210168145,0.892028112907726
36.7995046064817,2.88938665480039,10.7209973164691,1.64937158257721,20,102.406262471062,2.17465927447963,15.5327516888299,2.79559009712369
30.6881725533709,0.545021344279689,3.15533625062929,0.391638116496135,2,105.49603175772,2.42550527461659,13.8466174721737,1.98345130398405
33.8044678491749,2.7809625066368,6.78704537765001,2.7167727163711,7,15.95489920652,0.376603168037672,12.2819150658748,0.981906362238114
91.2020944383697,1.84776713010256,13.0912712405501,2.41721878080069,12,68.6620334526095,1.77055695350624,15.2255974715901,2.78613588539965
123.59712584077,1.32182481092029,13.94102991009,1.74951267003058,7,99.6721398312267,2.55725470771765,8.28552083936394,1.27075438038373
106.498379760491,0.695249679431315,12.1356121787523,0.995602656967602,14,17.0233924759026,0.583757221016353,6.82879680547608,0.768673450298232
36.1831156180442,2.90289904387846,7.80079195949774,1.84534668922961,27,59.3260421473619,1.72426708315918,5.94966721494501,2.23254150688822
46.6054651139801,1.40145462208723,14.1168739806562,1.02641060568365,30,42.4684461937218,1.82277053812684,8.33602082863446,1.3428446289089
4.52296412911171,0.321122281425982,6.35027810310737,0.617918706018083,11,27.2367804453364,1.68940170088128,6.73285549051316,1.48253614274627
48.8711438838884,0.433745719837147,4.52578874542456,0.548005538783887,14,90.0319363157181,2.75602521496305,6.27484486330182,1.66433768747438
21.8962484085496,0.646422168410464,5.45748718906693,0.949124721460104,27,35.0343903077265,1.41801364904135,6.95490071505024,1.89121729586993
58.5665650661065,0.667462216650874,11.3729496389675,0.757166544086906,20,51.1419863847086,2.02533841509611,5.78579396861019,1.88445866108134
125.52068151867,2.87669142753274,12.0045570196327,1.91158682696693,11,92.7098736009392,0.662809274439797,8.49770506404333,0.643880473522306
29.6617708671065,0.331238245458545,12.7646836545088,0.903722852479722,27,103.489130787963,1.83420813783825,14.7161516023479,1.15648792794515
42.4591627255046,2.90556651739902,9.99458484366606,1.30602275137673,21,59.7140893116288,0.965287881669102,6.88355775373297,0.633234230888193
54.5531915621496,2.83755285549336,14.4998081470635,1.00057334236096,6,58.8031913870744,0.682906275907563,6.12136039185136,0.481564054407858
44.473998600435,0.684542287517834,5.08556572212967,0.662892704235687,1,22.7537053295498,0.486184683680848,4.04925602326586,0.413759073601666
40.5367352133489,2.05422130012211,12.9969895137339,2.58137565463762,2,122.512734808389,1.28983861106336,9.88553383611574,2.36689670835786
119.488143451665,1.50441106518939,14.54580911927,2.75703706807268,25,24.714549088435,0.401021173273762,6.72110056961314,0.63386988548346
54.2018743036024,2.83318116081746,13.2095619062712,2.40561547121062,7,70.9037973409421,2.88497469067185,12.545989060599,2.41870492262106
64.1454029321475,0.835444988913049,10.5667868798918,0.815568170501846,21,8.56180116705297,0.463572912844206,4.8125716800018,0.87986087799651
28.5732762251995,0.728861594375986,2.46864813904501,0.45022638706702,28,41.001657450632,1.03104318096149,13.2795278907731,1.89679396296221
22.1344147235032,0.412338417059068,5.31317078735981,0.444658489125911,2,94.3715182746325,1.7266130948155,13.7547403039897,2.99622080539126
38.20692937639,0.608382547405527,10.0751977710608,0.943746553606724,15,75.42812945952,1.93372028843883,14.9164004927984,2.23696702894926
112.588482484818,2.55145578491612,11.7614639725318,2.16329024416062,6,77.3546586944205,2.75774724082422,9.9525903351185,2.62872257775953
10.3256616013313,0.478955095032673,4.50053573172791,0.666532464844234,30,203.817928370328,1.27040290571314,16.0235755949468,2.52662236850128
9.0395787794819,0.348907585519353,9.38773618274986,0.708895697068129,4,11.2091412565268,0.391090426768923,3.89944685884113,0.559466557918523
28.3628442670871,1.65340847691274,7.81810326832406,1.17441272878685,16,44.7975280770136,0.849807330707721,7.17847145803035,0.54581976635023
16.3691945538944,0.561350485843457,6.11255486916273,0.833719292872226,28,66.6683070906814,2.94019884573736,15.7225450894051,1.82606766306804
14.4367972366197,0.432857411361216,8.46607866502193,0.904531724426515,29,123.995836508581,0.988968962979435,10.6642184630812,0.976143708836935
33.7746952834753,2.69769107945274,8.81805880691621,2.86906749296494,8,6.08293268698601,0.321013328183292,3.51321612432958,0.397591115317443
28.0173102094986,0.403875691742679,6.07256313370688,0.641539951362433,26,26.1760543381439,0.448426682256949,9.3325049889145,0.944379427064892
167.435025932124,2.30363023040245,11.5411256022775,1.53420151703371,19,33.75267688819,0.465601064019525,1.46722737281226,0.315745316606354
22.9277619528352,0.543559685296096,3.82747570233181,0.531241297336182,13,61.7119536234836,1.44958354478472,7.42451378804711,2.91980528145772
51.227146789131,2.93301744604348,14.9831458659797,1.84594252565615,6,68.154990270793,2.18223765293875,6.87191895157368,1.06532985688823
28.7456124676925,2.07927223984647,7.744106446425,1.28704982971818,12,92.8587840067243,2.85198793029543,13.6460710438263,1.741085541954
235.486503441783,2.42369821833424,12.5682333120579,1.71853343304102,18,14.6329497917164,0.522031080947606,7.91707996669883,0.834068285659731
65.4866871613657,0.639347203241006,7.16925033736233,0.947072257708686,17,25.4984710239948,0.698830531521072,4.43749453322569,0.484262136990133
29.4606633888928,2.05739829118578,7.98634167547425,2.22074667670336,1,144.710437182302,2.53925767930135,11.7731822030351,1.29468729960944
42.8708590445976,2.96566205245507,11.7040869502432,2.93431813351034,6,52.9284864734322,0.422268284683851,12.8603729819673,0.804958915401287
80.132755361389,2.59783819992387,14.0267608535748,1.02128707572392,9,34.0107620807434,2.68414358514271,9.74982070492221,2.5717451396036
60.1092944391234,0.608470767041303,3.48122448597362,0.536937550827587,13,38.8565548992734,0.933252826004348,4.43434915167414,0.685387099926244
29.8438581054096,0.594836137019172,6.12221104403641,0.696067758450337,16,171.530574614423,1.00125995145216,11.9622155626429,2.86664358742089
119.938307594508,2.9228288261705,13.5421730912511,1.95458623250169,14,71.0786447876589,2.65894789781669,11.2347685313881,2.03740358130524
111.440190558961,1.27449418217013,14.9544600429022,1.20298533515232,19,52.3218876010134,1.4319216803723,16.2799843467477,1.55464968081876
18.4140209984301,0.627778692365818,5.20558884682717,0.610831577730202,9,31.0374866171594,0.410567607623068,4.41891195382673,0.406177065187614
35.0981738805913,2.93159860008796,6.86704626712268,2.60854188125555,4,67.507031103834,0.46155511654506,4.15208858802492,0.411046713179797
183.355065229054,1.54249826225683,14.5107821944931,1.069290889013,11,120.985062619997,2.65994758597961,12.5854619520081,1.8234682716506
81.0980407612813,2.89930816709688,14.5635028223486,1.75518363643463,19,127.705120412309,1.61007385255795,12.0348565733555,1.44150714894009
86.3829576256157,1.34365338587877,11.0011742485804,1.39321605094384,14,63.6640761326306,0.473255991911235,10.7548477146475,0.821698700631525
52.8764551513803,2.13493397521467,13.5480139910189,2.94236882882894,23,47.832728980403,2.32167942547663,11.0826600443872,2.51087981390569
26.5374926338914,0.458638872198642,2.98702547206359,0.411073283989519,13,55.8504760999456,2.83804853652695,14.8620293328088,2.66226383758162
47.6104854157551,2.77578661166046,6.63148534125361,1.30220303522332,22,45.886239707879,2.35932320709376,9.73884518307656,1.09435031884568
3.95089727689728,0.311445861010939,6.71936428437863,0.62277720964252,5,16.38670152521,0.417738848124746,10.1502134421997,0.74106544970381
43.1591294855063,2.16629092588059,7.65578339642856,1.33769202966445,23,12.827705684386,0.403686352153269,4.16663613098405,0.443917779343288
81.9907814797937,2.63503169218387,9.33952666071818,1.50820356301587,26,134.167409674355,0.969858480083045,7.8232162484666,0.555809121481069
185.816353082917,2.72485977994409,14.1935477578665,2.82082824485282,25,230.503433064582,2.88599120890198,14.3808151502692,2.93675465431579
127.916745978325,0.530864624838162,13.6706614140114,0.866994915675457,28,4.81603947801769,0.310042452414314,6.29060006593199,0.940840885524262
61.1508788479995,2.41697361327969,15.9230985552382,2.00438999190787,27,31.2699089119705,1.56230957952173,5.8644776499014,2.16137757727068
19.4336345398772,0.549219497927819,8.70650718236346,0.99962152483341,11,21.1205518433245,0.498885543477255,10.8613476578653,0.725576714215115
26.8011511804266,0.660292661625697,1.93796804367482,0.402380705628005,11,81.0740958274507,1.36338443189123,15.9083274120779,1.50409050330782
60.3206105864282,1.23222661650535,12.9100192830662,2.58010545498935,19,38.1803977212943,0.835662454311204,8.50261386272346,0.61153398112149
39.6650431085141,1.55316028008703,9.57225316322898,2.75045386252579,30,22.3315892462437,0.363975242821944,9.08199522309668,0.817282622816736
42.0398416518747,0.862039642988686,6.68091820747279,0.618198375913517,20,44.3493420386306,2.64845789196139,11.9619987664565,1.13301944858228
8.48893182504885,0.341815139935032,5.10675878071518,0.581618179184525,26,29.2148247280859,0.60664324560376,1.67872608435443,0.307117858387294
12.1451489757434,0.404009687925101,3.28564159877712,0.420902753867794,20,51.8401562288189,2.32765431561786,7.52197658957047,2.64652738129267
35.3193930498406,2.8082880678542,7.08056846100977,1.53774370905879,10,58.329319171359,0.800344929665788,7.08371616610031,0.739889993050149
24.1013394647185,0.425562690469383,6.33059218623451,0.576242051252562,25,67.1400483947108,1.1885156105585,14.6510798787038,1.27018782011593
84.6841070708635,0.762399141372352,12.2822394323605,0.832530247920718,22,27.4997904260713,2.06221781387961,5.62472397687047,1.57176424684541
113.168258236596,2.65117981289561,6.53495336603841,1.19926327181598,27,36.7500102506926,0.759036814852748,6.2110081268796,0.617050744514019
102.571724265144,0.845395684474239,7.47695224059425,0.550459501572459,23,141.007502966346,2.54447924345098,16.2210859693395,2.83637930625792
18.1192442876883,0.479459910695778,6.31915977364563,0.49562473492982,4,54.4107198401809,1.72184604042945,12.6256982934275,1.51664934872162
30.0908574715119,2.06020663064866,9.7697671450803,2.84484547015806,24,65.5145381929558,2.90634654027869,10.9109104418377,1.61021159717321
38.2970372009148,0.941042546046345,6.57548465317017,0.595533273425592,13,108.080885483185,2.94461958326252,6.03325880653389,1.65505457347768
105.511368392366,0.840013427127808,9.88296572911557,0.876360748425738,30,98.1382486033774,1.48914281728088,6.58402328103578,2.6116003505057
34.5000687285308,0.564621888328306,5.23182565037357,0.786994075596221,2,27.6564720543278,0.782050443604962,3.27304483498549,0.427992862656484
36.9878714379274,0.480514437935872,5.26620060735091,0.49436168131136,8,29.8566930232102,0.84157701411381,5.17123761770573,0.58664264877039
50.3662772330435,0.690125399340153,4.51587625048849,0.661530123570866,9,33.4051764246573,2.91168294722905,8.09400184208043,2.73786030546962
47.3333505408747,0.62422586491781,9.17345739305227,0.660367265797539,9,76.0973753651726,2.11163612752653,14.2431707091049,1.66790062009888
69.0202130805423,2.20554364940397,14.9417873295853,1.74407828758804,26,58.4405493526141,1.57728858435781,6.18394454380088,1.40217775889569
55.1316597191431,2.80661256193034,15.0990312472038,2.12622764866788,25,173.039056246512,2.47133810002245,15.091309880356,1.58034714211251
32.9648168768786,0.562362852051138,2.1689240178598,0.325119022810892,11,34.4006269843018,0.769728836761543,3.41881158802245,0.586795499898254
105.887010912641,2.4006761583322,7.17431361720307,2.41861127386957,6,13.2256750881011,0.309993533298534,7.97850413448993,0.858807178237026
132.16309221773,1.23606631095376,16.4562856388005,2.03352366539338,5,111.982129297541,0.713058665765448,5.16654328167126,0.434816211544554
55.3616993652937,0.652596044890421,10.4770242418278,0.88888350320797,16,166.391612438154,2.55136778569756,16.2736083605131,1.48753275504706
91.684678559783,0.892292837779696,11.6198304656316,0.833040258775552,4,50.8320693844897,0.880868039095364,8.90427027657743,0.983545407843779
179.222894486382,0.642133573691015,5.01225009698123,0.425552830173473,26,49.996408771232,0.684727552951257,9.1763984909309,0.705837889791277
50.4574007673623,2.43511340038418,12.8888144522152,1.38282854614789,2,11.2873886074224,0.445649591558797,3.1041103178069,0.417032525226942
77.2407674851349,1.56688182911085,10.9227072836611,1.2284481347847,15,61.6527361178273,0.935759162510373,11.966092970512,0.985319161031261
241.821223361934,1.73905827732892,16.2796877994907,2.31745149883661,26,48.1255989165965,0.808251670834216,5.50909245452406,0.5068587604983
119.429543838146,0.523883837562564,10.7709956614447,0.803476228600476,8,37.2172183784365,2.89020866257844,6.22584631495419,2.50256737117491
16.5083595460137,0.546549582397422,3.09934090051604,0.549668779732981,17,94.0996403263511,0.805932448669973,4.64929502200185,0.54688914606877
43.696718172208,1.72521946261678,10.356830987611,1.77071520351726,26,100.088795505634,0.692654894968525,6.67252526602751,0.964813350156199
82.9410701548799,0.737270595043057,4.69350506531713,0.452443559211425,6,131.286278968188,1.16311511565924,15.4208915041415,1.69553492051062
106.544090938667,2.08783789773758,15.0827431326884,2.357245358495,18,2.26846707174447,0.302819214939406,6.40322447492241,0.949663739824737
200.662045377351,0.997160890004428,13.8713812244815,0.947794849346056,12,35.8467062411653,1.95200944620675,8.12712608870909,1.65669366093371
33.1380943842573,2.3807042191336,9.51841492800462,1.18353043250838,1,192.201493621783,1.71726125347978,16.614689866446,2.7568060903379
78.3101071448625,0.888964830918343,11.8697142404355,0.936125074911347,16,17.1342987323786,0.589599405221917,7.3347927113019,0.84547587771636
10.9342912027307,0.356594044369384,13.2536010371575,0.935162521928305,30,45.5571549753564,1.94257861178507,6.337391375423,2.17798209482099
30.5872372373144,1.03942139052032,5.72021813832689,2.26575456488128,28,78.5770197776283,1.38396220518667,5.78785665657382,1.58743379390875
67.0451921932466,0.939326779525327,7.08989873922072,0.899656006248798,13,60.1279862809165,2.07005509321117,7.43468847482387,2.7914579523263
23.2572463543374,1.03893044389971,7.26796520204656,2.98128241612388,3,25.2909540175674,0.923680972724691,5.23786895790035,0.685366680473567
102.414597692051,1.96625813514958,7.89744290327949,1.74256921843498,20,106.926412735098,2.46061157721573,10.7294168166947,2.83132236061018
43.1828417137536,2.30027945895862,10.2219689094982,1.74255828155155,23,54.5998528906952,2.56799950377362,8.95366781158863,2.85085508260406
2.6958414707782,0.328502045198798,3.78671094721222,0.651351188414569,28,34.6239754463392,1.78584538811768,10.7547178687891,1.16950108598436
74.1371710968457,1.50799336923275,12.4148552122339,1.85651572595725,29,37.6576705895526,1.38247329089106,9.25815102903848,2.78712972006723
89.919108117662,1.90182741573683,11.3675893952628,2.27991208662396,8,59.403638578227,0.523209404255555,8.3046160527953,0.594829866624287
113.25303556519,1.4413064436361,15.2229463478489,1.36730542330282,4,118.140560034809,1.27113136460989,7.72263043927232,2.10007636824825
15.9494499201785,0.502442504848889,4.51576746996569,0.573099192696229,3,24.4827332757623,0.447347736806004,8.28326669017298,0.651502702418766
39.5145913754039,1.55348968861851,6.33437132294691,2.61276387009188,19,67.8125028180519,2.4954120392994,10.2382664119575,1.48518714883184
85.3471217590389,0.543406698467645,5.31901212327606,0.472183433846342,2,23.060129557825,0.840709289859979,3.79638105389745,0.546590581307005
43.0763333776357,2.32075271286816,6.75943868231639,1.91278570685404,16,47.6436397045911,0.717845237028317,4.6191716167945,0.565947751794782
33.9119488613996,2.54223026934207,6.1385839370898,2.84959578573278,29,102.109544900038,0.653996045750689,8.45831658491617,0.8214351496883
78.0933470137833,2.72854157729781,12.9918047708859,1.75862066553105,14,56.1094607961434,1.23789446497673,13.9793980683933,1.96756477066658
43.053993138912,0.570005719076105,9.90306999944481,0.796135716634124,14,26.5232405483453,1.04699525138214,6.34408266759994,1.97267517850159
77.9408702533778,2.30906625342049,13.2989573536922,2.96361293106676,22,144.559060693113,2.25660243937474,11.5887932784677,2.63781485701519
264.829475275638,2.99654190278492,14.3479055777566,1.37411777313921,21,94.5655174077432,1.56298119788296,5.6122330416502,1.35149704074157
25.9149449489724,2.98057635948668,8.70090390628989,1.99251605257422,8,17.7702642304322,0.550456292803515,1.84185348769966,0.342819491951296
55.2006007480562,1.45610542816602,15.4766955588829,1.75637400203889,14,39.0100464618446,2.07793685024419,6.49687624166749,1.62928004275931
35.4714392746567,2.52676029058961,6.16895000084261,1.37291148159126,7,102.390368829692,2.90581539206902,9.8177367267534,2.16976645553215
106.176152471378,2.21463786934186,15.9420561639564,1.67150787050415,7,24.1464137281561,0.895662081848985,5.88864558863051,0.888465347725555
16.4507018004202,0.56985638804331,4.87580765227907,0.538019401462516,27,87.7226622058977,2.73907429002401,9.75497885656154,1.90742093861622
28.3649604038095,2.49512124751489,8.14019349187408,1.93634444828761,2,13.1914257539183,0.302983736926596,7.30480888896212,0.740772651388412
180.740142584312,2.94255177985915,11.5998989926147,2.45953414722561,7,120.044408164951,2.0364420815254,16.2531125644756,1.9158502156314
21.9629489076023,1.67409868383793,5.83719901876612,1.34512423380313,9,40.2922997781665,2.33321223115505,8.32007979683707,1.84223948857633
30.1068421701874,0.936104363834653,4.16688338463501,0.587680179168199,10,23.8991231038173,2.81762493027291,7.75769665977983,2.62373787001269
37.5274825977917,1.00914441556516,9.86621299848819,1.40848904795413,14,140.590464929113,1.86230738400006,10.4526175902737,2.30623783411405
20.1829094284814,1.97370350629841,5.88919081531794,1.2901259141381,11,37.4149934816395,1.54210021738049,10.4543396007687,2.49483524143893
24.1822655308444,2.82255361106392,5.89633504756598,2.76787121957525,11,10.7141538342096,0.438375253028351,2.57536243986812,0.391920712014196
103.957644905257,2.61913208666524,7.00423515781683,2.12622106285559,26,26.8659254146347,0.785098750218267,1.7707551652204,0.357612708856897
38.2041068105316,2.43114017928996,9.23410220457651,2.93397312099598,4,21.1457319474979,0.548552298057758,6.80513729587626,0.70495730775593
67.6674676807809,2.38058518070639,9.06180653560779,1.36687180072889,17,35.5631109603968,1.72646010117564,6.97190685151715,1.52405060951521
58.6567204921423,1.68166759691008,16.3835945092379,1.72824659835001,30,47.9779233483573,2.39750207230439,13.7888040219093,2.23839507391632
61.3362152778131,2.14960094445818,15.2814201086598,2.19790962696586,9,46.5148247043783,1.05366643516702,8.4114554811379,1.69460446909712
30.5924855221248,0.948640517061637,6.5697939487317,0.941105505612311,19,61.654494316752,2.72612520813466,8.039868032998,1.77552764899583
27.6170427240395,0.571269022130869,5.16928649806969,0.47191087279819,3,21.3705880298734,0.411424633404406,3.33372583067613,0.449974763135832
45.3793367321121,0.412124677827806,9.69483596106663,0.704685705451985,23,26.8409956096015,0.539339037072396,1.15525343666488,0.30034886343283
47.4635680507956,0.379972412785072,9.61449056241219,0.884404211154252,28,7.49095736390846,0.319185086912119,5.17259904537088,0.914809789188884
111.382508178717,1.44930768668132,10.7261544779676,1.22365512006049,8,140.137315793096,1.87431964755379,11.8299532626803,2.15023982086091
32.3600363982155,0.515484286301196,8.30453695042835,0.613474911690714,26,34.2954560032395,1.08364280410226,8.98838956027586,1.61870865698088
84.197663589348,0.841267177139329,4.83361657465648,0.651652870882073,26,31.2497652701505,2.68512910699586,10.1221986129464,2.4845426364376
29.5438744666483,1.68833152613025,9.65643014479127,2.87579530685274,5,49.0524064955728,0.956757873223833,8.10993140721934,0.559584760042928
46.5295664907651,0.442279740820672,12.3497405811671,0.817123498683981,28,28.6911522548026,0.654909214305482,1.70493408329461,0.382562944049808
57.8942963542186,2.29214189786149,9.57601160344596,1.800909147104,25,125.117022220587,1.29900900604281,16.145942910666,2.92722898060587
47.5487125969356,1.20547081698716,9.95526148201963,1.83626312821907,21,7.16550421577888,0.366979212003736,1.48627837379687,0.341593471821259
59.5685323573877,1.91209730552135,14.4568578174086,1.98131235939768,1,116.74185843824,2.7720944695069,14.9326726917634,2.34031936821548
22.6200460684942,0.515058275376389,3.09374145911348,0.397399143861182,3,118.501052140721,1.63913536894389,14.0982733088343,2.62750162071528
53.8791515638641,2.12231713156781,10.5223076990594,2.21616898956088,13,19.0900382980875,0.426231533023747,5.63614553153836,0.480469707606457
38.5057491389256,0.812494513035803,1.64560903574271,0.332160554511806,13,11.7114088847621,0.452076631845139,1.53123627160708,0.359310003182985
33.3613978737781,0.857871671649688,11.2255060791265,0.95915085032929,8,52.7953456276626,0.761087086956793,8.52240230926626,0.806006671085647
150.640861083726,1.2919880114555,8.59573753915091,1.61362170139799,3,102.041505347772,2.70974584032804,11.7260300583866,2.69518103806266
30.8816671013821,1.04763827631975,9.14493686189414,1.39921560692446,14,70.5234036595799,1.66980956561886,14.731036185117,2.05399061246539
89.3148300668098,0.970784598312667,12.5505656598724,0.851514383826906,22,52.0910089134605,2.93134251549712,6.12251325733051,1.66288557329714
58.2195253479974,0.810831431278285,6.13925129271749,0.566240452934033,24,46.8059676788848,2.01796649047621,12.5749955892966,1.72207068125761
105.95288207883,1.52568583773679,10.2844497791844,2.10423865088765,5,16.8214372086977,0.741886670305556,5.07677498329171,0.838660782203931
94.3934979975899,0.746499461475854,12.3223379668086,0.890425116040652,22,24.9051375393359,0.402706463487872,6.4532623908389,0.500726471488647
41.7802595415954,2.89310194805494,10.4027603162318,2.25709669649135,10,108.035628128213,0.935939572214119,6.43122139331017,0.46310326882925
53.1591506960414,1.06686294361987,10.7453846979796,2.34469728610983,16,36.5683259837263,1.19379165832255,9.61821635030529,2.060732122679
63.8731597390413,2.83766470968487,15.2051660806812,1.08264482743594,12,71.7798772759696,0.992435310744935,10.7633911980178,0.958520688991879
14.7609219101209,0.509826713345356,4.79508636071743,0.770216667096296,28,33.3295989648004,2.25849281645666,10.125847907724,2.94717543746055
127.853007230816,1.87432531103717,15.8961721064369,1.25064821785419,25,63.9650620092779,0.915516817323239,5.27013632898688,0.993648727360411
22.7117944288895,0.669438630800692,6.2167757175857,0.673613121969022,13,87.7874393095012,1.59151389934029,5.74853114565717,1.9277112373121
34.329104301775,0.62486875175928,3.77703409274344,0.388101914597026,19,44.2824960924907,0.658285711934286,6.48692492707285,0.934729705850195
12.3339542870101,0.470461175786839,5.0312369652598,0.797797843078967,25,158.136149651115,2.28767772524218,16.4272166373329,2.21429227051828
77.0735959362601,2.57118186733285,8.52043729018811,2.79010569317783,5,29.4525500724264,2.86901061145531,5.94221109696261,1.34217319189122
62.1998365035322,1.02496395919914,9.24729846919695,1.61653575283425,10,26.6508119750276,0.99613973533024,4.67111206436967,0.64820129506373
27.2440546661548,0.578963212501981,11.2543608723863,0.979750384824333,21,16.4405232847091,0.376912248368259,7.06692827157858,0.538615271950194
34.5701615939273,0.536591262203301,6.653595619489,0.513266089362567,7,41.1480477681797,0.808080276190142,13.7202711815358,0.857020674912222
6.52840910076767,0.343680648699059,7.31025096700522,0.589790314636869,23,18.0173441621896,0.495006245315331,8.60487080976882,0.749129593509885
34.7761057643499,2.52521587236712,6.62613317444911,1.28782650511562,15,32.474397681108,0.970636441132436,4.34087029429519,0.616404467384798
61.6763461531435,0.787469597333218,4.17577445628437,0.499458525895067,6,55.946534890404,0.678565386653057,6.19523573953653,0.85692882731402
94.5032728722455,1.03188810378766,16.7322493661106,2.39035103835677,18,38.6661502886077,1.02056811616704,6.39525986070328,2.04261375281468
61.5759920022052,0.912329413630913,12.5980153813602,0.933718103180244,11,132.023446630435,2.94763707883798,15.145260923361,2.45693088411395
80.2434051342639,1.68599201211551,15.655042255388,2.22184367231482,18,24.5953984695777,0.82709330575127,7.30906283618428,0.873800981906845
70.3192775510683,2.90344803697767,7.94481000111359,2.69148450255678,13,68.780017429505,0.58368909791226,8.34231424657087,0.624348909455345
16.4980978096334,0.581472400997462,0.744050311686308,0.314249462849229,22,200.276043785852,1.46039256180863,16.5726390218481,1.8877259294673
64.4296543133173,0.557414572067659,13.0791360377177,0.925469359915828,1,138.190996360686,0.828275075242129,9.48653407044776,0.641229135815809
18.5951764165418,0.892665335722254,1.14212405786354,0.360468998311003,20,39.2730690001237,2.09736759117986,8.93450366707921,2.30175581840785
51.9416818460633,1.55714176303967,11.2455559083042,1.59205282828762,29,146.286148714999,1.8956880514999,9.35939940441887,1.18266059862823
150.408677577894,0.733752812451709,12.6277250119957,0.999355662148522,22,86.9986350889585,1.54775928601454,7.75898537749534,2.87955722060657
117.063382136297,1.68757118127591,12.9148213678869,1.82635374357487,9,35.2743821599969,2.39945305647886,5.94138241910406,1.79640050695774
169.49612814102,0.969287167513315,9.81073536593787,0.851165492939238,18,53.0416322814198,1.73565967952646,8.07291625834525,1.07223137153223
124.834003751448,2.34485542468735,12.9018200127582,2.28489106252592,4,58.594819832511,2.38020812394464,14.7855430133193,1.07895420826838
28.4758587425429,1.2370192592164,8.18941650317858,2.84224745815443,20,74.7816500579944,2.1711143579446,8.9722443188537,2.92208533750755
63.3671093606755,0.742790892900084,10.0715391633151,0.962844733787761,7,34.9698288216805,0.860478275083837,4.26452831094634,0.437394535066989
31.0381153434412,2.28990637054893,10.2845267288589,2.28556144375659,4,37.2639589316243,0.744152934888046,2.93066543784753,0.381142420135406
38.1240057118955,0.69599035403598,5.3466702096376,0.439003434979492,5,111.661947458351,2.06064509413695,6.00410943429291,2.61551898296662
58.0076545732134,2.77319555169573,7.97204240086486,1.22586821133216,18,147.046732219054,2.03473921117651,13.2530272132471,2.68020313642871
139.828493254686,1.29411911637746,11.042046874357,1.92100115657309,28,32.195311437905,0.384891396016002,9.64716354364727,0.904626506894181
45.2179378373433,1.89786791636395,14.6033030289344,2.43333195594336,4,35.3907266998951,1.19349221148231,7.43819240672933,2.40113084724835
31.16625665273,0.753491840775841,6.29428068846318,0.515544903672446,21,51.7542586124161,0.682899378156336,13.9184511673689,0.960654523853451
38.5636705978787,0.84527312368447,12.2138648932194,0.98751613955195,21,125.864159025682,0.936520040965157,2.28080816110208,0.355271087251444
19.1000250609127,0.974212694494628,1.01901008509326,0.332089346007484,22,31.1336993306217,1.91677696275018,8.47122659259007,1.63466279640749
110.096902258004,0.792379343778415,11.9408710804649,0.861022328223018,23,21.1284023978618,0.661647356590556,2.8100170390581,0.41932223953905
50.712151637094,0.91118164811084,8.17025903573204,0.966134202727075,23,127.074362786365,2.28746104281784,10.0612275205325,1.06681427093639
29.8051874022521,1.15996219915644,9.75320728555499,1.67622318398612,9,155.929109655071,2.91855091675093,15.6312563681277,2.57554603641761
37.7786755662768,2.40256645239247,11.4524180013415,2.52868970984635,30,215.513611952671,0.800201650242806,10.6221060766401,0.636487235923219
57.8140723655335,1.83648008458936,9.7102194564288,1.85593601149044,12,77.6292667606536,1.83683081272487,16.1584614594966,2.36090263071315
71.2646310385154,2.33281058302367,11.9094420648379,2.48380367099256,13,129.110871081542,1.92274540472663,15.8514900489705,2.5242680124073
66.474791596102,1.54187546095747,14.215572837969,1.08574773244303,4,7.99242164174712,0.334928526960605,1.11322639414004,0.301186140643752
62.0477755013676,1.00003435400774,11.4160484678668,1.67442528802292,17,24.6561135394863,0.736126244422945,2.57049567088846,0.405782144677395
115.838191234204,0.520217205271676,12.7943084524916,0.828945904591852,13,38.3785237863321,1.84916144540016,12.1077815081533,1.84706899008682
40.2845842874482,1.60653160698384,8.60141016631011,2.45301832884361,5,60.1643013716678,2.7068236730525,15.8527248686596,2.4611249046181
38.9625322602164,0.593484363833542,9.20173250322761,0.750329007957747,30,116.034327903305,0.9019753860563,8.15485764731441,0.527017835791839
103.278029766802,0.586174210841549,3.26129917811534,0.384481741461314,14,64.0433872876485,2.14152912305148,10.2714686408446,2.00025748780729
31.8052341193136,1.14306154544336,9.9035856674058,2.68412567269744,7,102.582543200372,1.29147679933539,15.702938719141,2.22320891135641
147.152154916144,0.801738509469552,7.11986372528791,0.614624588459139,14,11.0443263126066,0.387842021121662,11.171115941814,0.914639995196368
117.042452927467,0.932865848118964,5.57798477196917,0.45774195480173,13,29.580728587882,0.450117463986799,5.3275543714208,0.544712995789859
158.639531238758,2.89320256428115,14.488660487151,1.5076395978681,8,30.7139336977696,0.645784129887244,2.20664720554557,0.379520290840754
11.0573361025594,0.448803221231283,4.80875265460416,0.788620994527408,13,65.5247433744037,0.574506673109033,5.07874346054628,0.745711021280553
72.5785188507882,2.09091851198165,14.5343727163849,2.47017169881629,21,31.7808841032186,0.971848318994472,0.856235450827287,0.300789652291921
30.2602686998951,1.91149111570938,8.12490178127943,2.04923567194246,29,73.4112792025729,2.9356286176509,9.13220157888089,1.58714502598568
37.9501228945835,2.92778097744856,10.9783452455609,1.40758614194468,27,21.8636248030656,0.399190618648057,6.97746213158844,0.702032152546577
36.1667055247051,2.65683584104613,7.09840597184794,2.11079060793373,20,75.9947064885438,2.93284006420026,10.526804861138,1.58913909431742
38.1196484499212,0.861021684794701,5.40304474806129,0.487743016769373,11,94.9479476882873,2.79563159623592,15.6124623223916,2.22986341936886
65.9889839844853,0.80807213704954,8.01241362830282,0.919261762930255,6,62.4641426719925,2.27860458881407,16.1478869304543,2.11495060192585
23.4217528980341,0.633806022393505,3.29986602372463,0.444601377646108,20,71.5860869197181,0.987109072623587,7.82826596722728,0.657791014105788
73.1563216765087,0.961012460407657,12.5148519833406,0.76692185189691,9,42.631587835125,2.97947346460476,6.71172499147079,1.53134213005599
55.1776853020438,0.899858863183917,8.70445846512286,0.852122319532066,18,42.314659928159,0.377981029751794,9.62397039660978,0.973720024972655
33.7944375499732,0.639109453419632,3.98561851587891,0.419504496954092,21,41.1756187511997,2.56725188539506,13.0197968373173,1.66607714432046
23.9277495434116,2.88606591455791,6.77512270370283,2.00307536388802,16,48.3734162246126,1.96262908476731,10.7064852201618,2.2492523434446
24.4369942552747,0.60992298430247,4.61281584453386,0.514501788311738,12,5.61830254056172,0.310096792045873,1.9912454771533,0.420072129498011
86.181787883196,1.80750330800282,6.21602282470011,2.23134180177218,8,39.3107774448054,0.514053334851675,3.98821074460451,0.447675635421973
69.799151712973,1.02488070917292,16.6752560049268,2.34859906810243,13,28.15743618235,2.23071504434744,6.1223008744353,2.23792730880504
63.2798623386667,1.52726146109196,6.98700281519589,2.74334318880995,22,33.4171991835187,2.91772881255347,7.2155715302947,1.28876204989761
18.3640176147998,1.40556383522902,5.40605610734626,1.00956988019944,15,50.2872003921521,0.650445780788556,9.9005799558723,0.885454724659561
46.5767601610125,0.788912131874621,4.01377535018196,0.705061065039785,16,48.4191724718497,2.18973119971176,13.1981489335402,1.43503000612868
25.8048444914622,0.498974339086759,3.64392066820483,0.399608488031249,27,25.5346422717668,0.544677133343282,5.60653301056707,0.523027518301505
14.4402366792923,0.367239196066878,5.86295310590925,0.488428267062409,14,13.4070905255079,0.355252495747052,12.622985284614,0.890840914205565
120.194169241162,0.74220748299175,12.6918998680819,0.919425579046213,17,65.4510242070309,1.34226768981354,9.61912893035866,1.07143690649432
255.432210024373,1.97600843645714,16.5346011698243,2.79702541812001,9,88.7542779225026,1.93096628967248,12.2058628968234,2.43903419393507
21.0031663161354,0.517287205628137,4.48501827524472,0.419482335786997,8,109.735982688703,0.864644087875459,2.31483446027317,0.421665928939567
86.8166572681466,2.92093428426012,9.87304048570756,2.99758727432835,16,29.595894381236,1.12687564441851,10.2345082609238,2.0791279357061
64.3844309088009,2.64384359380224,10.9475292690353,1.7406776111745,2,22.1929574224928,0.548355836212902,7.9584696416976,0.636026521064661
15.4034756369183,0.361537333903572,3.84314125709082,0.526506690448729,21,8.8157738529692,0.322644141949929,2.36328879712319,0.380216814647703
29.9317586010451,2.92862405538406,7.56169078995894,1.7171830812766,2,93.184886802383,0.551167217790691,13.5298340619211,0.911233549319025
4.09236801763844,0.353924725557725,3.10544167796593,0.55728265098563,22,34.1107827038228,2.75943690599035,11.3052943713641,2.33442141448319
5.84507953695729,0.364413711864485,4.84584846301462,0.785510174631534,4,63.3744771428107,1.64272699239718,13.3960096979979,2.13618794393408
58.3870957364631,0.929953997238703,5.24851457659895,0.637359213938654,19,20.7269700096754,0.998219464872187,4.8202191594837,0.758648725323286
78.2979403792281,0.581738215880965,9.75874204254022,0.902107454660545,4,77.9313456370657,0.580146210472742,10.6635552208352,0.663385063364202
107.764824888104,2.96325200251762,8.27629924702051,1.03071739259697,28,27.9322456501973,0.430700980859068,4.56944510497875,0.64994386573281
49.8475433084785,2.75957957196935,14.1720949348303,2.25874035647825,23,40.5086601382751,1.89870102867415,9.01423672252047,2.73464019574622
55.4283372113475,0.978389842613216,9.45971897638628,0.65196827836687,10,43.4659208788589,0.351534444996976,2.06594364177322,0.341109423434239
25.9099014556734,1.91319433750598,7.65287329559434,2.39286342053505,19,73.005076939179,0.568001175716317,8.00217324838524,0.870811164261473
121.628559798382,1.88966858501562,11.4315417236129,2.89645634535416,26,53.0886007754496,0.696667536718888,6.94208318309069,0.495971631586901
20.7021446587919,2.25333662105514,6.31508359234125,2.58697561660939,15,81.288387920207,1.30326193090417,12.3513066171281,2.55492560734127
54.5674841755886,0.614576507463501,11.0826902624945,0.657837524674481,10,21.8510976701996,0.358619365398287,5.32238116163141,0.554891693554489
30.3361366816366,0.804118887560395,8.13851379548408,0.724668415135486,2,39.7445972696337,2.83647806541181,6.45715859354886,1.73731737204838
103.759086132384,0.616289647948584,7.17723582029747,0.598612230951835,25,134.350897035957,2.69902683028453,13.5258231948405,2.77674000427708
28.0218029835711,1.1390430715315,9.1822913772808,2.70094530751122,29,61.8616899397296,0.766092156270335,11.7918645370027,0.819474610909169
104.424102149898,0.94535369422435,10.1378493298353,0.74561226313593,6,41.894669106125,2.56455029472079,5.58503966348067,1.55859697611613
28.8003759132768,1.27442052052988,9.9719924630178,2.5417393450438,12,59.74891365875,2.80742885100928,15.1651805926494,1.54170730389839
94.8269242204407,2.88129617348952,15.365535853103,1.36172908765758,25,6.23154220991441,0.412720014208137,5.3488369310094,0.757906683338036
130.091286264639,2.42639298035773,12.5684118509189,2.99137492967806,14,25.1259304246867,0.716799106608341,3.46288984218616,0.48369473194329
92.3510560221815,2.77284149247096,15.9988179288665,2.96333508646658,12,180.703121431805,1.22533136562467,12.7421486156212,2.31514943489001
93.3933757973879,0.602017546356794,3.35934481834743,0.45082495646389,10,52.9547953020413,0.540508452792471,5.5701703238194,0.43659799019668
74.1996587895118,1.12733241368773,8.76946757041158,2.13271140960115,20,37.9182548970626,1.03701094742619,10.7511507508846,1.4589349502963
39.5988093512271,0.604353316761738,2.96722058803494,0.468472295809496,18,34.0704962514713,0.668384783383516,9.48228264956475,0.697146595842658
156.273634387483,1.53473052874576,9.18107595028417,1.83877528921444,5,41.8534113157713,2.87068061955383,12.3642675137722,1.06459457921207
41.0182236125168,0.98790193458746,7.20596810122971,0.635070362348622,21,107.311918123894,2.82477722425171,11.9791282873368,2.82806304853471
31.825864804591,1.01055578975547,8.60746757491477,1.86331431899419,8,53.6912137488461,2.68430861063883,15.6997994581938,1.52351822204692
58.6336076736409,0.743661398756347,4.11916210155632,0.422827405288207,4,15.924081897984,0.454498614977427,5.66581551125575,0.497007362159628
32.1581390556133,2.53674964497638,7.10741142554149,1.2283210317078,11,79.5428093839167,0.47003837910878,6.58411462720515,0.485209622560465
77.5891003363707,2.7032017194277,16.6920029046194,2.16599465763347,13,39.2277575548146,1.95767290509208,12.2507067565117,2.77084517463169
29.9579484029955,0.563173747116977,6.71666758614795,0.955355484663493,20,31.3435817006457,0.952649557845262,2.93499901419552,0.48688794605423
4.22295168157896,0.304018614370787,10.3021953852047,0.806250663743489,4,137.936885828148,2.42841387390585,12.5126446269456,1.18703511477755
42.0425145953634,2.40064606089374,8.12870021436203,1.70049029527617,24,42.1071840527055,0.38124847870853,9.64298873394352,0.799624360931762
6.35742037782477,0.332945670080956,7.69327103069573,0.816167190980867,1,65.6821008839694,1.82917034463483,10.9047973145879,1.7078520591036
38.0212802974878,1.24923856299033,8.38900417406639,1.64725151388356,12,151.711569080151,1.29215874620845,14.0209023639261,2.62127384693588
144.239452357817,1.739742336235,12.5733385990825,1.32672946051518,19,22.7868767815922,0.677127829809254,4.0533098407623,0.499395182478346
54.0777287286688,0.673501864969838,8.47768862438331,0.537784658704721,21,75.9609472877413,2.1550015232367,13.6585388611198,1.51793446804023
20.3382548641711,0.660341037424688,4.5138647459153,0.762463894321485,2,106.842637351951,2.63648519199815,11.9616679174819,2.28606859230849
143.897242645833,0.732874847378683,12.3366397763443,0.998989311831539,12,38.2456036916842,0.685137360571874,6.63306754410801,0.913979333306143
10.2244557726888,0.352341059528596,6.92828757834727,0.737538599577088,3,114.983412545778,0.877677387321962,5.49266029909395,0.561054104592913
31.9268721568553,0.780472777530878,8.94752599620502,0.949656534115433,26,33.2120626349958,0.61854391768099,6.84485791958407,0.483103489950265
60.2553813309572,2.20193827430571,8.76472930574985,2.92879119229537,21,50.6064201976703,0.756392381508618,6.0391760120569,0.454799347225642
194.421978759614,0.632704381399126,1.77231418998784,0.306238803834278,23,86.7881955126487,1.44014102241404,14.3924142159772,1.66037623531634
33.6536925979314,0.800178819181701,7.04072107098362,0.670345031452518,5,38.8511297405348,2.53836430993211,11.8680655981142,1.1357513704209
28.7120130823801,0.886778262777706,6.1775358884753,0.782355069916667,27,159.544997178648,1.3637871837524,14.3688187795292,2.84849686429887
43.7249929215957,0.880698050501949,7.95239432784079,0.596430168916522,8,44.5876537164732,1.42583441596356,14.9039674604779,2.21253334975303
24.2071267121345,0.857446398439267,3.13346985110771,0.531572960994066,4,36.1236716878361,0.953956331151947,10.3249190341693,0.829989805012827
125.028066785221,2.27817058679603,9.79089969681606,2.63558627645324,7,26.6659475686812,0.385720356068026,3.23178916428227,0.428363402224906
64.0553310320224,0.810161258068255,3.80122919261676,0.419727231804395,23,69.937390327239,0.966948986169088,2.04526813209637,0.369207099852264
39.1164650647808,1.71933758254338,12.3057896077541,1.81260814237267,25,111.767210453117,0.959306725665285,5.20366817435236,0.640190137450584
83.2504110541389,0.916846570328755,4.70685141034164,0.683944279800861,11,7.74577053271565,0.316862373612946,4.68272971661619,0.555620530400436
73.9947975387369,1.85534191021943,11.1768523298704,1.69579773080565,29,58.3710597139808,2.65887371080524,5.95663742395779,1.09566739072791
9.13058795991908,0.373846306894951,8.61616958479026,0.911442539219578,11,27.2085459317181,0.828788192111249,3.28386524329376,0.455764597443122
40.0040188686039,2.7715763943938,11.5546268522158,2.41343417713386,16,33.5762597163028,0.400626312371247,10.1418521410395,0.62007528981474
21.2434430929556,0.426098367484674,10.0170758148715,0.85088946490226,11,48.481959388249,2.67910490882626,6.7845494112541,2.57157841072261
38.7122299222709,1.04351656342876,12.8350676295826,2.33266268751625,9,32.9262339514048,0.514316380850609,11.6518808526389,0.996406814166966
102.484811613039,0.450953474907394,10.6712375842446,0.706233200770918,27,101.295616709894,1.09821640589109,8.44120862786414,2.3104611682426
6.71671580635025,0.317709787746515,8.97288226653343,0.935492838972573,28,13.0778499323705,0.463432521754311,9.5096806366558,0.944263923038654
48.9525229445685,0.698298440494584,0.610530298010482,0.3011715817129,27,119.437892711596,2.42454103866417,13.2491032727453,1.32234825036247
35.9371143057947,1.75165881591187,9.40068289307141,1.41841159615325,28,30.7052401832216,0.575926095246362,7.66344569128406,0.604393083100242
58.5372084885254,2.64850280539597,9.83496453234481,1.88740738802947,22,22.7020538234969,1.79073370999629,6.97945904743294,2.15940655524709
34.1115474107735,1.21394352692614,8.33868466930357,2.02228976001331,26,26.0113306496286,0.54284594305042,7.51828766597329,0.916613132637251
100.33623579032,2.31052674223687,12.0308174623586,2.23274925043314,1,34.6055011866443,2.12764091290213,10.1198139510857,2.82563838872372
90.7453594420845,1.20979056508137,12.5253148197551,1.91516748296035,16,75.1193953430212,2.51514374765727,16.7901026213161,2.56001365034716
131.676173943631,1.27858682395657,15.9616059025293,1.64187694871733,6,102.922170025087,2.51922464650882,10.0949746344921,2.1451602445772
35.6021401239875,0.68360371672516,2.30453487172614,0.387775052188491,17,110.063761003869,1.18586301886198,16.2047488477023,2.0105202028443
49.4060161807411,0.725238266332192,4.20268206604466,0.415256199017727,17,78.5308565996559,1.05081308375986,13.840708961157,1.8875848157088
71.2948116368608,2.98718360187575,11.8738172481646,1.18963950470398,9,21.2496876367133,0.86183777742339,3.06272506247538,0.478439036788512
56.742614541596,1.80784673885446,14.1554794880331,2.56343317011781,15,9.79817384126825,0.428233244812836,6.8753385152568,0.958110784042468
30.9161056757699,0.833008084141514,3.08562122544413,0.437298367357943,19,105.511973684903,1.80627462745821,13.0489795461832,1.01232683144189
50.4838366036964,0.562688151565493,7.66366567651446,0.624326517435423,22,85.6294172437597,0.962051790272482,3.36259940872395,0.529445539055161
33.2575157867967,0.53300890708557,7.68137738232881,0.644047525730897,10,50.8974629614717,0.660171703866121,1.22853924134132,0.317654319772133
9.41352696745047,0.458845290889945,6.00239344739968,0.810270720865869,11,22.7565856051193,0.541382238731204,11.1095910500984,0.755403118577167
15.7645840878404,0.355485078915899,4.8831488990983,0.754930623480789,24,48.7336998264997,1.68830366983346,6.85732959180909,2.19164295998669
159.026155468213,1.57874806741156,14.2628644071391,2.97776471083837,11,39.5759585560216,0.518202677704296,9.09163400917079,0.580558383707548
45.9893735950161,1.4051776877745,13.7574460051111,1.65784972787124,17,77.5381527924319,0.736786011281319,2.07826656964599,0.349691835501172
82.6917019599432,1.7429909679807,15.5412423653339,1.98846577286078,12,95.813636307841,0.94573408966903,4.61108771299526,0.806108969289587
36.0351222821825,1.02473427835148,7.63771901840178,1.66351975606178,24,36.6788833982156,0.896766713984826,6.04730643759621,0.486793836675886
134.000148706638,0.557268322083011,10.2039692311544,0.699653847684794,3,39.8131357007913,1.43248352468885,5.74217941812733,1.2277541508415
54.2632489572253,0.935627821443098,9.73977230200642,0.912100793777591,13,64.1234250503708,2.52126540666818,12.4558665176725,2.47086739407853
54.4190964952514,0.794105416014069,9.22453409298804,0.610797849186266,1,224.985711102753,1.30067774832195,14.5416016729552,2.08194599340166
114.041979971951,0.835377013484785,7.12860615277256,0.779837956328348,26,34.9216088903548,0.622357133094547,12.143141191095,0.821888573889597
67.3462873400108,2.11059546483164,9.36473463102537,1.48920712009819,5,12.0753872981786,0.393921824802592,8.04767429354343,0.887577016431033
83.9328878184985,2.57942759694859,15.7846252582812,2.72077358846524,9,44.8648896343261,0.653297321194797,4.29861032482121,0.502447490922864
14.2629407985875,0.390434966840786,2.94529675367074,0.443435898374376,10,27.9668298703269,0.884419213716768,5.4670175085056,0.708318218467032
32.3837115037286,0.867559865039772,10.6896542248411,0.992137385518256,25,124.885227908729,1.17407204312761,14.6675718452926,2.20366458328319
69.4645769040303,0.628656693346391,7.69200090543388,0.768173215677414,9,85.8058025216145,0.783933961921127,12.5107640614732,0.993884725352141
50.3481122352809,2.47133810487186,9.74563722914335,2.745627406336,20,17.2609857446048,1.11287347973452,6.1677556261104,2.52815002924875
58.9505914758373,1.32766957784681,15.2641705924981,2.84791554674347,25,67.3947303053683,2.64480654455414,5.68275087024568,2.87822922813914
258.095248306633,1.86881160140661,16.1407490576891,1.3720724504672,14,21.8680418630176,1.61790774036413,6.69255157191173,1.11568103251943
35.848049074073,2.8567719417159,8.30142084609989,1.34863805215672,2,52.5331282203864,2.22119506024746,10.0509360871579,1.72843625825231
69.6123691716814,2.6616165647815,8.85621517092258,1.75782905946883,25,103.848825948262,0.966590906880436,4.7857257818738,0.695488001657552
116.102344178046,1.43280870485702,11.2773056440371,1.30707210558419,2,26.854649931328,1.34007391106362,6.71101170167927,2.87591259200775
83.4693039809728,1.89165987355491,12.5187891055615,1.57431219597721,28,33.6927621582905,2.4780633712521,7.70556359032747,2.03930785730478
249.54433083808,1.8936790187873,15.1869746727715,1.12923940663041,24,102.005093640632,2.45734171881356,16.8150621193144,2.66545390021278
16.3454405953349,0.367083157039042,7.16753362802112,0.681158173200548,6,77.5039383511564,1.27436651897032,10.3958937061723,2.93130308611187
45.3558813189985,0.59297380625265,7.75902704862323,0.84057869082684,5,29.2484064526607,1.06118003189547,5.95400798001952,1.58758800605079
45.8105644769973,0.635366191861389,14.3166673479224,0.974891662418829,17,168.029567593904,2.25651714811338,16.1913340781477,1.63918491491307
37.5112123089469,1.04351628081021,9.45837344688874,2.74013460170514,20,94.1732821675837,2.99431399603964,9.55485918113699,2.75469347373943
103.142766594112,0.58049876997897,10.2613287777061,0.797319325394849,24,26.5193187184662,0.487137564619815,10.1312292176386,0.722617520775718
63.0827980881195,0.635399942255906,10.7764249634328,0.80943182143019,1,90.3369326558213,0.743301039247428,4.04121042170088,0.430230243076029
75.0667038610185,0.661551813744407,11.9578208540348,0.734601382472078,17,44.6189372970331,0.618708183265718,7.11867088874374,0.552304547967564
50.1922452551669,2.45460490046947,13.7119139514789,2.78951085402793,10,46.9630435505451,0.92638816832154,6.60290086207729,0.918991026080771
33.2709865098255,0.926406883781454,8.28825128271877,0.9570624567696,10,24.4595198440079,1.71216686311468,5.91796178207908,1.4191438510292
52.4450865082928,2.75570724855308,9.53025647051871,1.3854073927334,14,36.9904116488251,2.75636378241366,12.1037755963031,1.55517246328404
43.7550284093833,1.92404874850778,10.7038114734342,1.1014077624995,28,217.133166042719,1.14818244914097,13.7243283529424,2.92547291774678
80.1755278275028,1.58288160861866,12.4192580993066,1.31595612676131,15,20.7272707112411,1.56843828437109,6.63309631308272,2.42606812183202
80.9712165473258,0.639381139399405,6.47385172345466,0.636056832765696,15,68.3699647634988,2.95422844889485,6.9283904224988,1.77922736411452
31.4593378423218,0.545492678428994,1.69892663562432,0.349831157719971,13,92.209510711564,2.25310685119266,16.6817753137606,2.28919479366548
68.8104915765435,2.63184751804671,12.6335319735426,2.21641873575649,27,23.9017998942667,1.46616786760107,7.12393504779411,2.16143135358702
52.2764957260922,1.20731727887941,14.8481636520237,2.58450170173799,23,104.571809725477,1.26965475996107,9.15399418496107,1.77320018026915
17.997937438033,0.813285546935266,3.69332553449355,0.591671447853658,27,35.3619818574276,2.89286212452866,10.7444078220954,2.19417236875627
147.324599447241,1.30504023725598,9.65943428606,1.51156268220168,1,76.4662883818679,2.29054824351344,10.4537862675939,2.62046078376836
202.30207999461,1.05302797734822,13.900589806709,1.82168940670842,5,30.8552458624419,1.41344660455749,8.56569643442803,1.68846775802193
103.195671386487,1.79591790147668,14.9801262667221,1.21236015355142,16,88.2016427415023,1.21488934841199,15.1116922653532,1.46421529247751
24.2610598891475,0.61230106609546,9.31190973077518,0.842018586963681,10,45.3487636852861,0.753535342123592,14.0736111342662,0.887167429733636
55.6941122665471,1.84190104630604,10.3780722293143,1.07519008815483,18,3.81148888576121,0.327597876441186,1.09547546476476,0.345362777898277
95.9724347957029,1.47907402385456,12.2205035044944,2.91530660668263,30,8.22046449884641,0.302792725434469,3.24707339944848,0.414024822530609
78.8677231668013,0.99432907981657,8.87822906822824,0.937803532322083,24,60.1133017607165,0.871356763865266,5.01009428512814,0.451797099095943
73.1547711773795,2.3199809003083,6.88813459154771,2.85145681817962,16,41.6265144378981,2.5076524213803,12.1172722638348,1.82070761997415
18.6101129974926,0.487632044647991,5.07555968122854,0.558434889520331,28,53.3786579575582,2.14188682613089,10.9306746045329,2.46080621251353
52.3443598055031,2.7653061009171,11.259334951669,2.70719042881547,16,47.1476772159039,0.981699474542375,6.07899229685215,0.507250037139424
30.3651094386342,1.23469846956399,6.15697279352307,1.51769067310163,18,38.7078425457966,0.562250989282943,7.29505036053651,0.603658572299182
54.3479716404408,2.29898475453512,15.3786237102547,2.03544064952285,20,16.4582344600355,0.688541873374256,0.685021786840848,0.308331071158063
26.9149339342398,0.999081163661631,6.50680559470593,0.7308017948453,28,260.193402616843,1.1750624218241,14.9708325414031,2.0851847584126
85.5644139797813,2.03136193245166,10.3917155055154,2.45037158579438,16,12.6912447964297,0.49182691541083,5.78140231568618,0.838838381938299
72.043461782033,2.97992306722517,11.8798118383593,2.16698154698906,21,92.2135800025215,0.566063482846129,2.4643379275769,0.384218395086731
114.763778311559,0.604901401400916,9.58154825459936,0.716965499107616,14,48.4142533120685,0.999992069395287,9.03039301225585,0.673477321246159
73.0468094087577,2.79228573829032,12.6946927464164,1.3546283312243,25,78.7733935626063,0.839818760779372,3.59182861146176,0.545226856567893
83.7841305282971,0.854652410655919,11.9209256081488,0.726529633232823,14,4.58780715190641,0.367302383303511,5.15691602673293,0.94762121884431
22.1346447048761,0.428033037010504,4.28335005749843,0.691175881556044,30,78.9277130327507,0.774000127145708,11.3492126100222,0.873927477288496
11.9123561418029,0.47480449928152,4.60751025925928,0.61843103988997,28,61.6307519626444,2.83186362913372,8.60185262443461,2.69984382273402
79.1373672207785,0.764197654760268,1.60097215969385,0.307034168036666,8,104.165260804622,2.94569709019081,15.2990363767782,1.18612863472705
32.9530227562418,0.626635823734713,9.80624017296819,0.915737900872685,6,60.14467044116,0.762956972678697,12.4438063925001,0.847709179791495
68.9774669381783,1.98064609315151,9.36680332800381,2.99195456127483,6,76.1563311717498,2.92796641573224,13.3034789154091,2.16507346872845
73.5151024853143,2.90291098239732,15.6727152560749,2.08278594096042,17,201.439781588624,0.883204040451766,11.312617831641,0.86584632775188
38.0151841746133,2.94003670463824,8.92267102780694,1.99759533566653,26,55.9393394216486,2.23371529920263,9.66038614617178,1.89628856668723
68.3227511905832,0.844474492809316,13.1792688172622,0.815539267693768,21,40.4961886290791,0.752608423123623,9.79567514866424,0.808027778194603
51.765741536301,0.768493647030517,3.42408139407416,0.400567935318677,23,33.8510354398272,0.799430449212075,7.82342657147365,0.82192273622124
132.047701807113,2.74545451826912,9.96414918100738,1.01376595495228,24,113.25582312898,1.03674896494709,7.86787865274617,2.14212811202203
12.9674132952234,0.337175189791186,11.428569012908,0.818304496449962,16,22.4379536270821,0.790132482972107,3.90973356139534,0.684494648731496
57.7877515812364,0.514780277113482,12.9814448905205,0.940844110383846,3,109.506507530601,1.96772607018858,16.5114881164093,1.787399368087
67.9659231883028,0.789335977800009,2.04021042631352,0.3385813027874,25,7.55284766554515,0.309082297598173,5.19092496686259,0.839173366247171
15.5592161560223,0.411170107272787,7.24165972571021,0.551052621937537,19,16.3340505109568,0.399611279874658,3.67358131012528,0.528862921265719
45.2534421458528,0.957724774881097,13.5658086078449,0.970905392584781,6,56.3123881173253,2.70908725305014,10.7336575804766,2.30204373289507
74.7225014656566,2.81067560115845,14.5677307893504,1.58083388407353,13,23.1422117982754,0.441133041276937,8.47496505488656,0.746145723041827
39.7150888377763,1.25822806831318,11.3452792227339,2.90552487855191,17,44.6035581542479,1.91224474166466,7.19613996522961,2.37003270084053
102.919388431421,1.78273089956032,9.17280419466723,2.93872066820771,23,45.2112921245955,0.851230794047315,7.74580627182158,0.980834482378629
29.824771620545,0.877607846893365,6.53015644524816,0.965951814049156,5,73.8680743375334,2.43406897849006,7.44252905766207,1.86033116906815
44.6290819716763,0.932129895174395,10.737711505446,0.84891232909377,9,59.9904022020187,0.735984426520224,8.77466067697725,0.787703834519351
142.817843672491,2.02478562277136,12.5718042036505,2.64741591656958,4,52.4375913812197,1.21985540812327,13.8671648026803,1.69605662769592
139.096355455002,1.96954996293345,13.8415066489989,1.81353470138446,3,34.4351872344876,0.405437396577186,13.9041093384502,0.887371772509378
113.089181223437,1.30169476410099,8.33776978791715,1.9327272264109,28,132.369675183848,2.90786973169668,10.5340003925812,1.52180037815975
32.4819115390507,2.79563546008262,9.59015132352457,1.46546184813645,21,47.6867371081222,0.988889813831707,7.06003678285671,0.711149738205487
196.200052122266,0.867876346929659,7.17256791892231,0.494141490410084,23,27.9924600449508,0.36167174317291,13.5005518416917,0.921816519884671
61.5117806687679,0.703310073881675,12.0068219752973,0.833589652769226,3,37.2242573594739,1.81991798333469,10.4631775718095,2.47681146752932
48.0824486838159,2.52393880903021,6.1388347980673,2.63329156786515,22,53.1836919546731,0.758760387418912,6.26838661672716,0.495984497532505
51.2939645664089,1.45343792599219,11.8594264417964,1.01167303342546,2,39.7709116331718,0.980889361003614,6.21149235337393,0.621146242064593
18.3270431806221,0.356223790366153,12.4802560900567,0.994968893402868,29,112.426727812932,1.80412287825269,7.59763218022,2.26399311632383
50.5998296526291,1.67104664085481,10.3355624057783,1.75442802604022,20,65.6260461842702,0.526693216099374,6.46056959239385,0.695899223323112
54.5294450371599,0.819759796774809,8.91909239059208,0.729835878009182,4,186.653006068421,1.74904058856214,15.1357907090847,2.8920706240853
20.4732858493201,0.69032200001702,1.11248497666948,0.352538969620063,14,47.7022013201813,2.70037320212621,9.24467836658354,2.47715430992147
44.2880260540931,1.2325559218728,8.79089397864342,1.9178691649663,16,51.8465922973049,1.93899636674661,8.27777409799855,1.04318045093252
22.0499604312826,0.374859880082341,5.83199411944089,0.833721661435896,13,57.4756131054804,0.821039864641746,4.73687771154134,0.739290503106677
84.7614640215879,1.06340495399134,7.29431846559338,1.30606141432811,27,112.445110438568,2.60143478909418,11.6615319148273,1.91626351304119
50.819454419289,2.55817701152747,12.0788652294311,2.0569845444834,22,64.3457109438267,1.31266138377219,14.0331406659754,2.94654054007751
34.6469636690766,0.977263642503222,3.83383332001855,0.668908543176582,4,17.0454178749611,0.422301163475475,2.59350605202445,0.457278300507331
119.380466583439,1.63041961912432,8.370964119979,2.88434952942509,15,55.1701415051515,2.51746560678491,5.82685903604291,2.38825084723786
31.7119385642213,1.67624313396106,6.03563614472564,1.49632505134747,17,29.6403154622006,0.605164394958744,10.8580129273049,0.659890726116899
6.40546279521432,0.352658585915955,9.17809144577692,0.930382185302345,13,134.775796190207,1.45326381975169,15.8420982175745,2.87995164968045
84.5423595310583,1.43255304175271,12.3501918107115,1.01276476015475,3,29.2687875714497,0.62106665558917,12.9672305979999,0.948624799986165
52.7002736969076,1.68163980014826,10.6151614821501,2.79427894621515,25,65.735303429079,0.707859128741758,14.0174775308979,0.958464733372899
171.182322713469,2.08343787666678,16.4369990372676,2.40455702425963,7,21.8961323784719,1.44562279693312,5.98771110887693,1.56886211727479
66.9741009621091,1.16274584574468,10.5410468514029,1.68446365791946,21,40.4683704094254,2.54663693614242,11.1530323014007,2.5311083020517
8.79874850181124,0.382058203148053,7.73134750139414,0.814300466467535,22,149.347582581033,0.800959601285868,1.90924101049314,0.343933646924518
46.9445105534582,2.98902012534906,5.9111786312892,2.90861758907222,23,78.7472989169222,2.55054310750634,9.03627921060895,2.26905149959131
71.9271305749294,2.4848881427594,11.315151427892,1.70534415018135,6,13.183905545511,0.708065631329368,5.01958176397413,0.899883079506863
23.6618100754262,0.98237763772067,5.57059290522674,0.684700980768762,27,55.6690244776581,1.07328615048687,10.6508516042187,1.30171542153915
94.9670866100566,2.3279026269355,14.0549864048842,1.47230994798686,23,51.846106733001,2.92677267430746,9.99303818405565,2.9250288189498
46.623829400016,1.31912571409403,14.9778043257987,1.60822837433334,26,29.6148687880978,0.585744790785457,11.4245941603391,0.826624138787123
36.6814989773219,2.62789125174197,8.09838271102432,1.23666946602428,22,49.1154652172576,1.099256425777,12.2206858327223,2.46662074737567
174.193010110124,1.81001780279109,15.9642245798114,2.07667854847435,25,84.4165747269263,0.6880281790271,6.43222448370705,0.698853804128222
80.3110835214802,0.866106196589943,5.23729197010691,0.550136409519837,11,29.3041002119032,1.05877052204612,9.27749650403843,2.66775171915867
28.8767789026258,0.843972842210701,5.23095735422545,0.818810683992329,12,48.8886148822421,1.5126109655533,6.60285686737055,2.01918659342097
57.4839092271363,1.76933882424127,16.2795139495731,2.12008361406732,30,33.0467145641225,2.30229939667248,10.254209097821,1.32038930007212
34.6933176607291,2.99552903644013,10.6828901194553,1.88768581862273,3,94.5756269372358,2.37189684065985,13.5379876060764,2.39304406880035
45.0509700867741,1.20142878079406,14.3036849897906,1.17877055212288,11,42.6890558767997,1.03279686693536,14.6639150296461,1.238346121146
23.8953694515794,0.481257522697175,6.77921094835253,0.516112674914078,4,55.8385350913693,2.49310602931437,16.6268527873573,2.07528662277868
20.5409137527533,0.488614067693638,11.4795822748507,0.982861050861283,19,119.476052934632,0.720471145918168,10.325419531965,0.930467565421056
25.6586885429846,2.99456455762776,7.41061035312061,1.05097019129562,22,119.260817525244,2.19267659423753,9.35264087402515,2.32937055042004
101.429994484551,1.86336124935092,11.2029136912201,2.88389668100227,24,27.7901798199638,0.378228468305476,2.5380322656073,0.351528586909881
40.8773646991961,0.961519733349439,5.61623912482913,0.886755121556154,26,20.4184548992471,1.84648876835278,5.81495865037111,2.64644282896024
95.7757266540507,1.14044974604999,15.174634832577,2.90487882689202,16,24.8855462902551,0.539508602040677,13.221561723996,0.906119790368466
23.7771477982496,2.08902475649113,6.43798959036359,1.61830514920038,28,15.7650333762762,0.400632404160467,14.4059712182938,0.986338674447736
30.8247109933397,2.13269569011926,5.71572812305346,1.68891004943954,18,23.7720836729897,0.954761625989275,5.82557044477328,0.902116487190549
24.5527442517687,0.812426548383594,5.96317550809571,0.80348044145746,19,34.4295566463369,1.92419279282661,11.3233549912835,2.91361829847403
5.0594085809722,0.308501803696795,4.84732245794644,0.545332003801079,13,20.7418169182449,1.11074801581371,7.36160282166221,1.83509133699594
30.6260015336795,0.366291114584349,6.76880712264353,0.585048450695256,17,30.0015347588772,2.84816434364845,9.38100812686152,2.53885860636763
35.7019051286421,0.77808627087481,1.45570206081234,0.382343756090312,25,179.397236829995,1.20860354389668,9.85074820746022,1.21405314382261
48.7208810696339,2.76818910527599,15.4910124152789,1.62397635010507,14,99.8255651724293,0.994465810750568,8.81502821337414,0.58940645603102
140.221853522207,2.31086050183136,14.5777333496651,2.1922067891559,11,48.1624842669359,0.857258566190432,8.71491103804626,0.602411895595037
18.5810166307597,0.383185877996416,5.04401681297382,0.508201123974505,19,3.0815175127222,0.300691869627474,7.87046360039969,0.974731225432079
55.035190313841,2.77409192269794,7.00205147237484,1.8599400544785,21,121.249069031052,2.15792253040537,8.32778392926823,2.49381643000837
35.6423249932824,0.805813119758616,2.2302122626701,0.344963888920591,15,39.9022965578027,1.13559926467781,13.5747427749314,2.83883104433018
7.19429758752717,0.332957853895906,8.7278284054509,0.660478498692861,29,37.5815040992384,0.711249790175108,3.94126073560163,0.427596366769124
37.9396454667935,0.986560215238504,1.87927736851374,0.342244660256883,28,74.474158508387,1.00004924952772,10.3470399548256,2.94940406600738
36.3723740610059,0.617906683927655,9.90296077159812,0.910979666908325,3,167.598262085233,0.73187500520872,10.3583921139404,0.845157932858238
42.1073545323792,0.794118979948107,5.50563449172493,0.64683030915806,24,47.6035005444507,2.19749230981611,15.5994334945821,2.61898309309042
38.9349939756076,0.885181189894875,2.0821825451198,0.398197934682346,10,36.434432892179,1.03084513059577,13.3009062933653,1.8057224311589
31.4568660624537,0.534116007153668,2.14505430231912,0.326039744438992,27,132.515311299038,0.588704979905083,7.30584094314724,0.518733222913966
28.5496601083371,1.47127680537883,5.62628606509811,1.19619463082392,2,94.9016961707331,2.14415177176523,15.7081854866296,2.47998239241104
39.2116947597188,0.698162524171256,10.0851729710857,0.995350902942275,3,131.843148703161,0.846020906973249,8.93416938603415,0.584302662043584
8.18411569252113,0.338110441142559,4.60227358524881,0.646783026333061,15,74.603567131682,0.853659980960458,11.2902454583752,0.726866429781965
28.7631247350118,0.672088347534834,6.19970075680413,0.980049770893187,3,96.379997296862,2.41579760907081,6.85058024478028,1.2492091851693
18.7492150388505,0.443440677126834,1.40194983414346,0.306711617763795,4,56.6614261742354,0.603375010255681,10.4342004222609,0.795466492632083
82.9363151496284,1.87432418706164,12.0370894473316,1.80673850876327,14,37.2593687716498,0.442702370026379,9.98755635042207,0.997481851371437
65.1360278112107,1.42499472742796,11.1915255740126,1.62897777097641,15,46.7615107222384,1.47654099629335,11.8956762821618,2.52413054172689
90.2869765502088,1.4326574692743,15.1416712232813,1.17254398852079,30,5.74073451601386,0.337354206140155,1.32421618251675,0.328880379667121
14.5912124162063,0.456390242026476,5.09739195829793,0.471865976822356,1,3.45295044237827,0.321026502139616,4.10101190034224,0.717096664446691
31.9239230885382,0.889896480209743,4.92385172225025,0.502629849327934,18,51.7140683126238,2.88032987496282,10.2304595316246,2.38778435099257
85.0590539039536,1.17599495744979,11.7037109321466,2.12108448920641,27,12.1900654393917,0.376068433825216,6.33775282331313,0.930945669165093
268.799284873646,2.25765518778647,16.1620640060265,2.88418393604074,10,49.339275355878,2.17008912344375,14.1081168812637,1.42816194306749
44.5479007571616,0.776248570318477,9.52238645508095,0.974072055719251,25,48.9270202241548,1.61931991902723,8.23515918783858,1.69106661761112
51.9987919823844,2.04423339728532,13.5192628942299,1.51022745950099,19,145.432167254338,0.678315343330361,14.603048351658,0.994040177808105
190.611720884277,2.58497736055936,16.1023145613035,1.45441863829793,6,52.7224772679671,2.2972012086911,9.10042931517532,2.88561768708344
79.7507825030801,1.7409797595517,14.1143038962593,2.72738430697215,28,26.0260744166608,0.407749385266488,11.5277433422163,0.809524587316466
30.1652174749003,0.564908554734231,8.06805720382083,0.586003145736272,15,57.5534048081827,1.85504989494162,9.96367165407985,2.35577974563017
49.6321500107678,1.65713445958495,7.18187967940921,1.95393469032754,18,238.974685423638,1.67996169414814,11.9897517541463,1.1418687643393
102.405688504821,2.53035440439416,8.8636099348671,1.58557026283135,21,30.1564159455411,1.58633656982065,5.76977616807402,1.21892934273396
41.8834629107627,0.913568552837725,5.49984797453368,0.637455268207845,18,34.846867461763,1.33864544706784,6.16254889882029,2.88190441718418
50.255161136288,2.44221585427365,14.0348831671557,2.59315667120885,23,77.6930240956599,1.58141472383246,13.8973957816294,2.31794330150513
153.180719623522,0.890595438680555,5.89826814714424,0.483089711765297,23,20.4204263566144,1.48601385183388,5.51210554728659,1.15103545476732
39.4417157633507,1.6198788917281,8.23146310816008,2.46389236008461,6,10.041743078099,0.434011213264467,8.80855142114493,0.995865853051257
48.4504644766544,1.30941314632313,11.5973941514889,1.89090724914194,3,33.1596551772749,0.562490235880162,12.6612940208024,0.826777989158654
22.0404188258629,1.65160251131505,6.64273308414717,2.64192704012876,28,34.2867007226294,1.97434715921431,8.84236939669494,2.24219162437131
38.9216683702898,0.918080784746343,6.09207872353872,0.827390793842219,28,16.5230948774224,0.665133735241482,5.91752138543859,0.748671036087953
28.3802477815263,0.4421302780153,8.41408284698616,0.716543859501921,28,81.1739734459491,1.51197933175369,11.0671040374749,1.23991343742003
20.9110498653601,0.646120514147885,2.7661711040629,0.441148588714294,18,49.1338369527278,2.79499913966891,14.4654011431248,1.09524858255482
96.6186082173374,1.48788507816816,16.7069480619853,2.27968984175157,20,68.3151523370991,1.12586960879015,14.0614979281448,1.47366014548499
60.2081404107282,1.59669597212616,7.41718900839013,1.42881759023573,28,31.5114363848665,1.13013414341363,6.73727585754914,1.25903113539838
18.4298979509351,0.532148810835509,10.0034515517947,0.864318740390021,3,15.8348443491396,0.395636104457966,6.34842535351288,0.599552059677857
134.291141345866,1.26956916486037,14.4012082956639,2.01014329843006,30,117.104987422777,2.87049669631299,12.5977769467573,1.20936679950311
75.6009639382567,0.623879494529335,11.6277555637053,0.777998422874327,4,61.4876988318244,1.80355915613283,8.64287510436962,1.53125565118301
79.3804384870363,2.56922871011374,15.23007641267,1.2280138115514,10,30.1422984666965,0.453007551089149,3.59911134667819,0.391827046988129
212.088598292703,2.72151565985923,12.0694952995824,1.5896091397718,1,58.9326602819985,0.787270370209358,13.7752698745415,0.947302535883555
126.236567015738,0.479421037626209,11.2153843897647,0.66480813421813,23,27.4261416203433,0.847890107058189,8.68938519689143,0.791613638004445
18.7695837908607,0.789723428216969,2.44911635881292,0.449730516347262,28,65.4700985187596,0.791123503520378,7.5900861919038,0.695910701813529
54.4539920788426,0.747836981731752,13.8021341893235,0.879838806792541,23,14.1181477780695,0.474840601329429,4.31223953248062,0.590510690706541
200.545692223664,2.23118932396783,12.5110370610872,2.50186514710329,23,52.2337483801223,0.607029098624545,11.8934994707859,0.789156432993319
86.8084335328492,2.44893847716233,7.30728093922303,1.55022841259398,14,24.6797531656749,0.920359079097893,5.27586427162233,0.986444250967684
44.8682000812492,0.515992835482507,10.2443989611577,0.744754560253483,4,54.7677874060266,1.04288788623289,15.2996980705001,2.96152851654649
93.9402261205283,1.65682697574336,9.47587390690351,2.22958847339663,8,171.295471170981,0.741506801677549,11.1595769986656,0.848306157157066
56.4262692347151,2.77189959122294,13.086988215454,1.36848049011785,17,65.7877202355754,0.897185829270839,7.15568564313288,0.567971322921941
16.6311323433123,0.449648395049,8.87960251085212,0.843864658013402,14,52.9068642164144,2.93371524218886,10.8463264726458,2.52734534177247
30.4691140594355,2.76695738379757,6.44509544277498,2.63978679387278,22,165.403877309232,2.15907065882423,15.5942474881189,2.8988875138286
48.8203971036482,0.99727350660121,12.1996214205981,0.822557332494486,16,35.4104629392534,0.817353038532018,12.1672667601001,0.948234125926178
94.6317030827922,1.75541183149783,10.672359260294,1.852300160139,5,43.7975431889735,0.35062631554101,13.5116731542472,0.948932960087234
90.6076650111994,2.41710210221587,14.6204260418728,1.4103093400604,6,186.657306832096,1.55498523170162,16.8188573509625,2.83445403289166
57.120892638267,2.05201275410922,11.8097665578534,1.85253815044161,6,171.882000206015,2.57882227139557,15.8450352595493,1.39006408784569
15.4043040821603,0.672458085368806,4.33562161029136,0.666007210769313,12,31.3575434730006,1.71443674409788,5.35595923972499,1.08593234651508
123.053634840362,0.74904336100627,10.2120360175715,0.918756523224361,6,36.596113471466,1.30878489231922,11.0477307185897,2.5069260733367
81.1811272549788,2.31748414788567,15.0949973316012,2.76478190566789,8,73.1474046126047,0.698146676053653,9.60428377535995,0.637218576602952
203.377158375982,2.69901094736883,15.0340829055086,1.93422328825355,19,25.3382939753226,0.357421419567837,5.7112934167881,0.660139667528519
65.502504993503,0.587961825460496,2.24545597214115,0.327640513301128,22,79.2416527716111,1.74400134711562,12.8297851269039,2.30333670932146
7.33492857151305,0.341783381644569,8.21216565791079,0.884903792419241,16,56.7773627028083,1.8195900160439,14.6915502419564,2.42051295452964
151.409574822983,0.666357458976771,9.86301591787019,0.660311923118349,3,46.6680735350782,1.75455660181115,9.44628623360334,1.81082512061507
50.5144623060793,1.61368565041848,9.5131685491025,1.89792529653226,6,21.340527543958,0.445111885446357,10.4895011912911,0.766756068912156
23.1120907041864,0.829003436604558,6.44685574604816,0.690854966140198,4,72.433316346632,1.33954890293381,14.9998447172925,2.95676070597031
29.8005157134546,0.724761478241446,7.96468298913486,0.616706393516976,9,55.738514065467,0.477307619304263,11.5357089479175,0.725395044492191
59.6704570135402,1.89611001786769,7.39807438575763,2.21256712884074,1,94.4828129036641,1.88600208517142,15.7419262341078,1.70133779961385
60.9669121993342,1.30425061858407,9.18249190126322,1.28870820788757,19,117.87602786377,2.97219982734124,13.6292980760867,2.36517586165306
120.089325816549,1.67037800583476,12.5329222046684,1.69856230958363,8,95.6718026231346,1.26820043782503,12.8472897004167,2.93447252567392
23.3143026654158,0.718157490842345,3.11611583809733,0.438338721652523,4,13.9527155162318,0.614992762130699,3.37713439058387,0.500751983192422
41.0391409863403,1.3434169711155,13.9794807307522,2.44674027409704,30,36.5595721971358,2.07790291500912,5.55253112663067,1.07787492661976
25.4279822833261,0.71385592007266,5.65422992947707,0.636895685549285,20,6.02572850108949,0.308590207860597,8.36311654075523,0.641329876659732
60.3113225885695,0.913732667378398,5.25436735728967,0.51631687042297,13,8.76127235065549,0.360363987210434,6.79112200075972,0.762807199336343
45.528619463886,1.07720957283662,12.4594262033716,1.76749278511528,9,50.8790391415395,1.0800079370572,14.7952167682121,1.10134527404818
95.3938844862336,1.02472752370002,14.2508860647511,2.38100621974673,19,39.6118673004664,1.2717789706689,9.30048398868431,1.26214794375997
52.6053970546536,1.90923406613471,12.4912135361237,2.95303594635926,7,40.1312555458377,0.811577786887083,10.9370002248088,0.686263660091238
74.7439004111156,2.61116075622937,15.1114416244267,1.26592604204409,17,47.4920476659597,0.703391818331445,7.59814298412554,0.768482240284333
58.3648878661381,0.706100714861076,7.95151790427068,0.593818691836606,3,36.5474614887033,0.422723055450927,7.2450106163354,0.648900968756838
151.470466556095,2.76533889017364,12.6846883005702,1.0942936040267,28,48.2286616794875,1.79382984619362,11.9754958153805,1.09529594910006
22.3919757540241,0.985271286719889,5.36456742579163,0.832871665044521,10,32.5450169800394,2.62324330822221,8.15211648984581,2.62184801597122
83.4720533873645,1.50335555444542,14.7558419814096,1.51705624635693,4,35.8429077536401,0.407470367951541,5.794688961358,0.523297947897531
108.831465177927,0.523798857568046,8.37581606020727,0.647578015939362,21,21.0374809398468,0.665087436283171,1.34856027475969,0.370569458447876
83.50558929191,2.40026818263433,15.0324997334947,2.47480170466557,8,108.293045227256,2.4901082011662,6.15508609687295,2.26032009081267
25.9770419503322,2.79867527461838,8.38534353510082,2.57327465554613,7,90.6960255439839,2.36266352224847,10.8558379023259,2.67207992487058
88.661616878201,1.88140501152282,9.83164435971182,1.10520474356813,7,57.2594726656761,1.95684095240757,11.6078361094564,1.08675331234285
19.5375018430484,0.947265847063319,1.18509917761766,0.340150050329899,20,137.948412276783,2.16351664233486,9.31817199534935,1.30571557209703
166.344080759383,1.79708133576781,9.54407669142029,1.46261717194539,3,32.8329692079532,1.41297497125476,7.40984227731988,2.3999957562471
26.7374659085509,2.15826391589268,7.38778970665224,2.69641270783339,18,57.2167733118523,2.84405066714135,7.57572211563093,1.32927578449491
79.4027803477077,0.832958101243745,8.13854567207544,0.55253636268192,16,20.8833487281713,0.343372938173149,5.27266958758517,0.56564311638813
79.399910503852,0.667674726300471,11.331869183534,0.711368862350219,13,163.889908205978,1.78629496123988,10.9448989410678,2.48417417462448
25.4366256003843,0.570622722110296,7.81710160413467,0.78680432671521,8,43.2653023802892,0.574041848683416,2.74550387355755,0.377929571646481
20.0426987099968,0.875348155547312,3.43869350849949,0.496324034849611,27,81.2673728645939,1.84459287385159,11.7455673141705,2.87757816827792
116.968827995529,0.948779425926025,4.17065992556183,0.404817218513957,25,50.8884161483225,2.13916254945877,15.2030561330614,1.24222372792731
50.5599904243535,1.55905404077047,8.01095697254785,1.46727879087168,8,91.2508303632138,0.812783643324387,8.5829751535344,0.841856272904575
39.4445244400297,1.52185052590083,8.05154601329263,2.36167453202743,25,60.3275230806582,1.99819946168903,5.92996669674045,1.62803624553774
45.5593214137361,1.02263546527648,16.4229465606358,1.99611917184946,16,38.4439068664138,0.771651859679686,8.80759480837223,0.911876280354001
12.0092914909083,0.319336928328893,5.62912200196541,0.697228662085441,5,80.1845877817904,1.4581854791979,11.9624745793598,1.21828019195461
104.629462160352,2.01507753282714,15.1808926679616,1.5753717622281,15,171.927876729916,1.55601034599174,10.3204737377828,1.12376162490394
97.5791014737646,1.10435387020076,16.5618892331856,2.77442314618588,20,48.145806199721,0.802388708161042,2.57958549514958,0.430968411376079
51.9260086565807,2.20104674676027,10.7779856446037,2.26707797518737,12,32.075099408243,0.923236079555335,9.78947472406732,0.867781929053155
37.791397943574,1.33606701049383,12.4495229876425,2.09355424522704,13,32.9721168032611,1.45706967300362,7.6921567316651,1.39480422755036
12.8743382599658,0.49191829895598,4.93540125890533,0.588204649661758,18,32.7097982114656,1.16763688507184,10.5289303632761,2.08425169436444
36.6267324181963,0.375583186547225,7.25101006700431,0.881974395605717,14,94.2473301058566,2.63931708152933,6.17524412197528,2.23167551563791
64.4560058435814,0.728022403522717,2.56518453150105,0.373812575871469,16,130.95903881341,0.756092606670393,12.6668521428908,0.826495580607513
46.0979784644526,0.810011441470213,5.55511444074332,0.937991505133853,30,68.467939340751,0.661426372573421,6.76061622479286,0.970934630903803
174.605929159343,1.53092911658717,11.2318677763429,2.86682128391038,27,61.2067060704932,1.81262607925076,6.73338545202729,1.7647972376669
41.0191514839351,0.985259405169646,6.47047326858122,0.605403986417322,30,42.2302213607767,0.788413766108084,8.56105528613281,0.797450203481888
91.1331200347619,1.65817814149518,10.0469883037793,2.98615929767583,15,60.890172011824,2.20658617799482,13.1082222171829,2.42591477537818
26.1228280214185,0.396783014341258,11.8905420089225,0.917191467758447,7,51.0261554360381,2.76764075893642,9.47773814707264,2.56211714605705
32.6118215740803,0.871625500874238,7.89461600386544,0.818207035704746,14,113.496623940021,2.3361755773412,13.8525249813942,1.72449211151912
77.5989536585253,0.622822937746473,8.72550744716899,0.615523510685167,8,95.5122895142854,1.45857606248838,10.6859214993234,1.32277622609717
20.4044400084555,0.517846289214294,1.79331273965263,0.352862965900535,18,68.999677595418,2.05585416422713,15.3106377550058,1.88384189783452
111.60432551702,2.30377276918112,12.2080346569171,1.94561917414984,25,8.79894560829043,0.302273500542788,7.64090496547392,0.523818244068946
90.2847486363353,0.888464655253094,6.69013197952268,0.879971769267867,12,46.8349195529763,1.63682756652639,7.80883445807668,2.62278153556251
11.5937631524837,0.371397156172311,12.1442753814215,0.745528660407912,22,35.6692209088943,2.83042104262169,7.83713781207219,1.78268990777131
134.089347772316,0.899137743539089,7.55874629660057,0.616200564784971,24,47.7710231503219,2.06922424548952,10.4671277716165,1.57809439285008
108.044536083886,0.87598010877084,9.5938931442112,0.982506607621142,23,88.978516931413,2.20205314771547,16.2044396016824,1.98919007705961
40.0781055559197,2.85869893863497,7.63314367463532,1.50591100487871,5,52.2053695175925,0.87741387239013,6.65482956358386,0.620608145571734
46.2788267012556,2.17668497411762,12.2605585598677,2.14348328956405,11,32.1545191270172,0.753949258443539,2.28310128074096,0.37318627941318
205.195143676284,1.82807773136185,11.2349594102974,2.20175253237574,23,109.273395719107,0.969885977250752,2.53890564004473,0.39751464181583
10.7112692939321,0.315359578467556,4.10089151936736,0.42880321677835,5,15.4660895478978,0.450902594662776,4.71925119256707,0.579361956001458
28.5742610750271,2.45238535828803,6.4080369207799,1.18033168809086,26,31.5675753927465,1.22273004173699,9.25990698193472,1.86572357461013
70.8026966317486,2.80007444749362,12.2721139258314,2.34403224236697,23,209.731616878255,1.05074585735142,15.2961204607757,2.76801300659148
35.442080055743,1.87744825122524,8.94097841549553,1.98943249640992,2,38.4898137717326,1.97443441329874,10.0189795730141,2.98220135326285
35.2666496912442,1.3643618472421,9.08583881548743,1.46715195805397,9,38.5188113864732,0.570701219625873,4.73693420404038,0.493042362248159
84.0117795812952,2.36490497802136,16.472112280684,2.17086178623829,23,23.5781979152628,1.14842455727039,6.43018465002389,2.26187348263459
30.6712363241226,1.13854125370788,9.98855720880264,2.80711895182394,20,14.7625336751242,0.644139533981331,1.7642004519841,0.418867822014008
5.1371886723834,0.321004415414501,6.9586644992519,0.669044800480183,12,34.8187065841498,0.842689368780162,1.20032520595221,0.304049652109943
96.7202713332353,1.7030232720035,13.450679467043,1.48521963365204,8,34.0656302171747,0.773661835048553,9.79873279708764,0.793602579809368
26.0726206156853,0.926377753911615,5.65098064106922,0.650100555280431,29,27.7631350062402,0.777711785834351,7.789486295407,0.734349699646792
133.436391087913,0.835263835127001,8.26544659305722,0.744811005517826,19,9.9740949227148,0.475484880054578,5.43771332893061,0.911576456198508
69.9733378812993,1.41004089631088,11.4118838970179,2.55532341815356,9,42.7805694975074,2.63870113542958,11.0325493086483,2.05220676187488
87.9552671214963,1.54950855465546,10.5363633338693,1.46743007380597,23,260.639093335053,2.77113807530691,13.7503224765268,1.75204794747666
86.870688011142,1.5695605070007,9.88122582487,2.62948639452137,10,23.3958138307106,0.419582896041742,1.88533508447605,0.33784332261513
59.6851756240746,2.04596637052827,11.2028615912896,2.98433768818848,16,20.1972904810109,0.44407402436997,12.3421734532383,0.810336370895309
111.733749829426,1.29330698640203,9.29998592270844,1.19323058393625,20,46.5552865660325,1.16110581840058,6.28992064287238,2.81492667196418
24.4314421767426,0.709575659676321,3.00265734922995,0.425022223475676,10,57.2959330138843,1.43144469713417,10.2646574474767,1.67147758403407
82.9596485180359,0.710745679670153,6.87601471870517,0.726297336711993,27,20.3731989061213,0.732294167592445,7.28444769617578,0.999967576301535
18.541435351472,0.427866921513906,2.29752106932866,0.326700414724427,4,24.1627244646984,0.445943714685708,9.9171275006706,0.940252903243003
75.9271127021986,1.82104883741235,16.2138891875716,2.23463645874287,25,26.6635146612902,0.553896865893521,9.54588262443182,0.67102851829353
54.7212532138764,0.873335643736978,1.70303684372687,0.385669448013926,14,79.7843891384008,0.830543301415335,10.7509592275398,0.78531462731663
46.8986061685488,0.457777814145278,8.65587888979852,0.794522473250373,13,12.7036577934847,0.360616385111846,2.05130726259275,0.340529499849593
28.0977225765363,0.3559448067021,11.8166774155493,0.698370054200736,2,17.1263951856142,0.352699011917333,6.48185250112159,0.909383841377783
171.850067467241,2.3101375327988,15.5377623470905,1.37528377091922,11,24.316358601137,0.778709652498091,0.914172146834009,0.323747610919144
45.844876151607,0.824358424440177,11.6754157867022,0.856703697490027,18,52.3802426355839,2.06163628416947,8.02270040654868,1.93266700013803
95.2011300213758,2.91953715420783,14.7860549145337,2.35546296841904,30,25.9716873122607,0.417147265209272,10.5964613647798,0.840705779197712
158.855922201495,0.93989490076251,12.2680025615189,0.873644493886178,20,130.296827550799,1.89474097820979,11.0155771533416,2.19274281015894
48.8506708980611,0.542476970014187,8.34682861572034,0.765252650670053,1,10.4121832679792,0.362313350125986,1.33752614836201,0.332238443555741
50.0602626099954,1.47732257405556,10.3907359284233,2.76171999169111,30,122.333660100915,1.23328553588952,12.1127373367486,1.87421476004449
42.9103271678745,0.422647395462219,2.58857200543237,0.389803407980145,29,171.920577847838,0.864055960273161,12.5975689719099,0.860173839030133
70.6106150945275,1.21015324359318,9.87177883737515,1.59282396015439,15,53.7501649965934,0.903556800313983,0.791842630369797,0.313503828535448
248.152242675057,2.00763277350742,12.2034257561615,1.04966084344392,12,160.777797495904,1.6948874020475,14.7575628993916,2.60860423435071
12.8455160533174,0.313907924985876,9.00554357433488,0.714002743514444,6,44.587132125628,1.48904219627201,8.20017746591682,2.79263036428121
204.070719805782,2.60639343987579,13.7976236494031,2.73053438997503,22,48.0815552746295,0.706758939268374,2.26669021207756,0.395450300217572
40.464643137893,2.90938720672604,13.397265650761,2.56338465939205,14,61.0618264879439,2.33545797975504,6.16504062101489,1.21975789273896
34.6443315874367,1.2424723450447,7.81932851617409,2.6154291105382,27,87.1034290872822,0.794656826083736,4.90609451223876,0.770650551524359
85.7298091329412,0.562105449270284,4.79976013564119,0.428185512829104,14,24.2348883202011,0.98825375046032,4.78175496598026,0.772371816798145
40.5152619854546,0.712259999878289,2.08629272453695,0.332227910014878,11,85.6139328771505,1.06052465306386,15.3876088233359,1.80588439616893
75.5142988087501,1.80684496648651,9.94669346436898,2.19655357329562,20,56.7128119101098,0.947286991079013,12.5851499780155,0.783074764825696
14.0969415192982,0.451361262200933,5.41979983921655,0.488473056113398,4,81.6746847298539,0.49626095795853,4.88912903194979,0.488774707508722
17.0217716788326,1.27564989251407,5.64669886207524,1.68691218875922,19,47.4278496522206,0.729254258758071,4.642248047455,0.540654030631622
121.810524027986,1.0230524039291,16.8385893805569,2.10884253820333,27,75.9464585460363,0.756750154724324,5.5690225663513,0.673566454958078
46.7332246512507,1.5376152159558,10.5994042018698,1.95758885606613,2,23.9141174830314,0.527516937699403,6.35063017258328,0.821288575119973
61.5978879975517,1.5508546816341,13.1486965097853,1.74241974467487,22,55.3705273000652,2.12613811628044,10.3907214180482,1.00635503249735
33.0020045261479,0.35415379727309,6.95981790337915,0.54884912356634,11,66.7656970476802,1.36463770619271,11.775354829567,1.24792336766594
248.641273139856,2.78643197073432,14.4101421875006,1.45632901055539,26,30.5066463895912,0.958465326211428,4.91556116170439,0.751846656474846
28.4990736304411,0.677727051199633,10.3163571626876,0.793758270801981,3,49.4570878820109,0.582000372944709,5.0956280775617,0.53568449344471
10.3796998628923,0.366907488839019,4.80295013846853,0.495315865807599,17,45.7837576001292,1.47435356088978,14.8865922577825,2.96694517320865
29.3764540063113,1.35233246963547,8.34664850947061,2.0192336694977,5,43.5551022417053,0.857970849754053,6.36137041599146,0.526001597839302
26.6880950407111,0.702379698277153,9.38380490937469,0.750787202889412,24,246.877260487919,2.9279062937632,13.3343297518939,1.3824756610192
11.9614207831591,0.505351841808474,1.28408951166324,0.363017589476945,25,42.9064291598583,1.21232561092841,12.8945310497034,2.13125943404543
24.9743368574411,0.463630408295955,6.86678658157651,0.935684407487325,27,73.745794836386,1.65378964077442,14.0352087438855,2.29683800998159
100.626599412402,2.99049453272751,6.335324974918,2.35031650676706,13,113.346887714531,1.27333102819171,13.5806635614069,2.15436099974335
44.5984211515507,1.4420835863343,9.86886760207439,2.04650139777635,3,193.245974548234,2.56653651846023,15.6404494281025,1.33135231467609
7.90671427476545,0.333030666817147,2.67182450474791,0.392675235282381,26,16.5892526777817,0.459726375565369,5.42870100455958,0.72562411583352
42.8577642859935,2.22351501302883,10.5348310461719,1.30360499668723,23,31.8699494264745,2.82861768367585,8.48738586812715,2.23751560123297
24.8443728336803,0.500934301020895,1.75795476781531,0.352908316252264,17,58.3650508687906,1.27763944885864,13.667113707859,2.58016730203579
22.09624875952,0.447917701094121,5.96456045957501,0.52022302611837,2,101.539498917401,0.973885806691787,9.46965143360206,0.781785053505955
36.164166630127,1.06124561759831,13.1344535916217,2.77374503630598,29,37.4504749922713,1.50005300362997,8.4746369173349,2.44886022358287
45.3698687014373,0.774900581708704,3.55400115806671,0.54755597355754,24,60.5382491942767,0.918576923382064,3.23598806832464,0.443733429744004
51.2809725215351,2.89443016504126,7.97097494960194,1.08268633251773,4,28.2448563091458,0.632507076656749,8.25693451343276,0.687751835112387
55.7213059980416,0.832625652880177,2.94180806233492,0.384798359915459,20,184.17594367546,0.794338116497631,12.6757219418317,0.858786103042458
43.2380898252177,0.68804722284456,2.02123598021108,0.421814419011725,17,26.824101903831,0.966519172833235,7.58125629181583,0.940340654180769
37.8005639766325,1.2964829872442,7.76240537147187,1.7990676378234,2,55.99899978392,0.587647055770049,6.06423281760466,0.485903869373235
102.550505862924,2.52059738774619,9.39724276666744,2.96603692216039,13,68.5034517226481,0.934539966058806,3.22217723256945,0.417490693010443
82.629708244763,2.21171467448693,11.5393187416155,1.81392736184429,18,30.0741866265236,2.7180601772748,6.38973027489798,1.4353101245698
64.3239590617724,2.99308818444957,13.4690601475934,2.08707215077212,5,18.1615780918554,0.563552110526742,2.18654789635457,0.364715487265272
58.1463254954369,2.30022596753927,6.45838699438124,1.96955591023185,24,17.5300530006892,0.426996466158911,2.70041493798889,0.468119060839526
145.851706231262,1.94735899239998,15.4584606662215,1.28351064694782,7,92.2947140042589,2.15223150743679,14.9334468913937,1.97604990458884
31.3591027632405,0.975308000225702,3.47325310265349,0.430183809372903,27,115.613778802013,1.99121975951758,8.82305704492232,1.63184972092401
42.0700571523624,0.722717620297908,5.25854877614685,0.971612754137371,12,13.7392163437124,0.301377186153852,10.0813031244713,0.997768580685376
38.7450729616203,0.973451903481077,2.15510050010118,0.348064899173518,17,55.6699131618871,2.87829937630358,5.86837970324743,1.1076662871129
53.8603326650207,0.835277318984313,5.67295225556238,0.522284971174737,22,46.3991425414187,1.09991304238929,16.7489504201197,2.29020611515362
65.9763778991045,0.757027111545479,2.39408056494211,0.337555732401286,12,16.5994975228535,0.550057096515686,7.45689142344572,0.853108541554261
126.158723396376,2.24716718671142,15.2633315245762,2.01264619736598,14,41.9841148615022,1.03805379277694,10.4332135807125,2.41977385106758
18.0095522936701,1.98072489414743,5.42785904611172,1.12553210140469,14,92.4759971263671,1.98310969882902,6.23770071231824,1.10995989894969
37.6939742832705,1.35339472302038,11.5030556607765,2.57158836112949,17,115.152244291381,0.941173044482592,11.5583271693959,0.7675372101806
126.199344203069,0.926830439053638,10.6727004153624,0.793307986796781,3,62.2564781220651,0.47855361044523,10.0816831957629,0.655983001264046
33.0013858704712,1.07584712798035,9.57648708158905,1.32567933078787,10,60.5325814549951,2.87531998773615,11.9671280532497,1.34395515614542
33.5111484188264,0.91624330238676,6.99157929208374,0.801513749394341,27,28.2283491795885,0.58200906325907,4.94493026888911,0.517628272938927
114.266131384836,1.16731424842456,14.2143449835541,1.54572586036427,21,15.2542046204558,0.539624020885989,1.64049690275271,0.381057919192899
51.0420724363185,2.0976351142021,12.4821549452905,1.53330137299911,16,60.2834576584709,2.60125045210193,14.3070410593807,2.78135322184805
29.5484565141099,0.673626922903962,5.11601874578016,0.60388024022368,20,210.703380720178,2.39719342367642,12.3309619887223,2.82545529272536
44.8719224243739,0.42886811204179,2.93326072835307,0.386466244494001,3,52.6657980982961,0.78141237665211,9.03153496659958,0.765213218960024
30.4255172178734,0.696268664460755,0.983201609486857,0.31911177552028,9,73.967268569785,1.94611488360015,12.0922777852953,2.01550070948126
62.8310504211022,2.22690546922842,11.6247019769869,2.66640943183913,25,88.2660434711133,1.27056910387642,12.0337804672899,2.89865402781404
64.4754039501094,0.694566319518335,9.61690623282225,0.590012020606171,25,28.4547862318078,1.54440970009779,8.22894310749182,1.8641655664587
39.7872886545144,0.703160656741634,13.6666884718382,0.898971938844457,21,23.9755105909401,2.22365606377661,7.03650172984683,2.52511803838101
195.030364568609,2.32213878582873,16.6942803300581,1.79681015925382,15,29.899066204174,0.746229741104509,4.92769486342658,0.844541553064613
53.9212942959231,1.2952990471234,11.8020441574824,1.43733816196212,21,53.2251570255785,0.721942990338313,10.5822740631601,0.717628936399687
104.557727128432,2.19215068094052,8.2999180834394,1.2291983523744,6,19.731888139757,0.540177803464634,9.64527540829146,0.762799389394543
134.946998518844,2.21485328235969,12.2958199515086,2.68549836944664,17,83.5612637387097,2.14282476300519,7.23703391811195,2.2628708476696
44.1997554977924,0.779020086469033,10.2660301100307,0.925813530051578,9,38.3424920327067,2.85488937146634,9.3797437982039,2.6589954967238
32.5325223790516,1.16323216541219,9.75135323762072,2.66697437229591,8,86.4141661406708,2.87230986732359,12.5531270841573,2.29065441810071
45.075367994387,0.434466367154268,8.17426528891388,0.699473247727739,24,31.1724100471603,0.473642871866988,11.7883836204828,0.888021797541875
48.3514416885685,2.53760403847173,11.2421224911159,1.6958882571514,14,186.066880506127,2.5784476539012,14.1846762219725,1.2987777056123
22.7430393963625,1.29867992338241,7.19925780579964,1.6314916766517,11,38.494004206646,2.84333088232446,7.17985524551939,1.86061021278473
42.6510317069533,1.23638235421733,12.4221909646299,1.85810061417395,30,42.7626494250894,1.45550269809039,8.51355319073525,2.21954589673163
58.9048395167641,1.49987542445289,7.98393132814946,1.99458850409852,30,29.2009343123745,0.624949104051031,9.04391414285622,0.61758015999858
24.1383985627169,0.758884241817093,4.83632899616634,0.708669370243213,17,27.5282256593494,0.934231964241072,1.20710117716786,0.322144381172688
97.2301126577859,0.676884702693338,6.24051806220379,0.810772492321959,22,12.8232303344108,0.35356167608661,8.50182948127039,0.842525692438068
17.8454002436986,0.743251837030247,1.89343198318342,0.434045106347487,28,95.1627542220882,0.513738830631126,12.1987358060744,0.774237766398861
257.69989581126,2.70018121142447,15.3130910132846,2.01763268003558,16,18.6426261938657,1.77006007751614,5.82027391241933,1.67300309999062
61.8635930378394,1.9587109664449,7.35416405403134,1.33435328662238,27,15.2905278011076,0.39736947129128,9.8990348257917,0.910756053748064
129.68556254189,1.66518450226,14.5644256960152,1.73969186033402,22,83.0054867984884,1.86939436361381,6.77962214812987,2.31343222253005
96.3573907914803,2.07684741952741,13.168985743363,1.84029133935445,13,46.1974574523161,2.34671084142641,9.69966960657151,1.13161174484671
86.1627073519537,0.863657149027326,7.87155421854909,0.92852197686733,15,6.82866092694595,0.309713922019841,8.34302706671406,0.538320746206823
146.744166874963,0.783343564707928,8.33902641188655,0.805803230227954,6,41.3829257498,0.821865012833049,12.491311817457,0.756625352897316
12.3626914627808,0.409696645072674,5.27212503349641,0.458967086733759,28,40.227974753259,0.901557235818777,7.04355756241671,0.615772103275842
57.5425622437612,2.16722215849061,15.4953366990065,2.10638038841686,26,32.6044048642162,0.591621577654838,4.44141356364297,0.57475691084537
104.699179058262,1.36331340268409,11.6847423322602,1.35888558773889,5,49.2090522058153,2.24340830137672,15.1543759024503,1.36251411493433
54.8452419478408,0.626560434024293,11.9179542563759,0.985862868810695,10,172.218416254326,2.78558309727525,14.2298148338787,1.62586533279554
13.0032413270538,0.502197557068919,7.48296514067991,0.88711273413381,8,80.2073660750785,0.983432644243486,8.41343641235411,0.615928116133756
26.0128744073407,2.18045267310656,5.65083496319596,1.73054283238408,30,84.1840004858896,1.81567019420576,10.1437027545505,1.82570310172474
54.3683263498939,1.47671966552707,14.4440262072015,1.20045055971615,28,20.2393196876562,0.564913904959905,4.97065169443956,0.609043190087652
22.5317718339605,1.84881433243417,5.97419728462063,2.84382701039782,8,77.4684617285993,2.30188742113283,6.53175954160145,1.99572099207341
42.6989783994901,0.781048721405873,2.40162143662033,0.339669750599103,13,55.6278050421059,2.89590257818404,11.9461930706817,1.31526411190698
24.9807691440847,0.734421008827007,3.49285531157753,0.54805366739325,11,45.7551649301935,1.36073541097706,7.73012383757928,2.8645522214034
50.1604581324575,0.412197575606523,2.41667242815098,0.373034961443419,18,35.743805727243,0.730131463233408,9.64985616080379,0.625671394783071
81.2264156615574,0.634205438793005,6.65451092569554,0.571084774669521,7,18.484156042756,0.471844912937184,9.55934076614766,0.633643246049132
91.1028415588536,1.10095158208976,14.2363623699691,1.06485416646329,27,83.7309239562458,1.01484907994612,13.0077967064084,1.48141773569444
40.1608811594556,0.577364993749777,2.70934882385911,0.470965755828838,2,145.402062601412,2.38294528031359,16.7305391181541,1.76619628491244
45.544351704343,2.06341936394337,10.2004159367857,2.03421406579128,17,32.0248623184005,1.47581314963352,7.94645839858197,1.59815088263071
54.4575805064057,1.6401976715994,8.74375387975366,1.60346534702192,2,56.8564843233543,0.540933646966119,5.81292679585472,0.549092049466622
61.0915122667279,1.00898263740426,12.4644966464056,1.70356623798679,30,40.480839703359,1.74528571882738,10.8783618112173,2.2561982945292
147.861148438046,0.63779296557843,1.90188282858619,0.316057183343878,4,75.1947001407267,1.66498689218583,12.7775314567026,1.61245332554238
103.837180388607,1.03208096210228,15.8899414070961,1.6108358334041,27,56.6223381853687,1.22284713709206,10.7442196428506,2.78549276416709
50.3379230623778,1.5659549191606,14.8363829336677,1.0741928075918,27,101.813368336571,1.14095569566633,16.7957997428832,2.87786959834076
53.1141277138471,1.85560464949705,8.43381739368427,1.7043213469035,13,9.22441024043458,0.535090758592847,0.913731507268379,0.337228392006763
35.5121902789473,2.7438000206932,6.3979007673466,2.17983667513307,7,19.0653085583048,2.4638988106425,6.13261549102756,1.54198936626423
8.41626738351639,0.352389414805069,9.10919851274989,0.732893324948507,28,113.143948682171,1.65879977964027,15.1594610132955,2.71213818503866
165.489762616356,0.649853483216727,1.54103526809854,0.308994926512479,5,11.2276097219873,0.440265736073072,4.14950965870444,0.707468891586928
91.6837580197781,0.934830737825548,9.35264142734065,0.670737738759829,13,19.4872029981325,0.33918067427996,6.44378701402436,0.485804662745066
10.8639060220377,0.355087499044423,9.55135031513274,0.970388462043137,2,6.16298940666358,0.301433085105624,6.13053417385432,0.576655392122751
182.48613592507,2.02245045505776,10.2464350163821,1.14667503681678,23,34.6579850499429,0.458902292565816,1.78420931269545,0.31568984788502
103.038865620245,1.64227809438849,14.3691659286028,1.87070596702023,25,140.582239505537,0.897108155309266,9.58311310512648,0.765197082408734
22.3343253568716,2.31882877872347,6.85826766725632,2.16232328031144,25,35.3026034838779,1.6409486462831,7.50929549922399,1.34241030127525
23.4242236613735,0.539552864698854,11.7509168090409,0.963487915380896,15,80.2975383164473,1.95760634943814,14.5893006575109,1.32997738130383
69.804154314952,1.28724947734187,11.5881156696911,2.70981771577387,5,62.9961432722932,1.89614105574807,15.6374470557996,2.78220030543475
160.24058315095,1.03528384105464,11.4905141800513,2.45622352112973,5,6.66930746409841,0.319076904579657,3.85718850465984,0.666256372776389
26.3686009497284,1.57549267846744,6.81687352777121,2.64418473055965,23,133.056208565022,2.49187051495323,8.0676137816865,1.80078837250206
57.9190745765023,1.96964896766566,14.2610758444771,1.30847485885588,20,35.6136848672673,2.7585595925187,6.19323186461944,2.08653597134239
55.3607997306636,2.15249906559272,11.2929647481562,1.05909623450546,21,24.7614757837312,0.562157826296037,8.45298475664529,0.957592006164732
47.0697325698495,1.3983874321671,14.3110129938864,1.26707444118388,6,63.5745996447533,0.542124713915913,4.13261610459262,0.548297578975105
63.5327975803071,2.13380730204103,13.9212149753517,2.16869992712452,4,16.5356415900633,0.395167472286974,7.46361770814619,0.910286575317622
44.5330964537835,2.04880832210655,14.5630522756027,2.40801562586003,11,23.7125123063113,1.56531005214973,6.65840452747987,1.38671273591392
3.02984245344165,0.328019553131968,5.22914191458221,0.83741336943767,3,55.440856736307,2.83506999323173,9.95668095771096,1.85976685185241
17.1995184505752,1.53164644298132,5.67071355015072,1.59931612276999,8,174.601550464184,1.57607894186692,16.7341380875359,2.6809529592903
51.7074651693466,1.05017254613356,12.2634521193841,1.33084957484795,24,21.0959183398295,1.86645636276866,5.99972877134432,2.79503767890162
21.3383979196254,0.547384183934827,2.50258644975968,0.386431965468309,3,57.6704755032171,2.91810712066001,15.9087926821564,1.79446026106856
187.898458192038,2.18915778419534,12.5854849024659,1.73652947265311,26,15.2821115027939,0.404437087599425,12.6505797785359,0.9383985971403
5.38325544879637,0.30377682875681,3.90818733832733,0.437909874453181,5,131.610487977542,1.73371836775962,15.7122946465138,2.42927794725915
56.9966317616657,0.890622067819022,3.97097230323547,0.38754929269985,16,44.2486737505717,0.871715597724211,7.63121466828782,0.773920417157659
59.0105314784715,0.659347959951435,2.20633709363021,0.432590792529558,23,42.4125464063908,0.642841246139199,4.36490768783595,0.507470931989861
35.4881712929329,2.61617961694424,9.73438470826662,2.58124650919097,24,45.441223000303,0.5920112971902,3.73457755027992,0.383043454557472
23.1401190553611,0.393585150367137,4.84843948371252,0.844107656823742,14,39.5956099106469,0.760185256083649,8.88862454634301,0.632325740347785
41.7894997045903,0.898098347907583,4.85643978753424,0.466036125114309,3,46.3872600807413,2.63062693876671,15.3607557273098,2.27426317903796
51.8222765425546,2.88159744449714,7.23213435469257,2.486780037496,7,113.241122696359,1.68601340946158,8.52571466988598,1.61388479491965
121.18314420046,0.567419340516501,9.89690897322764,0.647517183688734,20,31.4002591682872,2.08628501875196,6.22113085053242,2.06256987546544
94.347778995187,2.42568984341107,10.4855132992723,1.86929486186431,21,41.7544181327415,2.07412366079933,9.07689398313704,2.29951617026983
212.282356232647,1.01120231385427,11.8497422403377,1.10452659360783,25,60.9871279980631,2.21820752515835,10.9878329324217,1.94751609447025
46.7223231601402,2.79255631861071,14.1179925536138,1.72118661286632,26,53.104945653156,0.804111205181277,10.2748636631962,0.825980685444447
94.9194207375043,1.37355909687004,15.376450114565,2.12335900620101,13,4.93330247516296,0.321203637680835,4.32813834361156,0.458887915179676
84.3599683495089,1.26087583488235,10.9892707992312,1.03471315134427,21,35.7367608336394,0.534085398341864,8.4714357968364,0.810043719655113
53.0264809063323,0.611916882841353,1.3122098617274,0.322417628073517,27,35.5347057610186,1.6703596635135,6.29391043420116,1.46824963383018
183.588840369788,2.77658508249403,12.4277616292963,1.70652219209115,23,48.3145884016573,1.89864876242928,10.523348463099,2.38063427383681
46.9891794518743,2.50584225297597,7.07778750331455,1.30802757860778,4,116.207285449905,0.910809304092127,6.74057427495278,0.550643150293908
116.581776672942,1.93091415117193,9.01659556941985,1.13120097667527,16,50.4432946658004,1.09088769951785,9.41243113324782,1.49654385654898
59.9710139381279,1.89866641709946,15.6195767445385,1.21447065417376,22,267.575556682496,1.63420105661792,14.0043399723775,1.49346967768399
44.6092112854653,0.701979735826317,5.55452651470634,0.437223671283026,10,15.0228593775001,0.522691787542461,3.64250132457806,0.616095481861023
4.95320199056731,0.301050972424476,3.79505833884413,0.483190846588117,6,3.04270674707905,0.311140506921262,4.94127736396703,0.740103263285244
33.256545134569,2.09832503864294,6.58437483073335,2.80730087540337,17,95.0532126833073,0.532742937884717,7.76923121336662,0.550009559726271
208.669887525393,1.03837631599643,12.9552738201472,1.43358258416626,15,88.9824888071424,1.82158723512172,15.5674547466255,1.12638660526461
66.4343058536755,2.35188979916132,14.4112614024667,1.16327771743314,16,24.1848274484222,0.582062841199073,3.12933453913055,0.487268956471519
52.8101377708572,0.954125691510388,7.7341995599405,0.572002789086425,21,117.223775377151,2.86736890204935,14.6238482932959,1.94136196723104
16.5190698685608,0.544683035796303,3.99851776780178,0.505393614613469,28,15.7219221381509,0.409738118609941,2.99048675325931,0.441466093818858
42.1248565290475,0.505202028115328,2.48973651609493,0.335114051636675,11,45.1047545480942,2.09650363327007,10.4046571503736,2.88095642219759
30.7244836289529,0.833653026834212,3.47833885747743,0.551776762722364,8,84.8256996150819,1.8517416325124,13.9839418940548,1.90489958807197
79.2820326436965,1.92436845176587,11.3760897079228,2.34895654418687,16,90.638420831219,0.668507844104106,6.15004572988778,0.935874707571762
84.1799150168587,1.60759473741854,9.84499027737253,1.1630317932867,6,45.4631844566871,2.5438060260704,13.3256928652099,2.81017287559954
48.6942102919644,2.01897719780521,10.2362733623337,2.86692939627198,27,44.3987492638443,0.954228348910888,1.5688418568373,0.304326434990825
38.3944295000269,0.48567233102498,12.5542651567285,0.943404657454664,23,67.3286294572567,0.787947719527401,8.7711736421487,0.627720733621109
153.804900814509,0.914886087121357,5.01700641306619,0.472031401089117,23,31.7267509864911,0.495214702328022,5.45795840374412,0.506836102149532
111.847477820652,1.38841588913467,9.08540340463116,2.34878252361313,12,50.5829317748103,0.932550315128426,8.70767894652599,0.885845064369413
102.189977067701,2.33450434846175,8.04097860539218,2.37107886347258,19,70.7344952597487,0.911215473353256,5.06186773531191,0.457964177360904
40.6756780273768,0.760927349967313,7.76727540697272,0.600609102466201,19,74.4783644369697,1.90424564390041,11.3836972235947,2.02797724162665
56.6852253592748,0.521712498229933,2.62163886019149,0.342567134108717,11,69.6195148432985,1.43339681808913,7.96095687151372,1.80300524486776
88.2579143914881,2.23569563585463,13.3714320685257,2.71970642919252,6,44.2483692913747,2.84130853922182,6.13841834738235,2.39155487188488
89.5784537858143,2.84756440302747,11.7708995135765,1.70730401686861,7,64.6495944426943,1.78877329074964,6.99471575237801,1.4212591265454
64.3127913118238,1.7794277763903,15.7585371052307,1.75702612965988,27,12.8646606138396,0.319876099213223,11.767211268109,0.795223667965767
43.1150624829548,0.671843022511752,10.3120934039321,0.666424267886427,25,104.696753256538,0.535785360858771,7.47828026154368,0.645205245406697
36.6057070904918,1.79336859189535,7.85587413413325,2.16761170527127,26,21.4973765348505,0.412196743705156,2.67550093273629,0.399681896318877
104.620840083662,2.5655088298829,9.22414546558446,1.73368286431338,6,61.1746173545042,2.84331635442683,16.6569916883371,1.89936886417386
51.7502073772501,0.519985877346026,3.69148744302337,0.533925244431319,1,26.15479693587,0.755874575252563,8.56223586468989,0.813709560357314
40.5323077395408,1.23103457984602,8.91680756370122,1.656570639633,30,40.4899041945768,1.22253198973693,11.6810643394493,2.96164006473502
75.7126847278182,2.33729257242052,5.8154039503424,2.04583869739342,16,12.7118315824487,0.375620254331134,1.70020420141228,0.305361509736601
36.0869666749096,0.826368112284722,11.0256314457198,0.830510438964396,20,17.3038220369087,0.622206703832509,6.95398461949017,0.906495064292821
17.2392501691526,0.407573239903482,9.24285767701564,0.649674265382919,11,198.612815392758,0.760767421260488,8.64116401402336,0.594427052246852
9.91810973793651,0.356266037476944,7.968719115827,0.592134838198732,25,97.3509083673158,2.05857725324415,13.2745149675931,1.993786434357
47.3063208108281,0.810419291424399,1.68325336371101,0.335890455290842,20,24.7981061862624,1.7319812011355,5.62769857269672,1.19553972682433
31.2663613558464,2.16528609521643,6.45840619765737,2.68531876632363,2,101.366079633383,0.97814483699179,8.04108903408244,0.887767999828494
79.8654837858743,2.16248046076225,12.0967768037286,1.58967169445039,11,34.7715919397389,1.1346869080434,8.90992072296911,1.40192027893701
63.7098071263537,0.45814268554531,6.05923332965063,0.540014348359978,13,51.1319864287744,2.39070408488302,16.363768789275,2.2601547802418
30.3329426938249,1.57713911939043,6.08258464496164,1.85258630788486,21,43.9174251540139,2.87573368724967,13.0024477969437,2.69747920299186
12.8763779044615,0.419893729505743,4.25271322750561,0.52341723146492,12,123.788544962532,0.881194649001292,9.19558091675876,0.703550028823084
160.143710908487,0.616246851722209,9.5874639354813,0.606134823348287,16,41.1975491328519,2.48154490066741,13.495856778886,2.65101553249236
78.1209067682568,2.38610032034227,15.8122588292882,1.65884866704921,1,27.8911665567362,0.805545219513713,6.36739727267799,0.565752586616086
75.7078295592182,2.52183550984871,13.3456287835998,1.11702203962454,14,5.08039035965427,0.310542705887762,5.61591152165815,0.461618669391568
47.7782260526419,0.598970057809291,1.82430072007725,0.3127022401104,4,27.5898039442712,1.32554547216398,5.92220310796914,2.84733004772003
38.0906862628099,1.39851633451974,6.72380701005642,1.00244755861611,6,146.751696975918,2.00540818660862,16.5427724333148,2.54510239998636
56.8786127319982,2.42998420219263,12.3117987612221,2.23579979158096,10,87.3388378620637,0.87721789601992,8.60560862143862,0.962003235538746
43.2311320276177,2.14909255343456,8.99424941423773,1.47267498546149,17,65.9735514910044,1.54606624424308,16.8125431416566,2.77349877359681
50.1412382814074,0.531243548294813,0.96805474214717,0.341478433861406,15,22.2514339427064,0.776945180037464,2.29796995676712,0.440588288311388
17.2627809413639,0.532844252861952,2.361700609198,0.448441478234744,8,47.3431504178237,1.23782445727288,9.00454939571833,2.36797168356122
7.41433139584227,0.400316847980053,3.39785339142037,0.504498160343686,4,54.97966946495,0.946843907051546,13.6334344919211,0.992735431035702
29.5849068593375,1.30017559640448,5.89345766917807,2.9724394295386,24,80.473874186908,2.06273594902578,8.83544278380336,2.73168666861161
37.5578589035027,1.10599112576654,12.8874197635869,1.68984813949524,12,34.9710898937,0.719490941069617,12.8783410649529,0.927082768351049
15.7867206269839,0.638917625582511,3.74312216197668,0.589137257785797,17,11.8987810604694,0.30147525065516,4.62012787981456,0.671134483766301
76.5532832472078,1.9801257830791,8.70691737818114,1.11808915925812,13,54.1070383627052,0.965857306613212,7.03869602443151,0.647962878887067
89.4358115611887,1.74213091878233,7.37062299797464,2.73826831521779,6,30.1055762854354,0.481535543676359,14.4281321091377,0.935298203174334
51.1201747896501,1.61473711774963,9.37106912360271,2.92069054532233,6,40.8260420353909,2.79043983471936,9.31147990996819,1.41766621636388
42.1906292408653,0.705068743270233,12.6161768538777,0.864301864288062,21,65.3376596463096,1.26977603176973,11.3283216726821,2.29309773010385
23.9094009968006,0.563255146563959,3.78320706067593,0.455158834796454,26,39.4814183070552,2.67833553903225,9.98090424458334,2.36000109965109
75.2000399289205,0.762822911066002,10.9824733677934,0.743084774077132,21,132.484005441172,2.79377288281722,8.73912129322265,1.33256703203374
128.370964917338,2.57215127405843,7.17988422382097,1.6666958772156,13,9.83293249044317,0.307110764198442,3.43904638527656,0.377082994810289
47.3636130073724,2.77853758611731,9.33991501971417,1.75901552036128,26,58.7985901203674,2.63021640395645,10.9277887665859,2.97898824657498
12.9029343670883,0.390146866260393,8.50644669606779,0.542988391743922,2,163.019511248904,2.87305403608993,9.11735612789344,2.45293284207376
71.3255845090942,0.944046150787642,4.29128481201151,0.408298078057344,7,66.9506233334226,1.88757506626383,15.1999256849623,1.92704560261934
88.8513895963482,2.88061112325381,16.6924231636614,1.88200244911486,1,38.9538953399891,1.39107544433782,6.12693442266999,2.07642263175096
48.5917088633841,2.08577270600107,10.882580369668,2.28845144749461,17,86.2459042894183,1.44587036548839,15.4686571517972,2.76547368310113
57.406399575137,1.8933515801641,7.97274037455304,1.78834125782257,26,3.91069741311015,0.339702526991058,5.25197241872223,0.734868476983121
47.1444899084987,2.50435848805762,13.9926193269151,2.1723371576941,6,44.8487265535366,2.37336017592981,13.1699407817731,2.18518500628801
49.4980452052159,2.77653167881285,12.1008174282649,1.1622155729001,1,45.4191045779373,0.539259667235898,8.84971870526645,0.869181495255599
39.4446711442705,1.93227434710299,10.9295033375601,1.69971230296273,16,49.7232686328329,2.03141411107679,6.59676436533975,1.65455290387935
26.1092407441876,1.93124313342007,6.03876585520365,2.12403726753061,18,176.567580249486,0.65358653967833,2.00543598144261,0.316957315665569
78.3990224018553,1.26569699219415,7.88498437296968,1.66076764636345,13,64.7708746901874,1.07347455591975,16.1561738800411,2.73778446731494
25.7893665918973,1.07419440162816,5.77196308742068,2.36079455327143,25,59.3958443718639,0.545474938228149,2.88072717177499,0.35444553626742
139.5132816158,2.46440679239285,10.2653673044118,1.49189285022728,9,43.9597914466781,0.810204769349773,8.7255103124152,0.624382083973574
47.1332403146968,1.54653683697377,6.08131467532223,1.62952212067502,16,26.3939215377889,0.582437268926499,7.13652296000438,0.820694766892101
40.6876468339873,0.857755594756974,4.4485221352994,0.409015863968073,25,31.6398485299701,1.0848036142064,9.52394609317099,1.49014048633224
5.51187803723283,0.35423243890595,5.44525883525935,0.59170687488759,12,23.7161050556323,1.75942112281266,7.11101169825763,1.17692065213203
12.1579083097484,0.470924621660788,7.93145526168647,0.996961833618226,20,78.3160554014903,1.53714672500774,13.8123317582858,1.55352428866122
27.575920031753,0.86624312486588,6.49974765492511,0.789740733040086,24,214.127714444636,0.828689318703175,4.01647367776695,0.398513299248574
48.9589249739221,0.902741718176325,5.92389790000391,0.603120567645346,12,22.1827737744316,0.770380694936867,3.35592855741226,0.497860401511745
30.800275848523,0.683610764666982,8.0495754734739,0.571054425797397,9,23.1182278781997,0.731347186390308,4.8448356702496,0.741357884945375
6.68324477126171,0.346426204561081,5.89501614623998,0.51567665611521,7,23.6987729977327,0.800932952356095,4.82607281283786,0.550644078064156
49.7794885351199,2.768167900984,7.44097610261832,1.62776122265596,10,56.1807684332646,1.1078636773078,9.73450978241786,2.31157006590751
108.429521082565,0.776344692968175,0.872859935343471,0.303400962525231,6,64.7262922081962,0.722959595966374,8.14014454177783,0.991064144755378
36.8307911805068,0.436117666523098,1.95181847065737,0.371568325391728,2,83.9084013877403,1.33444498733796,12.4573459205794,1.26751309287248
160.277053598402,0.671267411162858,12.3266320049573,0.885628538493377,13,26.0154691324246,0.992875144500764,6.63270647016226,0.964391245427027
25.9289336123399,0.514447079803038,3.28256552275326,0.421245771968237,4,72.6412743818738,0.730052088125539,10.1089241614263,0.889024482359279
9.44893125833204,0.336788891711709,13.7977751302533,0.97832844490464,24,92.1870312278298,0.945121485564107,1.09172088763715,0.305203814122014
27.4249806435014,0.620397389213307,3.16982402146961,0.49770429313959,19,55.3093242753564,0.551453305510275,9.92795676175643,0.606915495985612
90.9543575328631,2.04872618930322,7.2498568969509,1.47460116305715,21,25.350008438592,0.531440539998408,8.18066493896874,0.573771396564364
248.823789961886,1.01465950104635,15.2236446563503,2.35199578736065,1,141.567729743083,0.613206756604179,12.9977417313219,0.846196886238585
30.8271448747226,2.66258682894838,6.55591721917173,2.59108603231733,23,14.2909833854916,0.762038857822454,1.34270807404163,0.382739229981751
39.1037282031371,2.01643072092494,5.75848856112128,1.88359813617611,15,69.5928825267559,0.399442177499412,6.91787970208708,0.501310919380605
28.6790935753219,2.06387133047818,6.45974110090858,1.71175276222542,5,25.3064092320869,1.89204031577511,6.7859664923557,1.13312499655326
32.6728320525438,0.753767111348172,9.49925590526218,0.756707873004285,11,70.4360787342985,0.630715832286119,5.65060660937939,0.596710460166304
55.9260861254478,2.0933099386822,5.9332177840228,2.55391358602823,21,44.6955072370681,0.530023363201486,9.80390779969911,0.975412572322347
28.1764647648503,0.876746435545619,4.20562812936371,0.625406360753777,27,68.2837383684824,2.69090505842487,14.8297615812582,2.71802027678739
16.3629802159249,0.417340576141098,1.78784567430418,0.385916709218781,22,50.045563586406,0.781497746271818,10.4199567929743,0.922829815949083
57.1111458353644,0.621891601374805,8.56059962823573,0.949263787312046,21,118.031566002151,1.60488330204414,16.5001199515715,2.35838020242703
66.8486482905363,1.99470030188439,7.88610216574829,2.61371529180637,5,31.2142135290022,1.47287754737211,6.74902848961896,1.12774632313731
97.714918484182,0.995498105197167,1.87032281377255,0.384309088779139,23,25.4005942588023,0.641947669195694,8.21448101899068,0.70360520560099
44.326076199824,1.69537353671758,12.2713551252355,2.31488517280363,20,31.1881203767749,1.44255603125298,7.16674891470869,2.7833305680342
18.6932266198733,0.509309385016573,5.013770836192,0.801393696803674,1,99.3467188350247,2.43588872430832,12.7214027843176,2.07972834452382
67.9211683415313,2.36484608044523,16.1215409262568,2.58132274952011,1,57.860625351757,0.964039329904821,4.80870942411395,0.610114470948877
215.767725229747,2.35672582778022,14.0124081293092,1.84282244218547,30,23.4407042786739,0.906581131871848,6.26493145686673,0.851018133318784
40.3989538681247,0.763255131737571,6.35890387859036,0.519165395208451,1,37.7561893208719,0.70657784794937,3.12960397710792,0.413303257759278
199.935887815048,2.14177777203055,13.4943833973948,2.64474506814222,15,72.0808562615848,1.22350983938017,12.2746356339902,2.80659079422062
53.2724989555667,2.28161468043397,9.09821521944138,2.70156285769607,16,89.509015662538,2.67710364584406,6.99150360783373,1.24849488275036
64.3789389542836,0.793980809374491,9.21074281826091,0.984055381460614,5,16.7480686413763,0.663602249723979,5.30818822366919,0.789940768580439
41.2162998472365,1.20830303269908,9.5378747820824,1.89676545340501,24,111.64627692482,2.58968739223187,15.2252810292628,1.83308611046292
71.5470671634845,1.82802708136023,11.6526637859273,2.28757766876033,12,37.319409376518,0.510661066984552,8.73466506151405,0.637132383999445
102.256973789683,2.9045080413064,13.1412370158901,1.73706675348539,15,80.2561971756203,2.89677950202919,13.3065235468511,2.42470517711872
44.8012776047657,2.17769934180009,10.9583383466321,2.54243654939088,16,20.6355675631377,1.77813021031992,6.74706188571734,2.26678453396818
31.2430628897221,0.751452203498845,2.02003367625966,0.374177657688455,25,71.9023332714835,2.54407920147687,9.55273930070835,2.46438684002428
94.2591078240867,1.23860049907197,13.4935269863938,2.61357960509604,20,31.9562787119182,2.53625714158896,6.654038987199,2.5742024860264
78.7187579145654,0.799100309854645,13.3372764886282,0.994972688453338,4,71.713936010529,0.685848211150426,6.56966314410359,0.968224765179459
19.1551539207921,0.500645948442503,10.338126290246,0.925346954897636,21,19.5732069252489,2.15839950079949,5.97737910858888,2.24706396061053
89.4011420081619,0.719283445663889,6.8646413128031,0.589376738965593,18,60.2490377409333,2.15464923246,12.5744799950558,2.68048951530625
38.0386725740156,0.423791679904677,10.2276846335185,0.666948638126268,9,179.635138795067,0.819197058914625,13.2274206008582,0.855981789891967
30.0649158208494,0.700453024060518,7.94667202801799,0.895313886238478,13,40.0320934515427,0.819205154352877,11.536599676876,0.701294384667684
98.5723103595978,1.50794763437258,12.920900602594,1.69676216662012,13,25.1010899163983,2.6377059249758,6.47809648302797,2.95747193970488
33.0456320235198,0.866863909744604,3.55852417180639,0.407783976711394,28,35.5824421127746,0.472510495174802,6.24917192866633,0.90683585873133
31.2384295191579,2.6591331822778,7.88514329822994,2.52895957900263,27,40.467149581081,2.52211045599745,10.5643516727673,1.26557652779372
47.2017385095847,0.462131084913037,5.37814800783069,0.728037606828037,7,62.0464822757503,0.563168793931053,12.512424301533,0.836274170927569
24.140158570913,0.724468507248199,1.52430024772871,0.354015191220181,4,105.26596233453,1.14953886395052,14.6904613345679,1.78991747248919
75.5353686566129,0.532914754070604,7.5141104285107,0.821326126077134,5,27.9425705947437,1.29727058352818,7.57934511303034,2.20256175749291
51.2030844503529,2.88440348353604,8.10791524643939,2.09357918213765,19,34.8022659782389,0.484869192229503,3.70093347250453,0.579507361999144
43.4114031896657,0.559660406022667,8.20357201518228,0.68488377609697,22,48.3927465531276,1.67747060408512,12.1254088076892,1.43751275240771
84.6899669385491,1.96138794194248,13.9396739859488,2.24518317679632,13,36.7474283723629,0.485178420332083,11.5698517096371,0.758716245495415
58.9916039278118,2.74849889206293,6.4517646893828,1.79836949554745,30,75.7256972959583,0.510220103267925,8.73195738760542,0.814098305869133
88.006460644604,0.89201809076357,1.21458593721328,0.318236033381963,4,67.0075830391523,2.34718948711564,12.7696413811652,2.48611175570867
13.3853675828695,0.624016484976383,5.2070940677094,0.761523809974234,29,60.7834532466809,0.854926862669389,5.77393432356096,0.440884686313804
37.7398745731882,1.70268101652847,11.4858869522368,1.15112747856184,21,50.2586280939604,0.89112667637055,6.36052001911272,0.494403461994696
60.3544896590917,2.59727932829043,14.6757691371591,2.00084546624076,15,73.6263857391533,2.65783324047405,8.98780825232938,2.81485513681303
42.2121438614884,1.69123408946626,11.5763695904408,1.27525134842549,15,48.4565688764148,2.17454898105102,15.3465922021879,2.00909406218577
64.0264405744146,0.675870939844411,4.10757986561271,0.391303004975952,24,38.2479412729892,2.35679666919249,9.35478049562917,1.27912960930658
112.018003762242,2.74717541745725,12.4902580461928,2.86577243753679,29,35.5518464717953,0.583641405902227,12.0063558965174,0.736456647837653
50.3767430484497,2.10918253050299,10.6924962885629,1.42131407539601,12,164.57740377426,2.72850082135895,12.2056711085518,1.05016464824574
38.5586806375286,0.41980599318006,2.25565276219098,0.341057365202585,22,101.507579628711,2.48671936267533,10.5638347551857,2.98639178319699
145.300282852143,0.817874420285267,8.7220019537021,0.755015289732022,24,155.092580758827,2.17517090081178,12.1501869246485,1.83779418885394
45.8700529004598,0.461541928447289,6.60219694493225,0.833425599747462,6,39.1241993171152,0.744945014977758,1.00548698425479,0.312452235308029
61.6483142284354,2.14291607379353,7.61082517732652,2.57650626389685,3,75.4341714804794,2.88118108093005,11.0429867038002,1.70613431597195
116.934425905765,2.36350495583791,11.6961038803451,1.92873018634816,27,17.5384494314052,0.457457704961109,8.38988335363416,0.567180764254148
38.3901090800574,2.60800924257787,10.5249539535787,2.20813256727158,11,97.6400740608265,0.523259722683536,9.9845189182387,0.753080517618587
27.383333815612,0.789583350238325,2.56076753217115,0.449277676435796,4,18.5303077879873,0.796619626443944,6.42301601530497,0.854092959795199
22.9906296651474,0.505907529819234,13.4802754605264,0.992076366315694,20,25.9384873357477,0.520073898013156,8.55627383864226,0.58706292925748
38.1658908065639,0.533979862825088,8.77916222961442,0.705177570880193,6,80.4401082131619,2.84846188478066,13.8025615606841,2.03391432018954
25.5494719478065,0.642093738403652,4.77032080680151,0.606757025860063,3,34.0873744872816,0.939465917420798,6.32868778459111,0.64913926428665
57.0061964804039,2.9956811483619,13.6642620439649,2.10573498167631,17,44.7748147605006,1.56827307153845,5.80244993662572,1.09376880867882
59.3749365108734,0.784900229054292,7.27858095196483,0.904959449609577,21,40.9396533799502,0.571486911356693,1.54907285635593,0.31026724074738
43.5980035342921,1.57044175850867,12.1668765568193,2.51131604319102,3,83.5590388901906,0.959165945987986,1.31595411938064,0.335567499753477
63.7296735156078,0.919829372279016,10.5911468947908,0.712531553619085,23,18.6477748926845,0.698025737136595,2.76634272924264,0.506899345049791
14.6481917604986,0.805849302388423,4.65437446031153,0.84629656871026,29,12.2887463403264,0.388130781934074,7.3402267877173,0.703753971116192
95.4121972903697,2.57727796847676,9.36156972580192,2.69812495608762,20,32.1147483275377,0.763390364896732,2.04518321624398,0.408449019491215
44.3021383909464,1.51041114565768,10.2499315398254,2.80224121578854,8,50.3715975875844,0.970638977392064,9.69049698369251,0.693957999136991
54.5713973723721,2.1176034869992,6.9690926914739,2.63452164709795,25,48.0404598560814,2.16964398582575,8.94360567957891,2.79541440665435
129.729299082157,1.24169582688265,8.07786164925944,2.77552765417936,9,43.9617407954084,0.554011045567287,7.15901065234278,0.622128711337809
121.194046561049,2.70943663566701,14.0689792193867,1.426842371672,15,63.5003387715618,0.895970632179901,8.08371938184891,0.763150915494521
59.0319343771205,2.81471188454484,14.4172276161152,2.40903711121107,22,26.3419644034946,0.868793460415579,4.80405699261336,0.9151791348814
159.493867263009,2.04186780941012,9.34240210931486,2.64936221298256,21,23.3181137392558,0.876648459717864,6.21216795070183,0.851310900229451
18.2918103939008,2.69992642351194,5.97430706317936,2.73146050935831,25,21.0577559170919,0.475667277270004,9.67547791686356,0.643468119493044
48.6906648773205,0.90434459981496,3.48505373670788,0.527042036735921,2,69.8686490317508,0.752748462113032,8.37623835956277,0.673305724236922
35.7699777816034,0.903057438895744,6.84843382390443,0.879050394381932,1,44.9660992831687,0.694506529461898,6.46721471164716,0.465085670476785
49.5377352398355,0.838336626554012,13.9207795684069,0.919886284546799,21,18.4741484936524,0.878926075516377,0.717409051979331,0.305897693916304
136.264747109303,1.68336238435759,11.6169646496889,2.22544471909292,25,39.7755264410941,1.93171359096212,8.57079402416635,1.16415718126357
34.668021782581,0.76293727738621,5.02892708075116,0.452894197886844,10,67.2027136955396,0.773456769970982,4.68298782657869,0.423560402788935
27.2928517151656,1.32628797616294,9.33397890727857,2.94425989692985,10,188.164785000411,1.72937415132417,12.1901962587365,2.72741812719224
75.4445546044797,1.32820430076186,15.346051153239,2.65745842668744,6,22.6238931286964,0.847362160722648,3.33244636308733,0.539288942841596
40.6895522849958,0.748784327193113,5.0657993030685,0.442957632607199,11,46.4522041241396,0.688766907763278,10.1876410112114,0.876322416663115
46.548743315625,0.678898313374072,7.22373010373429,0.803111605068132,24,5.36789273307462,0.304516261224973,10.130020055422,0.837716270516981
29.3284198973096,0.897256344204819,9.10669286469892,0.803152108131355,27,23.7693951591513,0.895224744932381,3.23137865965613,0.579726967318352
21.9873888494968,0.437388966601867,8.55401883291184,0.628282029233206,30,19.3301921348232,0.426109305620647,0.922078277714606,0.300171868105783
58.5978061765896,2.40425250349242,13.5533645758923,2.78352776238227,24,84.1827239048462,0.440271180217788,13.4896725121662,0.900702687796964
74.787323669205,0.657686739083233,7.21552437772332,0.770444946726878,7,30.1454753364182,0.849017534666028,8.06101745718855,0.729034779347752
101.168665033703,1.67092169475406,9.31298167618831,2.79534573333059,19,11.5510420375056,0.420689797575502,6.18729166524416,0.534330243705028
129.271291941805,0.526283086710227,4.94689851193804,0.419576380428408,24,40.5506077093934,1.5192106079466,10.9866813544573,2.3458193749583
71.8925043306342,1.54913947830011,7.79986190699583,1.17974993915147,17,19.7286624529526,0.685089761876644,5.21891630087085,0.600139552343559
36.9991927062841,2.0116854205805,10.8037967372137,1.73122686975666,25,19.6251341782568,0.488634822064187,3.6837130981919,0.510094740851168
58.7632839636443,2.24087746632153,6.94682366224045,2.85725485646662,28,55.2822326103021,2.05312439213225,5.75796828149881,1.41806376072717
38.1922390795181,2.94218556713083,8.42094138405437,2.48463309645018,7,52.2958966933151,0.795158031760593,1.58374048714744,0.314244308767757
60.6922780442848,0.387269209065466,13.3182343174228,0.944846917837579,14,25.5348770485291,0.482250018284378,13.3718153679121,0.836193159672518
61.147484417777,2.17540806130567,14.1273921173548,2.52187673707925,17,114.879988109586,2.0950424649136,13.4660313664819,1.80752616658434
17.7631659009375,0.497224678693812,7.29805937592105,0.649496170354233,27,15.5688578719236,0.72142113380543,3.60869199237612,0.604706793785293
54.3190148155777,0.46196863178906,8.91831608069746,0.732037974478217,16,103.239688681609,2.41301510338145,15.1518959657487,1.74883639533946
125.138075287768,1.96623111845098,11.3048028741417,1.57483835085445,22,27.4564480479216,0.743356067438329,4.97123720758489,0.62401777011156
129.987457334983,1.22067890374618,10.5494623621379,2.3277989471534,25,94.4725216735729,1.49095511943244,9.00343740386953,2.71195259594673
51.6703114677231,2.72822872989777,14.2224486318688,2.33859511343428,7,50.1601388234408,1.60787089840182,7.93597382949195,2.77662995819407
81.7837181084079,0.705917402265822,6.30809620621874,0.547854043557208,4,130.979887608767,0.973731142048863,5.04943474427618,0.600480091375997
33.5125629188645,0.392083021880794,7.15249960895576,0.904515722270172,21,119.411843954453,0.705752184621868,6.52644984221346,0.595763892299617
28.860826035311,2.24462647788104,6.94960857035319,1.63226608883419,29,29.9102705738133,0.532003330140112,8.81858113558826,0.628260668555081
39.3400622956547,2.92470718304212,10.9252685292202,1.86869916825387,4,40.3251765465697,1.20078417884349,7.30458911653043,2.62840867824513
12.6244071498134,0.387579989059793,7.26272471907665,0.852483327663442,18,111.99044431758,0.562985585248775,4.98978314748439,0.463923060564131
62.6565568735265,0.971082033637767,11.5973515820236,0.883448019206568,22,49.4083043573681,1.06371151005967,10.5335459799923,2.30683448374862
46.3752683574484,2.23923303106888,10.9138247899879,2.16222660194111,24,134.649735110867,0.889469102461639,8.83347452812306,0.854932641600469
55.7873926587336,1.23863958657435,10.6699185244548,1.12102344252263,19,29.8050835515668,0.579373826839833,14.1835049356332,0.91272181682196
125.531206147212,0.826084474126404,6.89362021327601,0.606460431777544,2,25.362685352012,0.494202803797756,1.22642787046375,0.301803883683629
23.4422020555306,2.8105966078628,6.23754466085404,2.23832319301386,21,59.390059523549,2.36598744472209,16.2563423970811,1.78692923720829
24.6137875080266,1.10528551534341,6.11796159851068,2.24020666053413,13,137.675233438611,0.63809133859899,11.2283513647662,0.912504740703975
96.2083884822335,2.39258203246338,14.2339653560661,1.63792785465023,13,53.9706081216204,1.71461426245713,6.58132496835587,2.69655939542027
84.3959757511906,2.18475618646297,5.59740788473941,1.32978193795433,10,48.1949954624195,2.12939724248456,14.8856261379749,1.91372194741467
62.9994010868659,0.577763938963575,8.79376564388869,0.645111808561757,3,43.3203014477002,2.13647070214994,5.93223606683092,2.50642539875022
19.8295464565402,1.16713207647978,5.87868429062601,2.24678415365228,29,125.171009810037,1.35860095302246,13.2235879912342,2.67849878214244
150.362393397101,1.1165038325851,10.9264580756345,2.07269913327546,4,52.9170827988901,1.88083914864253,10.3998744796649,2.5714776312744
12.8603166529914,0.323373312975824,13.1719458275331,0.895835549151447,10,6.02085719163423,0.428195304856301,4.27294534057527,0.688088027521615
46.7331831574771,2.52642845032554,9.22185577162066,2.33575388030198,12,32.4126969212599,0.654279189267546,5.89849581505739,0.657231230749224
20.8261069325827,0.684305023119253,2.71718813738674,0.517826528139214,2,69.0296683301821,2.46967690136269,15.2817788680834,2.93240892113486
12.4916425316746,0.571763547034321,1.25445070979706,0.369197532868452,5,66.0450080061861,2.23066138140698,15.5816291844059,2.89699292875258
54.6533019899208,2.17183812105109,8.78522454919761,1.24750876867455,8,65.4663008923557,1.46291742649247,7.80064481712741,2.28299268015535
16.872587642764,0.454797638091656,6.74476178168806,0.86961677351924,23,64.377065211662,1.89960127544653,14.70252501854,2.43821898674799
105.343440011857,2.31411366835239,10.6039776181246,2.31493093926726,30,35.7843262358174,1.1416656266583,11.3706049867066,1.54410010021301
51.3445570027029,2.99939470506428,15.0319951508139,1.82765367917142,21,45.5694955642679,1.42019419115318,9.28646767237668,1.10600566705058
134.95416185397,2.34473766060311,8.16307087037467,2.59477337149427,9,49.7992707474431,1.96421881562462,7.36965600776827,1.09003027173856
47.2671635428329,2.40790591007577,10.935422642263,1.43380965271564,8,18.1429260220949,0.548444469199981,4.66930678706765,0.801831605990813
38.2322092606856,2.57014824410281,10.2239351745787,2.54802922350467,6,77.1231347686344,0.519784001900293,9.46943258802145,0.968690894192825
22.4585784803882,2.19524029707953,6.14963512604379,1.02312608296531,12,24.0166334385901,1.92514413194464,7.0091837437213,1.88749093488721
85.7151618699955,1.44436284481927,12.7290634798211,2.43720809437723,30,20.175563399443,0.510429911893903,11.7358509703231,0.873248581867649
27.8549797106198,0.382796131455925,7.87424732829364,0.766847584122769,13,78.2200276738387,1.76691642816521,8.52908506577119,2.85169683541216
59.5132240295127,2.45131762354201,11.0766142761557,2.47433308680611,11,89.7266803822261,2.10271162612193,6.94454597165156,1.57410644448665
45.8990302771992,2.98835736976898,7.52385471427395,1.05725737608511,2,81.4461138564332,0.926424756338497,6.95542082861871,0.62481010221445
49.0439465271334,1.20440643908139,14.8412839106415,1.64246195540717,24,39.9432462272262,0.873791593150044,13.2542517710872,0.883565708550071
150.497349102901,1.51108184752047,13.6399376546953,1.71013485130957,18,63.1228125706652,0.745042965790943,7.05684231727532,0.694910925984803
37.0234661739491,0.883409933062549,4.99887862950802,0.607791855448933,30,48.4730824608646,0.663505225825395,10.4619962256186,0.882287468510542
28.5217661316252,2.01756938411187,6.51561719629066,1.07030471273851,29,22.1861525022824,1.74447941221274,6.91726551289769,2.4698094305967
47.5226976388227,0.518548143253301,9.21940240347369,0.602121270693106,24,42.6443699394855,0.862213166030226,3.86497168113115,0.505310101746207
184.815694597212,1.83846623646983,16.6585710490336,2.86992571413772,20,15.7082145890235,0.515285588055818,1.2861772094286,0.368464364845081
3.32571920715462,0.312616359977299,1.5548564377708,0.381841074319263,8,55.0477481838765,0.617650270425328,4.32038487349321,0.570166039769651
37.9016072679725,0.691249407870271,1.75956883318842,0.31854173920561,20,69.1415914101749,0.718758889375471,1.45576484338281,0.339072337551883
77.5759495914268,0.677081390076087,10.5757671729761,0.893197978792644,15,182.831859050982,1.03873947327752,15.057304343608,2.98827047241047
64.2916511578216,0.455010615134053,11.1906697926789,0.960093613810545,14,20.1751593211004,0.468444678785421,7.9754732349688,0.761271200221278
85.80731861856,0.935222743325714,10.5545663706448,0.706530490946852,13,44.6038514483687,0.541007437457777,8.10127563048956,0.627477347421656
36.4122485702001,0.810303973120942,5.2900375984624,0.58639896080273,11,58.5241292796982,2.63411336758326,10.5527058992943,2.35472708555549
65.9881856985178,1.06762790078878,16.3662156897423,2.98009290649498,8,84.6653420084268,1.91717043188742,16.4792674430358,2.89597658539695
43.1023111254102,1.80402118201647,6.13410025048567,2.89595233057307,15,45.0275667631425,1.63981447768105,12.1431128518579,2.28284390232307
44.1949317719551,0.574217654178775,4.38116847782485,0.504845437310889,16,74.0432382869074,0.708209016473918,4.19121958396281,0.431685729122158
126.005208172208,1.27137484889817,14.83478260808,1.15984070913208,21,187.145272050939,2.86284735641087,12.4737908191083,2.88671980691329
88.8114129545569,1.40175910492496,8.45889182453649,1.46621606585458,18,70.8105425902976,2.59460369381699,13.147348760619,1.32578426232627
14.4777921116988,0.384154750811349,4.21709609705259,0.499611578897977,8,126.284888307924,2.69440530793402,14.1693740432541,2.62027795668377
43.4230007486452,2.9336469300317,7.57318250309396,2.42780878667894,6,10.7971317894194,0.34511425551221,4.26398177119249,0.43620200166819
62.4992548674629,0.818900168915859,5.1663520058306,0.502257274148637,27,56.8035156579757,0.571857094039344,10.6580352292966,0.758584112767552
31.4324033174887,2.64594295492903,8.44552800170358,2.71400803723221,22,23.4885806001949,1.18217942817434,5.74810818867381,2.49473802901701
36.6365384918224,2.5586615705952,9.41715096090484,1.28798835932502,14,52.1904145122339,2.64666273459819,11.5042388073831,2.89721410920773
34.6811087559957,0.442533488654827,11.3924791661565,0.997813015958374,11,41.3575210440535,2.7121002923501,10.8510047645797,2.07725836392466
44.2694119942158,2.24327584599458,9.60724655719097,2.3805789358316,10,59.9361932054147,0.938393031587432,11.060947810507,0.939512195503948
28.4396598279516,0.531513089868966,2.9814142664981,0.35712098808341,23,70.0753636594655,1.55841723283844,7.93765114494779,1.44767331969117
51.5143321738446,1.75004449332934,11.0955215154418,1.92563846640855,4,92.6117713586466,0.729237438352962,12.6288999997503,0.780608245103988
27.817545213991,0.530207793378879,7.01295254622365,0.97681770716312,1,12.2246978434727,0.369524629188167,2.40065100048677,0.469489682946482
37.5397009538421,1.79238549510074,5.94886284615831,2.17518353288033,17,63.1361758499724,2.67189642463043,14.2623630191955,1.80857690629759
20.7982478449787,0.396979217854433,10.7961898124653,0.841254219316718,24,55.7525757575444,1.58517541683299,14.2044764556658,2.38514118043546
31.9324830465727,1.26186574928549,10.9090483417557,2.23011676901047,17,26.4020772919136,1.36868834802042,7.822819024101,1.403636815453
27.9374624506482,2.62551228166818,5.52078916318411,1.31211905752595,3,39.9750725015987,0.701303720181532,9.53429763133048,0.668757411606644
138.350447183888,1.18708669215277,9.6056436007929,1.52983025962675,6,10.535947630569,0.347068557891555,5.14961479407921,0.467787375362464
102.060532630398,2.17654160402166,11.5525413522564,1.88243191464612,29,108.24376941488,2.17769286564247,13.818659502057,2.88367980918916
56.2385013281456,2.51843582044501,10.9518277903914,2.55843579393583,16,31.0494485630665,0.729259932622472,12.5503081141971,0.998026181763574
35.2308844531488,0.597331957451943,11.7968894844343,0.710679844384869,1,33.3909954713627,0.401553905855237,7.89914914340446,0.584050984598148
16.2694812720141,0.478884499792217,3.77334796045797,0.558259527269724,9,42.3496034247935,2.57666961325265,5.50592062721391,1.00311750241604
45.5164517238431,0.85703760049494,7.20805841486466,0.502499291674858,10,57.4923988091958,0.684815420420059,9.22612957100366,0.953539581714834
32.5385321378619,0.558761115335417,6.68608862378013,0.486190877963584,21,25.0113911723353,0.96634375753468,7.88261682111281,0.930780250182934
28.7220128966887,0.796813914914377,8.09912830592642,0.925568541571557,2,53.6054706100921,0.561899170400204,13.915000615186,0.917191849786676
187.496444748639,0.81848170673974,10.1383253679936,0.696018893682129,13,27.9529360653034,0.816078337564599,3.52806459395109,0.57687789604994
52.7106477066998,0.688106382633592,8.87106596909208,0.947110389849388,30,72.4589448976112,0.912817700875997,1.07660557849897,0.341929505036652
266.638676992604,1.04760566354445,15.4453328138816,1.51234641012328,24,84.0560957867629,0.698340198742447,3.28191050350588,0.376931269393107
67.0829029732772,1.96254484431597,11.9909166697665,2.4917684875031,4,206.723389003817,1.52931021195449,15.0901974609153,2.04857427138482
44.9859654900744,2.08084957741225,13.0581288063518,1.83867223892597,26,18.6518701676925,1.41925746984368,5.79098911581852,1.78507055754722
43.3563243550864,2.32117011953011,10.2539728613509,1.88993096312398,29,66.4812471558594,1.07922564605038,9.77048973943464,1.73728485783405
33.2502145151887,0.767456857817421,7.60374967268817,0.878861657025813,17,265.599847782776,1.5802226468988,15.0463702018011,1.05996811950849
93.6240758249491,1.69227308866237,13.2174965723899,2.92120198924226,17,61.2749648372313,2.56821038405845,9.52552599115133,1.29005976057972
31.0622261398387,1.06810777564347,10.6449112525826,1.18229303970178,8,116.982290123254,0.733891237705899,7.73642014827338,0.612298975506878
203.305656263619,2.09088701554937,11.4089280325573,2.74016382379486,4,61.3510750240931,2.59011566840646,16.8922529952959,2.37685681242397
35.0165286127899,1.94114456116296,11.408043169197,2.46453167561631,20,18.5339420343393,0.618496122850386,5.0614611104112,0.565678965723789
134.127182993872,0.665126555617928,1.47050072325119,0.304058867501459,30,48.6864611858434,2.854494303491,9.84200414018237,2.3462727138671
37.3122607803599,0.798658782529184,8.62974599681323,0.734188408868287,10,29.729584859821,0.617146280319937,5.97253137412706,0.946259382807657
112.446006328021,0.591994695080405,5.21497019911295,0.523660258962261,25,110.43562735897,0.953753592788551,5.03597337418854,0.421596621544468
8.79094608288783,0.38064448515557,6.4159204233999,0.901975923303337,3,38.3905802325953,0.805896753170797,10.8367246501394,0.70023411827597
54.4090680626663,0.833965637296142,8.55303056960143,0.602287705728655,2,33.0384858549388,0.687140180101547,7.70070182338568,0.635897774638129
22.7265878605341,0.642389047982198,2.03715824702593,0.387118429490686,10,39.0106068573185,0.669646654113869,4.70408682279237,0.46888806695893
45.1739915590585,0.754702422410682,10.2513572717704,0.632858533945075,17,33.1774200740755,2.38571820696361,7.06734618080721,2.862346413879
71.8204950712231,1.78543816136855,14.9710152371259,1.9769117161412,6,114.405311600829,2.38542854050918,11.2232517080558,2.62804105766462
20.0209967586786,0.621177857875764,4.6179286226467,0.688156036675723,18,86.2054796060706,1.51775130541037,11.5131337308277,2.33820916894766
62.5029116519309,2.01885723793803,15.8111830359962,2.47767674762543,13,83.0823801041487,0.684223835600931,13.0236878818714,0.993840606621257
45.2013061356132,0.389085963873028,4.78450571158853,0.517749277119469,2,20.9921543981076,1.63417047766681,6.69590280095506,2.81135552528479
38.8631453558356,0.432903435165551,13.2432635911849,0.97349889518656,18,64.5568638892689,2.827850198764,7.02639674837073,2.79053786814192
262.454145790865,2.45779895089904,14.5416334347077,1.12019947753063,12,21.9240917597382,0.553647684088639,2.31414988489313,0.442723442715793
30.1934268901118,0.557736873412878,11.6991164911666,0.794937240835846,29,55.0295634541556,2.47371007024514,11.8919506321109,2.4754592709478
10.7898645198984,0.481623450680394,6.76334959525117,0.93647764872387,10,48.7818195869673,2.93560753320088,14.3140063297427,1.973054310116
84.7730252448177,0.562176301815582,9.2665108167172,0.608692999718737,12,117.949949504894,1.30950733029603,9.66070706955335,2.18928745265968
53.3797273633279,2.62301571070769,15.92300649008,2.76443678355352,27,14.807468249369,0.361621982774434,1.99831147757249,0.332003559286492
33.3421583337744,0.843253276914581,8.05202428683386,0.819187927460133,2,28.7336969533402,0.622785102058013,3.41307558509569,0.523120742086774
34.1868616122069,0.591110993093293,8.30538781830765,0.884133803124148,7,183.775974355348,2.49310732956468,15.5923717249543,2.92934195613332
50.0788110091515,2.37514028113646,11.7922758555921,2.32368119436327,1,16.4486487946507,0.501776699705831,4.13998527883794,0.540596670331052
80.7670141921998,0.526179379870222,3.55963545640288,0.413131699198071,3,3.97756766455328,0.310610482444518,5.72680501498122,0.867185957089677
74.4108983070594,2.16918630615507,13.1264301193013,2.42472671677201,23,74.3992194754336,0.688789863782705,6.1186157959771,0.907084924445004
133.984589791599,2.59689113655652,9.30910843216214,2.90190229283969,20,15.1644326629156,0.537328805543058,1.17960680339968,0.320078013680525
46.9648461309987,2.8713179098478,13.1392747407369,2.50202926623094,23,81.1734406616979,1.87841004328635,13.2436940714272,1.85649079779796
81.9397120586719,1.30822723896808,9.12837062675963,1.88500488056814,14,186.760158778033,1.55047514752415,14.0089101013016,1.9579777765444
47.5873334196601,2.72923496208522,15.5939234362525,1.98804573514833,10,39.5992628305511,0.822657313106719,12.8653963971514,0.906695082926585
20.0313858305256,0.635349301683249,1.29333768307175,0.371737558834225,26,64.0917825028189,0.749272218973988,9.09545678470865,0.641003266783928
39.3726195957037,0.600616482315207,9.40607973413672,0.594142766293881,24,32.3927887553574,1.73510817956224,8.71493885744951,2.06265150177862
41.7500890494961,2.76222341805627,12.6033037593208,2.44597129309225,23,57.6426772627482,2.92814904942102,6.8137822614608,2.21379583872248
88.227505915161,2.28571687241323,12.801350042523,2.01459340641398,26,73.1347407616762,0.64820474573386,9.07196869588787,0.89732653775008
40.9175424914463,1.08745262840276,12.0831088226252,2.99684315102076,26,6.67760824633199,0.338553553321625,9.06632749497236,0.748643286037149
36.7070420394055,0.657340049214835,2.26448255298286,0.395535979256282,19,81.8892150415695,1.2656675373414,7.20452555827415,1.81525673583326
17.9018116906997,1.2270415259794,5.8003211964032,1.75184118456389,13,36.1888756554933,0.984493314692115,9.15203172908354,0.812532584875279
39.970310678368,2.9521558351962,11.3135835428487,1.03664835136442,4,114.782031579461,1.50568752584888,12.9865719028042,2.35949221348652
46.5744491877911,1.99654226955205,5.91740532479665,2.76889012693774,5,70.7310323318591,1.53351192254367,16.020680903984,2.93086005906302
57.0793999511846,0.819071263943914,7.62364488110408,0.610493789580829,27,15.9664103533296,0.647992535721517,3.91930939778317,0.658899711430546
167.349570326833,2.0250729860516,10.742380233156,2.3020718790247,17,33.4364587816196,1.14472109429846,8.6341292986713,2.62570846136027
132.224719474016,1.82726903930825,12.3681113867843,2.2181268868003,26,22.6654912211491,0.393620489083825,7.23586100855354,0.491308451524809
153.176427527811,2.44730689600708,14.2536911972492,2.87156362809937,17,28.2331854405439,1.15436769480619,5.78303443998099,1.25884340040764
15.7887702953251,0.343401447883562,9.57217477175064,0.869878258558777,24,18.1200389548818,0.84943131912752,1.6581993967842,0.404586693292594
28.1266960725374,1.70535761189385,8.05214441590151,2.13618154186214,25,50.5431309994437,1.91446164845863,6.19373597483241,1.28751290679777
35.1626759684712,0.423074991636,4.80303410216818,0.574497699837382,28,110.840077295439,1.12417452807226,11.2483398954959,2.86342760554495
64.5120596181483,2.08323922214222,9.30172020589279,2.28467147773125,7,89.4477965328775,1.50665099862043,8.97537037425082,2.19100839633502
27.6929456134875,2.33721953182573,6.87177843641064,2.18067172572605,4,45.753706802885,2.52526751701108,11.9893135306749,2.84034758701745
108.441758346603,0.642881877140794,12.3365616623433,0.800169008360752,5,82.6511315524122,0.870129087690387,10.6988983911894,0.645342048679289
62.0311666958178,0.492831088645827,13.2965050052618,0.869704886120233,7,66.8965795404863,0.681477143076032,7.92428895466393,0.767835114903187
45.9100466352169,0.796202813806058,2.25432553034445,0.416225053086848,7,130.446367154348,1.43845304851942,15.7724757382011,1.8052658617281
204.538428343493,1.69454936119534,11.4261075065164,2.86044523246998,16,37.8741776602621,2.1961702410289,8.4989997717641,1.29087630101436
199.596653440923,2.01013688217133,15.0936019060982,1.53458135772263,29,31.7514138974276,2.39373311566183,8.11596530520121,1.25063498092919
64.8119277268961,0.89330651705549,8.86059938926262,0.664210100964434,17,14.4094972771398,0.477005016591337,2.47958694198027,0.445979787736953
32.8962964979178,1.32544069471548,9.77637895531207,2.5869622397104,30,71.7041582342549,2.19487341456587,12.3717446946169,2.07781459484144
59.0292942277487,0.835863817625443,3.50942435200441,0.393863875696245,19,20.5287057518882,0.712537359613737,3.49502322595715,0.531901558795349
61.0569979248869,2.58685046886492,6.43545270963834,1.18990358010382,13,34.3772224773885,1.95705464042849,9.85023572026865,2.96411161408889
125.608352956655,2.60937891589366,16.7067366214314,2.01360619009001,14,49.9653334196071,0.928204814092907,1.93329219442178,0.404625240645364
104.407232231159,2.25855148781316,11.312814115772,1.13888080427946,15,49.922626340039,2.20885927383202,11.5392038461542,1.28678789620785
39.059457483219,0.59874519564398,2.06221434322815,0.376387892914034,20,38.1604680239347,2.3967060294906,7.85676565283166,2.41165994325019
61.6575417245104,0.844500332086676,12.2421335236955,0.935067307050016,2,104.862178668944,0.470908870261293,2.87024285923358,0.358619328096989
207.282237681255,0.968969408267456,1.50492383516616,0.313048296420198,5,5.67680763989002,0.315049605233967,2.31445720564924,0.353066784965845
31.8398746391612,2.50750665986184,7.12058421246601,1.57225132294863,22,215.291323638664,1.36077163880565,15.8205697250814,1.91781016784531
10.9995917033887,0.41948083968753,5.07439178272841,0.632380089882792,13,66.469714101307,1.30091283434572,14.8347570699335,1.26165088092873
54.3791652363985,0.615965488428915,8.15704611140845,0.789929644093687,24,45.9486773514584,1.93405157155345,8.43881944928149,1.22312614437767
26.0618974107389,0.344872994965628,13.4365726373078,0.867641587723951,13,65.9539078351165,2.74529737674368,9.98148530900501,2.24799217815355
44.6958651970985,0.75271316946963,4.05889303370263,0.535817546431589,20,33.3929086927378,0.694629076959395,2.81567543094362,0.426468491680011
218.668498222437,1.82654166392761,16.3441134030983,2.79101060175247,23,59.0426271908324,0.902488421646605,7.71530316994566,0.631614779077884
12.2134152751663,0.540836379947492,3.68518864851374,0.638993267749123,8,60.9891083577531,2.36906421894185,14.8817620513415,1.18175075422167
137.028694725332,0.968649354640479,2.41450616691143,0.337378716294174,15,156.253361096417,2.27637513775727,14.6306314171343,1.34616024818582
172.123443587699,2.65077078283996,13.2750757436864,1.10645627046546,1,42.9271024582295,2.6327668637611,7.05806084355984,1.07968883852515
39.9953204191932,0.686885566446651,9.51554676652833,0.993260438310294,14,62.0770504606375,0.425737703966331,6.23703286873594,0.50242233282857
20.985359454096,0.523924107777974,8.72929693850529,0.622418553960846,21,52.2006200825662,2.70149844143138,15.8389214869187,2.01172058602308
40.6091850024082,0.655422013742548,4.55404693170883,0.436995652924521,4,43.6554611894511,1.13875897951953,6.037626717334,2.74766002666279
52.2696559258892,1.14034872870445,15.3502522491178,1.73284399981452,10,28.8755748012208,0.628259403969834,4.62296881971579,0.666454559230109
94.4443428129065,1.51849306344798,16.5537114684055,2.54239824962192,4,133.008960478671,0.899760194879884,1.37164333396972,0.300382129185282
70.0164770914374,1.04226356167814,6.92928167547587,2.38153473321298,6,40.231573670136,2.46772987033308,7.51374570786195,1.15019030361832
42.2332684510395,0.429761128844915,8.86224178529602,0.829580450184334,20,73.6299724151337,1.40520757532378,13.1432148481943,1.54691125071107
106.217538261746,1.81548972762008,14.0656583383541,1.22527606745941,22,35.0585341790409,1.22634811126248,9.92508293858425,1.62837112399258
6.15301305049709,0.388638340890478,3.62402883135614,0.573853465756106,3,71.4559872478658,0.71639531007906,11.265043170101,0.886934854677022
143.479862289339,2.77481654242686,16.0734891008071,1.37831717736559,6,79.5707653981918,1.95727274054088,7.45132595749786,1.00790151151065
66.204342327495,1.11508390406281,8.1770551534711,2.71665416559805,30,33.3403496375618,0.514332217946769,12.1067228760337,0.77903998367503
25.6522167063258,1.34994940442987,8.17939348731863,2.96785427264057,17,115.61519842886,1.8828620982575,12.0572447554654,2.45357567196374
123.955487052067,0.864479507446769,10.2329395873928,0.722607513222693,12,11.3468605422696,0.351382190592976,14.4447237876421,0.986364748991059
79.1754499412226,1.27567343534903,14.3129090756089,1.85070543380653,14,44.9777208075333,1.78792422287609,9.98200846169588,1.80054957172984
91.8712186996863,1.26586825274343,14.162785773339,2.07628315672357,4,10.2233137725176,0.327673504233373,6.00282728731298,0.857179116535915
75.4600945606436,2.14608734480182,11.9004457451814,1.43264150266116,10,53.6888705366381,0.774983139188821,11.4709456231691,0.71844361053451
33.9222047048075,0.631650401265204,13.9702984803786,0.91159025480602,23,11.7937460989231,0.454127498781902,4.63927591793729,0.611426353014053
65.249929414216,1.27338584046928,16.3817921808058,2.5787593498255,4,33.9283925546174,0.41277092142451,5.46163220101978,0.638734444407603
21.7743436095015,0.360179858133835,10.78761601265,0.742622335784209,14,31.6836664464846,1.61299474621468,6.44701089538622,2.74717462893097
83.1813080598078,1.50801456201939,14.4820502768387,1.73669778427048,17,33.9104203987224,0.549012904535448,1.38774476974247,0.347105592969492
68.2729463205845,1.70374461356241,14.3763125814057,1.97117373298105,8,30.4253713469396,1.34936739312491,8.98824832456403,1.42133282813393
84.3435303797393,0.620669926102303,7.02618489839066,0.84713778327468,15,218.158968339539,1.28110133579237,12.8188877668187,1.09878947314969
153.641142191723,0.784068341938035,9.91636810252491,0.666231540038999,9,138.805936008577,2.17605433898689,16.3152508792133,2.43333775921221
110.222452219835,1.90410713034161,15.8391023785161,2.90573039925684,10,126.57782121286,1.1887947163994,16.0868561623824,1.91871716315163
40.2135859756521,1.52606851261154,12.4663884007232,1.23305459673173,29,68.500515693938,1.72743161999511,8.89689126093932,1.8723221275647
41.5263057941109,1.288626648198,9.54798171992035,1.59269810591512,6,60.1688116355842,2.03935224586459,14.1952947792179,2.87229367099865
5.70535400975167,0.331500529460174,9.31787466390168,0.940760489254796,29,13.9303612857859,0.4203791051161,11.0352394654943,0.864130626252033
30.3893242321042,0.64321680243675,3.76369842893465,0.394458900508432,4,29.6214675083035,1.13644193410316,8.79715028613856,1.7574671895896
43.7966552499578,0.961360633953203,7.61816384680797,0.580685780771429,5,24.6409733982343,2.73756729826836,7.65432745572213,2.46498039233082
153.226333906905,2.24095282581131,14.4033006951158,2.54584495093473,20,25.8510019162907,1.65299603376334,8.4118413590287,2.96047852562424
57.8257752059549,0.447281334963782,2.77193260752672,0.421558922222007,13,56.3999369064632,0.53956236881338,1.85968972424009,0.319387477777536
36.7236043348613,1.11468517331077,8.77596893897028,2.87139639831779,16,15.4152241264631,0.490762154033344,7.69129133791447,0.665991634382527
49.3953837312083,0.854478771352912,12.25051792464,0.975762093114873,14,20.5232495785344,0.465133310939022,4.10292170571004,0.605157069544905
54.6745441705797,2.12108820451637,16.2182791547084,1.72141893749653,5,68.6722824241554,0.887400734422602,1.75668469112711,0.378751007613916
36.0257504317341,0.573968022141534,11.5862886263557,0.882768526042503,12,36.0186946546889,1.49189703967343,8.11788720297829,1.85499932146195
28.7166497425699,0.784228461643232,7.85162769140721,0.801195908828011,18,52.2906334703191,0.477782507675761,10.5130029793021,0.975647099095604
53.341193243295,2.85811206513055,16.0493526977877,1.51883283104233,22,34.5878865389769,0.901109870342252,9.8248392277171,0.918540301157122
33.5313126542447,1.5132078488502,10.7159226319088,2.60766836570391,16,185.272489950141,2.25998434234483,11.8070762212174,1.3084457806573
73.2728196905431,0.772687339696582,5.66423851123438,0.541738146637214,19,139.12297374775,1.8731598690935,10.6603966750069,1.32544811484082
111.259954013898,2.86429739370941,11.6289777421193,1.18371746475843,14,16.7469907572327,0.462265781989437,5.56942542805925,0.9202937170371
38.3154555652829,2.8111623530426,9.62786742018032,2.61833412881438,4,104.841023961569,1.63929338672651,12.5120102131915,1.24225461338243
36.2860306143543,1.07360314547276,7.00160439907475,2.09495447770976,8,86.5231671692544,2.04421302768111,8.22430799371306,1.49836787364892
39.4049820453468,0.858817781157409,11.8746976241824,0.746178741819628,8,49.1068192877893,0.881281357909229,12.1929635777991,0.74845027938573
79.3219761358224,2.73939937920325,16.532512915385,1.53720501285596,18,58.9655541103373,2.88889037257427,16.4468032609995,2.92122367346018
87.3760144281138,0.855042122241806,4.93864650057507,0.42956834884986,8,58.8505579648699,1.45579373448322,10.9318080287634,1.55423708451389
106.815221214831,0.982460655500607,12.6965156471946,0.936225186444439,25,36.3522489089511,0.710340410293043,7.28630934255416,0.809170481812945
43.2608081167859,2.71946540139061,14.322938960158,2.97162650119107,21,30.7175936890473,0.462889225247103,7.32532893730616,0.512401883102485
46.0404531170598,2.80580525609205,14.0560652733308,2.00938485595213,22,34.3803096231367,0.624107974586501,2.93331081669317,0.414212823816109
45.1847775348143,2.16705171558781,13.1464623308453,2.61323255495639,30,95.4165509085357,1.80929392989009,8.2899594817649,2.09653675653639
113.666826227457,0.735676298360326,5.8136687037203,0.673822411472339,14,14.2243785694852,0.352319672803918,6.34721961052386,0.489415192704708
26.8544946893661,0.912090407082085,3.38916028915374,0.484364564143861,6,2.78419772542527,0.314924956357017,3.25113282046793,0.509801285289246
52.7788230019589,1.9668830056866,15.8120698376949,2.16426027291626,5,87.3163593202474,0.772719110804025,5.64059264042802,0.438292755994386
71.6227425932929,0.90888195198636,11.619239107753,0.707620461542516,26,139.710544736009,0.684638591750354,5.25267786078831,0.448446356058052
54.5608326885814,0.935985764914873,10.8601224659876,0.811653100876875,17,36.4593882320998,0.597003201304402,9.43359019564216,0.931189681993548
3.89486167772391,0.314602337927391,8.37777126241162,0.847906193290565,6,34.9686912702407,0.872790192492564,3.24367021681619,0.434523420061357
52.7336008767249,1.52206142477876,15.4608480810464,2.48831678358843,20,45.7286713948351,1.2533953383174,10.8037927130126,1.71342137925477
150.296426000664,2.03904820060065,7.54632839915703,1.22577667017643,16,54.2166340885089,0.562190932720138,2.65030348742049,0.344153810916189
47.9906564666783,0.48331815918493,2.65301888697882,0.356414969685987,26,112.138557874091,1.67063410526842,12.299918959967,2.49508314583775
160.049558366803,2.94357540095964,11.9274305695738,2.71258604130014,6,155.921517924094,1.69261276488118,9.31117090259665,1.05147156028216
45.5490766903868,2.72883401335109,12.0581898454678,2.53798064102819,16,80.1082733670683,0.809286189136639,10.1239423107796,0.948342189161414
82.1845270524219,0.816993894453129,9.24300712908713,0.959414781235488,15,40.3000821536885,1.33223616263532,10.9566205632611,2.45995393533244
44.4740837981156,0.675130709294928,4.60708341207284,0.85063128794234,26,32.1934552740733,1.3603783287792,10.8101432586857,2.53507181688082
8.5874170828206,0.501690042797468,5.1009064676907,0.961981951151383,12,32.0127853384601,1.72766083245964,9.83008493618063,1.79830872482192
12.8434022410917,0.410991657505226,6.90287261226576,0.899825850112534,18,41.6527116513459,0.732116636604269,14.4453497502252,0.979244499814388
48.8690413725757,2.02165164660304,10.2689524568886,1.46152234154797,27,56.0271251149597,1.18495772010596,7.66814379074716,1.04544658592403
11.4418243689322,0.45148211542337,6.27769441284046,0.940977094416606,27,54.4421298568925,0.729566428721302,7.61955937645773,0.545412285975495
46.1218368492419,0.835700890612823,14.5785857021415,0.980273547011379,26,22.4423302375773,0.5479327196475,1.34372212033669,0.313642295740686
9.89456876992992,0.327816878625542,1.40926565501504,0.347969691019269,29,149.304013526202,0.570589694413852,13.5809610553916,0.967306315481858
113.601832845363,0.704089165557245,2.53778083727684,0.350672272835316,28,51.4498994399213,0.592900876957358,3.38843319319645,0.418936397968847
59.5959649598392,1.06809548639138,15.820359394352,1.80642482868076,28,78.003260354919,2.86685006861792,15.029402113638,2.1944088224992
18.9764606154955,0.572011632617491,4.51010919466415,0.786111222946535,5,119.300122369204,1.39430358725917,9.70254784040356,2.41717058631691
31.9820693796718,0.471052190166366,11.6510609592071,0.763630597720457,21,27.0520720691827,0.962713222384475,3.77237574318042,0.666736351371125
47.305469732938,1.77075386416576,7.00864847534621,1.58913172774813,21,15.3197532520327,0.402101583475678,1.77456174810104,0.358259309297696
123.499907681486,2.41547522195138,12.0433454276086,1.31625338167974,25,54.2086544327206,0.486899967111256,5.93623638255441,0.563669128506121
24.1197934704363,0.501087372867483,9.17390523649586,0.646121335863066,3,47.8593313484894,1.32273266020629,5.77288805910018,1.09854359037781
48.9141195393499,0.813053132994056,1.22501152231648,0.31449189542271,22,194.524297884816,1.27369632618097,14.7311982234178,2.23223745418689
54.3431851472236,0.844681434690899,1.65301276415679,0.321519463045822,29,50.842124875826,0.611814496639909,4.93999042339187,0.488999852872754
57.969573159626,2.35098940390509,14.4301856586076,2.9105159608625,3,99.1980362155762,0.810122524874286,10.5311404934088,0.769684375461288
25.3892359114653,1.56073315231407,6.95267758166937,2.37013984331128,21,60.8081761057086,2.59057920818518,9.56269032390488,1.7161122202929
19.5646550807078,0.550712327668084,6.95883642480472,0.999390603191043,15,8.51699782736812,0.313959100694007,9.57966689694874,0.854364198190406
37.3523739248611,1.02607584888703,8.85920083432222,2.97076980135727,29,67.4364281188662,2.17772000528281,12.0628022157711,2.40603536278695
167.310632790272,0.712181360929597,11.4676297353235,0.864821264561878,2,56.0514955518906,1.76837892908499,15.721903320595,2.82885541151516
7.18675548851085,0.342277180131563,3.5852719271291,0.462067359389552,15,64.4098688104249,1.05087257842725,10.85261841966,1.76414544773179
101.19260878608,1.38564118604255,13.1632006094091,1.74673192890903,3,60.7525172984514,0.699189142853385,7.01980387714556,0.866904001906292
166.584391486626,1.25137504792614,15.3145055924396,1.73232099536795,17,115.778124311534,2.13289265118939,8.62033373912555,2.17130846532606
37.4739158207917,0.497048191055791,6.69405068675831,0.741672992072274,23,15.8161831206095,0.68700866156618,5.60235877638046,0.819703497740218
69.1806770357638,2.04923045167591,12.2123863536487,2.10518145999935,19,4.89564048239859,0.324747393580001,1.79207242975143,0.409850376947014
47.7153255587732,0.957707844078286,3.75192789651061,0.379149296988234,9,38.7565120915634,1.48375764460736,12.3696880055579,1.3967154818703
29.2146434280949,0.833717261672355,7.2211324029104,0.6149165557437,10,116.834984035099,0.963183071213961,4.47644204772913,0.62592073659338
75.9926546933857,1.83083951439679,12.9108568963154,1.83269686484288,4,12.7871444255683,0.386410687948867,9.19137482892016,0.834161292652668
66.955972604921,0.740581391838692,8.66227870138473,0.757225324180205,29,209.413130386674,2.25403831253796,15.4917553409988,2.62659832390067
48.5200808112077,1.25739339202973,11.970312953048,1.75013619846839,19,49.4111814574048,1.43856595350315,9.48541015430457,2.71941552647828
24.1658010313427,2.28180290988445,5.33096562504076,1.19324573631363,17,35.6764738122137,2.74837818204253,7.21198248583049,1.13067108534391
31.7916515871072,0.967925016139327,3.0979532702927,0.431299831626978,12,55.7238376590304,0.947041202911386,8.39228125982391,0.795566071987356
27.2604846817999,2.65303867392073,5.99387890086845,1.38600062748022,17,22.0015434644796,0.723153723650767,6.64765946734289,0.84106143851693
28.6808016870603,0.470001228247869,9.59540789026546,0.906791341443736,4,147.037737433932,0.888868473342042,9.4662760131948,0.788189653572523
121.066753276799,0.857433033627962,5.3091518270486,0.552926512067432,11,60.7198849654261,0.831370931747829,5.8226260663708,0.532833853393108
16.8281510581545,0.511648903554061,5.96528316469474,0.725389323235367,5,28.3879580301716,2.63951080147009,8.19562208913065,1.20466977020201
43.8644409043438,1.95188650028856,12.0836310666779,1.77168009704991,24,37.5371838208068,0.492339513958892,8.55570668882014,0.968538604552224
76.2567506241922,0.714248293835413,14.6525470172134,0.972011771307922,27,103.126880038919,0.677697560315251,8.83286828595944,0.815421685456309
96.7347754555257,0.873421630582136,4.59258766306924,0.708318326869785,27,94.960456773218,1.12155758104191,12.1537091359813,1.57513616560039
148.273652543514,2.44264217497857,15.1456511368172,2.43011431816123,17,23.1861126083531,1.29773290556881,6.24516046611624,2.91995708425532
31.4368652014243,0.394155259832229,5.70993731042189,0.494474067042012,11,35.7004932655067,1.06440741443942,7.60192085550444,1.07109366151183
48.3006714692608,2.38726756749841,7.05249553496684,2.67741915977521,27,25.1326658524491,2.52751092536151,6.22798823463497,1.5406121576154
59.1792983969655,1.45004437054926,15.2134857242549,1.45962364518248,23,37.2755925598235,2.1059378461632,11.1530667734695,1.77048787806657
74.4529913748741,1.22428996952572,6.4144234845614,1.9640758762598,11,61.3378913272819,1.88640024801552,15.3912447824954,2.76111317252949
33.6865570308609,2.28077629181225,9.68943306013099,2.43680356662698,18,72.2764989661702,1.70035169282119,13.4592084153247,2.30005371679144
88.3054680527772,0.763442964547775,8.54295534049911,0.732313629012262,22,17.4708584775995,0.474467455392574,11.1068003966967,0.997952367427271
21.8257946786673,2.22219943011966,6.55404910946872,2.62762376029572,3,50.9281063265205,1.63151506470044,5.92649267423145,1.73329284618505
68.7162689071161,1.19856803189044,8.0808754118061,1.6297178878381,10,131.153492034053,1.13334731771879,10.6338312461021,2.98823403242599
56.807662355294,2.06134553781397,11.7591546738575,1.53841320573949,21,27.091884866273,0.654980416775033,7.88379591472665,0.783952088007092
38.1703165525975,0.875810130634054,6.16641864040159,0.740324655690287,24,16.8004677197384,0.82931673022897,4.7560390560203,0.825935268745533
71.6867573503012,0.78958170318915,10.2203139705407,0.872160856443896,5,10.8508217412264,0.530045538094651,5.16876165123261,0.838766547577994
54.6677899875457,0.530144888206653,1.76662549931283,0.385455832757875,26,35.9123954437321,0.945089176343938,7.12917304150602,0.585948765148282
64.396041657867,0.931074363491245,6.04611403413047,0.553265656682778,10,25.1679399676918,1.12995639763977,8.38029890999886,2.54595623417142
100.156855719721,0.774764068498675,4.15539714154669,0.485209408585031,10,71.431926282122,0.641546365424637,2.12823687892352,0.372436906349202
30.3919817841966,0.745152986984114,1.1505065665534,0.32295757519324,3,44.8173447854725,1.14963418320564,6.68613093077483,2.034972491844
29.3526626715874,2.15509839447865,9.04754058717519,2.18129709549157,2,23.5834722233598,1.29259563619867,7.95869962595033,2.06070827171417
86.9049915779382,1.5953620346049,14.0488838115093,2.07180205715541,6,41.1393448376606,1.04299434374583,11.4879551974765,1.32203709234567
54.8959863559877,2.64567744144208,15.3904780875227,2.82124338338257,23,58.6955807928796,0.617394838162141,4.29653150056502,0.403010439889411
92.970237785365,2.40159152976414,11.4702771613667,1.24926272331048,29,160.511137557983,0.900805529889444,7.70542729483289,0.644786196315855
133.069143968936,2.2106379169187,9.79494558055902,1.09989070617591,20,15.0488238301731,0.498768927554287,2.70534603362196,0.47766089420498
85.5728012689234,1.96036971699975,15.9878559842331,2.48597173996124,23,50.4588213400508,2.91915114315086,6.47796530350496,1.26542883757873
88.6758520867491,2.44833456332543,11.9341516094393,1.31164604547461,24,5.93770260074682,0.329624740293285,5.96312296109108,0.983684911995057
28.0604433378898,0.576143961568682,11.1251621960452,0.84118518404852,4,24.8297248641558,0.536817609820596,7.97968678171248,0.627337954595953
51.2396710183743,2.74029016946761,6.31823489568433,1.84448491312444,18,79.3659835639564,2.40988418048109,6.97671888079147,1.03490217788555
10.4038588573981,0.416777289636284,3.79091770488344,0.479006789767595,17,88.7340424268227,2.41374378195315,6.78805562552407,2.01757561976975
47.3307760240293,0.794457944043739,10.0989998925664,0.9636677178051,5,66.4345393868549,2.06940048119994,13.972381534026,1.17304667110755
117.614888044906,1.54700425943318,13.8615376118852,2.84012525311992,6,66.9570987715116,0.802627506985945,1.68514103031289,0.391705262162042
30.4134309952479,0.564164942890058,11.1709871751525,0.830142357469934,17,27.559135036033,0.830267024440264,5.62112593199805,0.600075388288613
37.5038030430009,0.766149522125465,9.6326600857786,0.817730412265125,22,100.119382245639,2.67800958609911,8.95599511751276,1.81231543316683
9.87619268382223,0.422078695462136,4.34410270729435,0.499975323043493,14,49.6439822787465,0.901968907637815,14.0360920827256,0.896296870435251
42.1781425838442,0.671372721452223,7.85135087377936,0.668068279969665,21,99.6520499663402,2.35221933016405,10.7153067350409,1.35558979041407
96.4852586460845,0.881311683426364,10.5948396362565,0.723629721003749,12,44.6928758088235,0.884670294371288,7.98056576458936,0.727198719185424
68.4062090534248,0.588061882370702,9.99729409217947,0.812152205066886,29,36.4471547321771,1.99583131857286,8.83842220031653,2.78135142832621
31.1279150311648,0.685421990824755,3.90582218641561,0.650067983820454,11,56.9285186576387,1.94711844282483,12.9165781000972,2.78098750947088
32.051034494148,2.17087071525932,10.000091091575,1.22449388850722,4,73.4153697301068,0.610464582425089,7.24595511514052,0.739458582996784
18.3861547335333,0.988294757280154,3.04774063418597,0.557390504119677,2,55.2234672710004,1.50122245129767,11.2408351704181,2.49690976087866
4.89503444078303,0.350124869454304,5.94379872422965,0.973089719387912,1,120.495623618742,0.965594390950247,5.69631737703808,0.484596634754093
14.111812950732,0.417731933810938,1.18896429751762,0.331924432659894,25,101.25173207274,1.70205336799834,15.9123894021834,1.79306122460836
63.9779292152018,0.863705655125513,7.95212251099924,0.862041863527179,5,37.8238884774379,0.347065423470446,11.5737715545507,0.850552234018817
65.6460559716779,0.445702033532154,2.80651308593575,0.369138838766988,11,109.246591959046,1.66963477383135,13.296576001205,1.05041639977706
7.78939695994584,0.386516888221079,3.01531945239973,0.546254425721141,10,71.3969248488585,2.78840025104517,14.7114921710542,2.40053885940257
27.1524252084319,0.672269278392461,1.14625147878044,0.330462646730384,14,12.8518858909077,0.513907384962778,1.80230805570942,0.365176209630525
4.93984661637158,0.300441826062517,7.20822589543655,0.660845038970087,12,73.8442762900374,0.828939790889737,6.69071144592792,0.958280726175126
103.851980537564,1.50757110417181,16.6055420130503,2.31490237533689,5,32.763808579551,1.80796699499728,6.97235345741445,2.94677246366345
60.8169392609318,1.0325529823448,13.3451729296117,1.7153839282661,12,65.0184103294017,2.87210326175298,13.4128035654597,2.02042345495605
61.4618796594665,2.90117574926215,9.20006291117049,2.05172132368713,8,15.4793427632963,0.574489053551237,7.33525160347337,0.978516151229324
160.224580954576,1.12162070025589,12.8100456486553,1.30345720021717,13,50.9804244821913,0.593387027216701,8.37764007742866,0.992056063934406
60.0872312871898,2.88114713233367,12.670803322977,2.14255689631213,18,66.3236682977076,1.01512223144592,8.32186184336677,1.11009971675944
149.243576605456,0.985630018216053,2.50539184346764,0.398642113888816,14,109.777734608563,0.598109911054145,1.53118240371122,0.308332726489795
33.3199819472674,0.546343937098305,7.19445358259337,0.713621287687127,15,100.46202511297,0.91993952582689,9.21490125396565,0.630381916275432
15.9252559137351,0.587009656213508,4.04385786637888,0.626735683522563,24,83.667970160478,0.919598263914955,4.37681604771702,0.479931139521408
118.331681751882,0.938003957441398,3.1815313268666,0.358466600024909,13,59.2173510657269,0.634601273977731,5.49497003256743,0.542695096286528
34.5809370097544,2.95857880466103,10.5187526269505,2.36138180860904,21,72.4165243338058,0.801333273289358,11.7141572731149,0.983331414581191
30.6096885488561,0.739034090538262,4.21455682332803,0.511047223158254,12,53.4219494958196,2.2059559427954,14.1400722108488,2.48651520403138
41.530328450216,2.48276793262078,7.85488645848985,1.23868140887115,15,25.9172589728159,0.893510589705144,7.42071943083804,0.969467737544222
50.2052278737556,0.728031809574944,9.54199776665462,0.633557873005287,15,20.342939519125,0.471728218948308,9.80509243163508,0.999149974888091
58.407647573555,0.577764282149163,4.44891357824281,0.442847896066913,14,23.5361476041009,0.686462632715255,6.85561499683741,0.637803370994555
28.9199047790528,0.910392745186819,0.839595043063804,0.324106837653993,5,57.3770951133463,2.70066444038259,9.27784132451751,1.25143370680709
75.7918242135207,1.30593017627339,11.8343342864449,1.03323853300961,2,28.101462210237,0.715081366274433,1.94702211876511,0.339781806479291
66.5588794398371,1.23065114823633,12.604188826698,1.4981461063324,29,18.9717877194611,2.42162470263978,5.83941037774934,2.16963719669939
21.1128864537269,0.362272335342446,2.73270843904012,0.362970664705889,6,98.4266555946634,0.534724952471858,5.49040075153606,0.551026298201895
88.9401848061411,1.28204105533476,10.0358795589145,2.94966587328049,20,8.93098311708315,0.325471198768851,8.14547167432766,0.880500302334658
37.698051928356,0.814075824209027,9.25178929451963,0.680140032530016,1,81.5346057761418,1.05652076443033,9.19250622128578,1.00155513134187
65.1826400232271,2.45057354549189,16.3345059053589,2.82323702629332,19,52.1389720389405,2.66714677567803,11.866778874311,1.50701427825993
28.234955401909,2.68392946814804,6.16619514732124,1.96518742690122,3,105.482528557801,2.62458586565246,15.5409991983284,2.92320243133797
29.0803401798956,1.09291253831456,8.08252259508254,1.76158545066336,25,72.7702438358952,1.20840766754541,15.5955298938157,2.67947111968645
78.2387973879524,2.45308179860744,12.4126202799362,1.28406915282813,6,50.6988175927345,1.38990336355786,12.5516028248348,2.50927127838479
39.743573086017,2.17245626864677,11.025344626007,1.5289142707312,12,108.230526798879,0.706391022452245,1.77312209112194,0.317470363845335
51.4940700930352,1.47047516977376,12.4095656917784,2.52521262965599,11,73.4278448580084,0.759041096049592,10.1436757776154,0.989881708716111
36.5926392218109,0.629823521297595,0.64841152488371,0.303046313321731,12,271.780972033533,2.15544854904484,15.6318972457001,2.84628418638038
37.1635346653628,0.844006641866621,11.9844904242817,0.856149770687036,22,134.618708389534,1.14039406911346,8.65147064951075,2.24955069920857
30.1404276078486,0.895713749577593,4.57150167131033,0.627280388008822,5,37.8119112541591,0.639739259396786,8.28121233079451,0.863768744181043
94.7531743582004,0.751024390252756,12.1746311372611,0.989833106520075,9,55.2904842294093,2.57453218253223,6.56649216068876,2.18866382299335
91.1811886708998,2.1788579572708,10.8316909983695,2.26086993848757,19,49.6369577554455,0.836572000283262,4.10380456960741,0.657567368978079
34.8223021609041,0.645353576660248,8.96351296297696,0.756753967297315,19,95.1212889706035,1.81581452251465,14.7873975431043,1.16622317859257
43.7006536313158,0.78280319059785,4.95958215096446,0.509199579982031,25,25.6218722933875,2.91831001786869,5.90020286438301,1.1876485764401
45.6034019411623,0.947145545332701,14.2704972574013,0.930365776483169,10,17.2829698914555,0.559647050052219,4.18099901557021,0.616473699732684
13.9025201670179,0.658331970392153,1.24471946800042,0.366935515218248,23,34.9443062340602,0.92943411358099,3.16032486695308,0.528440429181022
84.5013480592348,0.838381131017682,10.4624621817628,0.783894074453124,8,12.0922384506695,0.394335992836696,11.227876074467,0.916512938419412
77.6950477108835,0.98642383596074,10.7294563331848,0.943490977881782,6,17.1367780681212,0.330143128469913,3.18427754158172,0.515684252914877
48.6954005301785,0.949104616681139,6.91738035726518,0.892495191643931,14,58.2151312067308,0.717524138334802,3.65124786454482,0.509818911759314
24.4630403816846,0.4138225160686,10.6001898693223,0.906085903978594,27,134.035043610647,0.580025338290048,3.71281846858971,0.381736197026902
73.1797130570144,1.00400935318086,12.1593113969503,1.22526063787356,26,47.1383142936745,1.75041370800361,12.5405936866639,2.10708612264091
75.6861518554808,0.887399598691957,8.77322165988657,0.578254851841641,9,236.310986095862,1.56051366114758,15.7048827867275,1.19999833998151
50.0074440552275,2.05389899011013,15.1738914603072,2.31604500858679,10,36.704937149057,0.558052965575055,4.42698402274365,0.433393207846605
56.0545099479972,0.897488307677357,6.03679824482134,0.649967344822551,4,39.5912851655548,0.693227718364575,11.2113246118003,0.780673302973667
29.9797822968597,2.46066530598801,7.05815267612123,2.15216976067157,8,104.982477314571,1.19288815318899,12.8060316800402,2.28265968046154
21.0637266994669,0.506256895992292,5.37902947877557,0.63537905142405,12,38.6773571541841,0.833553121771195,1.90556505506927,0.320017936141351
55.1262244722026,0.487500988897731,11.7324665338083,0.911697571994222,25,69.6242353512589,2.63135425290108,15.8946578482129,2.32196624920049
16.0069318109008,0.484306412462743,7.41198550421478,0.912232818583551,5,98.4398368797199,0.878140361867838,7.72103083000394,0.529894142819074
301.346425032355,2.526879880068,16.6374645472067,2.89986964895039,18,49.2955239239852,0.893482078336876,3.888214142861,0.507694420306266
16.0427774240301,0.339154940227773,3.22695357360654,0.398590386069988,7,244.943773479697,1.83085438846969,14.3697599870622,1.78155575222392
53.7192566739111,0.621757866594944,3.43985563757493,0.484509775882363,23,53.5975834318613,2.72481574485353,9.02654136493534,2.10387526817971
48.9313980209554,2.89759437287087,12.4121611835878,2.58522861514994,28,78.4577185050646,1.32339825059499,6.25952340811595,1.87612205086822
62.4147389046966,2.30236451446646,12.8128960574666,2.05283888367044,14,204.189277375677,2.31287496468883,13.9937720182234,2.72287935509422
43.2448691295422,0.809691940354912,6.18497839481638,0.502017060569871,28,19.0202642940574,0.442426282582909,5.96192215310658,0.859710739505749
191.004329068568,1.78305211853747,15.1667530023409,1.15245628480999,23,104.362409010987,1.29113070391239,13.9847374452412,1.81359023481499
33.9708620846794,2.20559395260035,10.7155288277475,1.32866544209726,11,40.214566702448,0.666295195922167,12.8025119442504,0.881815006916517
12.6155999054562,0.3652426519385,4.0217093548848,0.396752882770311,12,10.3653006143001,0.310112024561051,3.46815116945576,0.502512588725415
57.4862585805648,1.86940727451418,14.2068295497059,1.2667642745805,8,37.7813480245814,0.745628215720544,8.87244497736279,0.897014405177334
26.9802400178393,2.38525104887728,8.16139496519245,1.26587640528938,20,21.1773746315399,2.02146580370197,6.41005564530325,2.11223003538285
38.973335470371,1.18081733896842,10.2987554951183,2.54539445077953,24,50.6688308404729,1.23305336676804,7.22827865724359,2.66089796475184
30.8733175293116,0.85337504755023,3.50495965751281,0.445359084947436,22,35.9627978263947,1.09167880921101,11.8875269678152,2.13874165437274
65.4446069016223,0.954736401755599,5.2343736129769,0.885820107220936,27,115.223299259057,2.78028252483977,7.64801346828706,1.85928811980498
31.5603091584378,0.923451381052047,10.0260231039172,0.865808351430437,25,104.540473567155,2.00323856314142,8.78252365197342,2.0878556267135
55.1752749459567,0.847232630292729,12.0211992783864,0.801797062653626,12,46.8679113670728,0.890682935771374,8.1063264757685,0.639844389000706
18.5132804179538,0.764207568402389,4.65655870691807,0.757656972751447,26,59.4534978755917,2.80687207697067,10.8408237214931,1.51259951504856
31.7730398540131,1.48863301635175,9.6674118066679,1.08593911991963,16,19.9158116068816,0.59964146712532,1.75552213869873,0.341480123937022
34.0725681117621,0.64713975499271,4.62602872188391,0.775105162960014,23,145.822960383993,2.9968408929847,10.8095322901455,2.16182198592976
85.4266682057231,2.99790248189664,15.0985265000655,1.89880090733105,17,39.5615148869345,1.44033500240041,7.14251879042241,2.77014906662764
125.621657659628,0.738337862756111,5.61320762428803,0.586482952134562,16,31.985141437631,0.845691924614689,7.64042185820791,0.706175566929906
29.2892570765414,2.5189336300923,9.59418180588018,2.84653220514162,6,36.7362069235544,0.955591902186696,5.98714930727164,0.731061452585625
25.5481694888542,0.530791807397497,4.69594365437938,0.43994779233197,13,14.1661476223594,0.354927391583771,5.06942186721493,0.50702258549838
27.4931487925741,0.754213178092095,2.34415520931879,0.366988830157613,29,37.9343681684408,2.20222029779172,12.4945203564918,1.71749945851953
37.3203487467816,2.00053753324572,9.79913292917017,1.92210445049699,11,19.3508976125648,0.942844742756209,5.01914136421307,0.771014153874363
22.7814487160698,0.330412920792254,9.87809712726475,0.949280333734132,13,106.29594127433,2.4501195380269,12.8370186890131,1.95171082338201
47.2114424162097,0.494145616436274,12.3907176605009,0.741023704421406,6,94.8655509963319,1.15631967274833,11.1017770402014,1.59350291775981
29.0947201789595,0.493277833829236,1.59865012602634,0.371411890331849,4,19.0774660078292,0.627669317100872,6.10347263454681,0.976361098500102
42.5117697290998,0.907846800788482,7.36674831536116,0.623793141657907,19,71.5204136275293,0.696482550775746,7.13935638396616,0.55875251227857
25.2197993673179,0.59840703844109,9.00018272767251,0.962798658248385,10,59.2464357376102,0.77568450914017,8.70054903976375,0.871723951370309
82.1814017670354,0.572918742841842,11.5296335925809,0.870228858519534,30,25.2851573082879,0.659940826580308,4.56994794479971,0.490192428115239
157.495294629727,2.54557064119709,14.7274047599807,1.9505652882725,11,11.0123580757093,0.33873472678562,4.30791204574495,0.737245583731874
102.966159103942,1.26441415870737,5.43878572450343,1.20567144638529,15,62.2089198768657,0.648544332280307,11.2314342303536,0.782328019971
27.5192102815594,0.477158216129967,6.82428223392758,0.526165790287966,18,93.6814354219103,0.796363222382767,12.6599046172799,0.861181705358563
31.3633740094804,1.55233429759615,9.71470300486963,1.48820949738354,8,48.6053321770281,0.512272556172556,11.4111964151912,0.869888215737861
93.8224912647108,0.800196003744001,9.12916937334204,0.643534760657969,21,73.2731205426196,2.4859677985321,15.5008969834729,1.58529970760005
153.661159294452,2.69305454961848,13.4341342983347,2.23263315763039,13,46.3688118318515,2.83814815582813,12.5072860216824,1.08850719663914
22.8159803949054,1.35875273240055,6.35444122214468,2.61082515701653,17,123.320870259473,1.48546429787828,13.1918639807175,2.58024446877835
87.1424292872808,0.657888240974659,8.51454305279573,0.553785833247224,6,66.798806737129,2.42953626218116,14.9441146332429,1.06146587045734
40.171592015798,0.92702671616959,5.41843359692602,0.471311247836769,2,116.418259912788,2.56644027244529,8.47945995436957,1.24446729648137
33.5615661202143,2.1150361542027,6.64655094067471,1.24285259965918,28,47.0886716624015,0.87114923319963,6.07583534925873,0.546529812354033
55.9732732865208,1.68075011292312,8.1496790814397,1.53671846252594,26,9.37226321887396,0.416852306559639,5.48364076013215,0.995810588384371
106.154041734416,1.12759031797054,12.3940562760776,1.39014188057451,15,7.56424695590951,0.300180662713993,6.01471734319739,0.546165189769295
28.4442409270758,0.671686188156054,4.36476550225023,0.50091404626565,10,207.967161895789,0.82856890388941,12.0789797028721,0.842394386729384
29.7512552936938,2.86273319516687,8.81103832797927,1.65717648447485,5,34.9140405152639,0.727753416207466,4.51805169442818,0.650187245230937
114.805103012596,0.978273219751293,3.14655582120577,0.407375644635118,11,58.1947245213867,2.74434085621558,13.9991299104211,1.18586201195462
49.7384633207188,1.8921778555145,5.87107516397223,2.23122280768823,30,48.0840466390447,2.40515744191265,13.1181062812297,1.31417410535047
22.0024639050453,0.440731397264343,5.46125781100584,0.469653159027554,18,55.1664761062261,2.99310145060391,8.19192062011604,1.28233497745428
114.852736319157,1.18076420177659,14.1456961436693,1.71957008681821,8,20.9368627349943,0.318970097446764,10.492266345197,0.808296718845039
50.5356878650463,1.82633285693251,10.0084784243243,1.07144139678364,21,36.4561180329225,2.62074613479096,7.74711455997129,2.41557788161167
35.8661995350391,2.84790305790775,6.45803187970222,2.54669990886181,12,58.5384589842449,1.87169935633953,16.3520050894433,1.83368471381573
46.7617105055831,1.96156577580434,11.5358584341114,2.36547802753689,13,60.4270136379719,2.20521135738404,12.1711068098468,1.70194490580215
55.8822324354962,1.98637154788395,5.94579992978728,2.91793880730455,12,12.7740558027725,0.439170217117577,7.85023602941887,0.678605748985158
36.1208767005634,0.656324924401295,3.84981845017259,0.395911582522232,12,78.2846369066377,2.84170600135545,13.1673612135513,1.35607885007317
114.76464505889,2.81131204268595,7.92671385405242,1.14311085203086,5,36.6336801732214,0.791686685455495,12.520058657693,0.969734013510546
116.97932751777,1.62881374998889,9.44909603588136,2.73254090602171,29,92.7013397020181,0.582555948852958,1.32946775556478,0.303733697129117
125.261459159942,2.90954079199326,11.9314115324488,1.87735294196416,3,83.6033161029906,2.01344837595864,14.4031129200127,1.1335331415962
34.2791637701109,2.59965804978282,11.1559899496789,1.59330786602468,26,4.71597122733286,0.327714952287025,1.24370738595904,0.311616560835947
148.845192574249,1.40932820194599,8.42250244927618,2.74286672626832,4,80.7689604276337,1.73068325475049,8.63402433390362,1.31889012331844
28.1201963090648,2.75780580829492,6.12119582558216,1.56567436350281,21,82.7756694071003,2.60510460109783,14.300227101353,2.98279804717966
66.7770621832128,1.4349079832478,9.86580901248143,2.09604126209367,1,47.8147931093669,2.36585373072736,14.6823165171639,2.15916468049045
21.1318055323589,0.618448083048846,4.74993206590106,0.619286172240265,29,86.9125591040225,1.33054137393343,10.3114677605361,1.03392837153233
87.8598765892433,0.966403362440933,12.0606496207878,0.851220216853059,16,48.9383768997637,1.30716443825498,13.1702177411918,1.2776212446858
99.6979841643564,0.775711814729807,6.84353015132572,0.635615939115221,28,52.4781734229049,2.36194113329473,9.67569156944367,2.22223546339436
17.5681953648351,0.491799658296026,5.98249960772291,0.811535454463876,25,18.3044394558312,0.33036379376608,3.9424265315245,0.455452642298234
140.009769604361,2.40573163425643,10.8799347239325,2.39006663547755,1,18.453579949815,0.474965932621091,5.67902267029106,0.639886421736239
28.8266193213847,2.41484885905696,7.21976270302597,1.33760388890849,7,31.4235060809773,0.772171387820009,8.80349036064753,0.648033173655388
43.5166865526879,0.769552262673094,1.53729228541244,0.313509131800321,30,149.974098750962,2.72768744376941,15.3619449120259,2.4597186786637
57.1081785205918,0.776795844986216,0.881966245181804,0.331803325597709,21,15.2126315808279,0.399620755569828,10.2172324710419,0.875450247202808
88.3345295475286,2.87581415188376,11.413546839201,2.52735512927342,20,9.72835554355147,0.316761108336495,5.08334334535407,0.609096006271117
34.531625162041,0.866564979781968,4.32247496869722,0.643549325634077,3,24.9228453024704,0.526257932673116,12.7418518416099,0.89782735987016
51.6426022509179,1.10205150061031,8.98382166646963,2.82243257631269,18,40.0440850115585,2.91048547182617,10.2619686139942,1.15976405015689
32.2103424411623,1.10526071927391,6.36067679135259,1.88021744253992,23,23.3740389166878,2.09011335654804,7.25903384398644,1.29901689947693
24.3781052460268,1.94225013051118,6.67951713447739,2.29418562373651,17,44.1052327270964,1.81335227843656,7.52553511500557,2.25483341438321
68.0664215967654,1.91301181833494,5.73810818706544,2.35193798520877,4,50.6950203319192,0.938096770480525,3.98897948465953,0.464560989909562
46.0259597360933,0.798068104284304,5.23034627848163,0.429325479800816,1,43.1438865417026,0.537062326098452,8.10705189388627,0.626359754005256
103.389784220414,0.518264206951686,1.39409303843935,0.314272514784052,24,22.0030008677067,0.424280952965491,2.98712455297524,0.357125197212306
113.405553152426,1.3878214354968,16.6652920095019,1.63170401221073,10,80.7293100278401,0.815437064417138,8.35444780355713,0.858697743341076
132.241285342664,2.92187747337315,11.7122751989214,2.97263783418148,12,67.1083415495702,0.858384414419022,1.8467036811596,0.337997999950001
25.995640566996,1.32551716991054,8.76677694416479,1.94586147348294,18,101.394790167948,1.91174755655975,7.34286658365671,1.75602254451267
45.9182711238363,1.28565929955954,10.0004144324791,1.6899012791147,8,63.939430137271,1.91304022402113,5.98353945224574,1.45418019913024
177.182362930168,2.61068280430444,10.6134739544351,1.17100623529844,25,35.4649543987914,0.797742660125443,9.95731305304406,0.729954642328384
46.8807184242243,2.46834833523975,5.20622131525533,1.03275308374713,29,52.7732303660332,2.08804076700134,14.6386164873806,2.85405827168755
17.0069677091498,0.455508749541028,3.43966263059415,0.396203306346912,1,14.4454163608473,0.657301962233106,1.08150906486212,0.338909704275357
135.761568015419,0.593473638469323,13.3451689969152,0.939267405345179,12,95.5341979618537,2.7282139909857,13.0140080675166,2.02874473635011
54.2293549062913,0.964983435460988,6.2202761975184,0.836367821485623,22,58.0147827534461,0.85934074706682,7.80007790884773,0.655699679265375
203.30949037409,2.71736559173106,16.2909006209688,2.27231670650377,4,100.314963762168,1.246561473576,15.5653219968286,1.97816119664921
57.4367413035959,1.68845265975138,7.77858477411622,1.8783529648133,13,16.5723700643298,0.570985361584285,4.23138607110389,0.507304924962932
64.1613884337375,0.412187680505633,9.7134905707189,0.630298333587571,4,11.8293730091658,0.308927062022311,3.35974638754508,0.382547946677846
209.870782247189,0.817190607624996,9.29293803683974,0.599891927396913,19,53.1940502800924,2.23045264070601,11.5386822634108,1.9316404700727
42.2009695134693,2.6127894654552,5.65756594644978,1.6286916385627,25,60.7444131745463,0.870744149259703,5.36110487925433,0.696256065351123
53.2331804921109,0.657968229274143,1.74356679600677,0.318608896222092,4,79.5919037908722,0.437722325252676,13.2592574850789,0.930776681255299
5.68555029448898,0.346339053465298,7.73997411460924,0.902129021659726,2,36.2938416417558,1.57739099236897,9.22108562071795,2.13287569005135
54.1075571003642,0.457105310629777,1.26160979991057,0.327893564989866,29,14.7770116079914,0.660818059532073,1.43086534818032,0.384207904452039
29.1362413105768,0.932977991432099,1.64139592074512,0.402491021519756,11,18.1915046998866,0.877908868981307,4.21095010719692,0.613290423831593
24.9873680398467,2.58229419508472,6.43891973621607,1.37984496123135,4,67.9705025570039,0.437181209710293,5.43150922361421,0.513834262505747
49.0131242431725,2.6296512860281,14.0181408198655,2.97555399268067,10,50.1392191023451,0.97331562220334,6.91354632429264,0.869427519522342
40.0075717785954,2.20424841548785,11.3767733363633,1.89854753481095,5,27.3576903416809,2.87805305140366,6.75410525116285,1.01372110704156
34.2116613154264,0.723814369326426,4.27393704200197,0.402598684491394,16,85.3766388672615,0.799255187355011,9.79745699078196,0.919011334289465
22.1459797145025,0.595982062154226,4.87050215077599,0.822613119317757,1,39.5170689219293,0.864296825542956,6.54320238915955,0.925274789332871
82.0780906734826,0.673406598409293,1.54422137864942,0.309682284956764,21,25.8335322741921,0.596959212372814,11.3630089962598,0.82099128857458
86.2944537364255,0.637660675560117,7.50016537084443,0.896420597905421,17,152.381506021232,0.963381157921886,2.58688393416656,0.37765406557195
64.5481901690182,1.70686954086214,12.9731448247402,1.90446288539648,10,27.0438055763856,0.859451621673738,2.6367025411736,0.464812630916721
56.5689185292972,1.00252876760616,14.4031135786567,2.54342741883477,30,69.533250633231,1.84799711069049,14.079549067096,1.13817717064291
24.6914481798162,2.81882751568382,8.21808952356519,2.022602296893,17,53.7365343499126,0.904008549706239,5.66129273476791,0.461811606593279
85.408121957862,1.42514027395219,10.006872089166,1.77772644129087,30,30.7489122207616,0.521877634561251,2.13926451826663,0.444101412936151
49.7758011377,0.960037830054195,4.6527083431244,0.86197997574861,30,31.8999223092981,2.64811970476655,8.01916629006364,2.72709094001809
68.3352810905276,2.69174249669854,15.2737194159535,2.63575067145469,24,63.2756738461947,2.88119578988138,11.6186497225509,1.67827068527043
69.62209946917,2.88813109015588,9.95721568990324,2.5835862990143,27,33.8793885215611,0.830593544037449,7.4830445709746,0.688178343842844
40.6479600052961,2.30043177767974,11.9288444526691,1.6650382654597,17,239.596628333599,1.53810609690215,14.9396826030997,2.91581059393392
26.9707326912778,0.420879235520766,10.3036216883676,0.616905211638773,8,132.437549386394,2.74407342301096,15.5625364123041,2.18992558353331
121.997050070045,0.734380276494176,2.35722969190005,0.360602530520553,6,11.642168228677,0.367869221303372,10.9650350742365,0.974646306639694
49.7343788070149,1.22476628653939,12.7374079049302,1.83232091062677,26,56.1380704263815,2.34084704437279,10.6452036135604,2.22774752106373
21.834766720399,0.410700598246941,9.83610716450801,0.795292036961687,9,186.406821279811,1.5969006360175,11.9121820780922,2.78665099508181
130.971528033884,1.44503335906234,13.9345326281073,1.69601030831003,29,79.6559054473098,2.03379310075007,11.3258560048725,1.30356522428203
109.052892605938,2.94705539874346,14.6010101141679,1.9097533731458,29,28.2224382183482,0.379366578824784,8.2847228701866,0.620752659537557
122.539065062621,2.74616658550399,14.3935015919747,1.58203241925426,4,93.7833094125722,2.28812304325554,10.4848605869917,1.20687322136899
39.7841297149224,1.50386753766854,8.28568371475271,1.74331418820827,11,130.341465780839,2.41335057465169,14.3247070229711,1.39652283546236
34.2881610456177,0.774069903153342,10.0189299090859,0.802925285119299,23,49.1656710166171,2.44189008598413,7.02475717186757,1.51007157089267
69.3391296727788,0.678104819425742,4.39242990065735,0.487332374185898,1,41.9952098238753,2.47164942949594,7.13823263408836,1.84176864398939
21.5791113662212,2.43841146058362,6.67654215170492,1.92568578456101,20,174.725932915884,0.763211610696193,11.9348594781546,0.94603567001659
58.4409347024717,2.6434696148134,16.2653028018842,1.50265087236619,7,61.3847452249023,0.650478476409888,12.3024066227638,0.969242292878524
50.3778809643349,0.837600391990384,4.1941333793733,0.427855085222514,13,57.2841081138568,2.86539531666654,9.83314208535693,1.07265134999645
23.3945326756119,0.53548340093285,9.26941429050664,0.719554104400855,20,267.435154183069,1.38998767463279,15.464447074188,1.77295099172633
158.354503719851,0.953178017705846,13.0110757355427,0.852804232928551,16,109.42666009237,1.77747550983797,9.10197789894649,1.9775872714631
10.1721267943622,0.311722320234346,6.22975859070493,0.509311855089157,12,46.3776121782147,0.679428332291387,8.4418211895385,0.67646062025109
24.9177028524965,0.840233703481963,2.85472866557457,0.490164137400384,5,92.5044879308173,0.873030175034934,7.54809573472708,0.802081379222998
77.5681832413272,1.72284914402658,8.58672573908865,1.73119602581018,5,43.8291460568247,0.934245916396964,11.8800295237797,0.768551155946033
45.0598841016773,0.784635117207975,9.73174224151099,0.953160215851494,3,53.9558391524145,1.15033576824332,9.91732088970387,2.81096758536319
88.9842566878981,0.877284742209082,7.46948037317991,0.584313024124599,2,37.0176846238538,0.407549341837527,10.2422068586859,0.890931469324785
73.2838838945354,0.93864876914532,10.031318853411,0.635891390303265,29,82.5078541902174,0.747977853130916,9.31282617553021,0.973723159476816
98.9266860420795,1.26154359486889,8.65811887584458,1.37667988826608,27,17.6862004828567,0.471301590710608,5.48365836771837,0.592140837976656
34.5947547925151,0.550704836939629,5.27150992365324,0.599228693540097,29,37.8451812935529,0.789228891195055,9.92941367356673,0.626176316739172
76.0147500855252,1.88398079257954,16.5554643120799,1.73658575884886,13,77.3119034882512,1.03273254428391,11.1846739088436,1.73865810476583
21.4997507426726,2.45111584701596,6.33486234358479,1.88780995324048,5,33.968034533417,0.639524987637853,3.47927896912085,0.542243662104922
15.9971797037229,0.587387460438446,1.46368907052788,0.356823599935063,9,33.2549098905025,0.364415526303716,6.38691410953889,0.4878661424831
24.2814866768511,0.805538871760412,3.56015525194911,0.518007478465275,7,29.971144007245,0.495844626891719,8.02938579014456,0.966042445253548
72.9497532647712,0.515374540034524,4.74503638936021,0.448690037564111,16,53.5177376073435,0.463460760646077,7.60293957917031,0.797360974330822
64.1182348891929,0.525802910378687,7.72544833031738,0.83065312432053,16,103.163956684736,0.929064925877244,10.8437414598423,0.995415021706526
25.2587287346365,0.442774319737541,11.2024255814031,0.997969980481011,20,91.8578715743985,0.507706746743189,6.75953861080764,0.518719181920284
54.4025334763222,0.761090976873339,10.4756217192269,0.980994022153979,2,49.3479677816522,0.657415901263029,11.9229022247365,0.897062916821617
53.2934518193467,2.01155968044634,12.2048143882359,2.09950779006269,27,35.177168512989,0.928403717377961,3.35062219253787,0.572926267815194
134.791104377056,1.82534815451121,11.8342181805794,1.26055882534781,4,71.8515088610065,2.84982261509492,6.17836714381408,1.52737737932029
25.9374019716694,0.702978620290706,4.88695564002318,0.607136897545063,16,76.8431676631774,1.27097900586188,16.2572233697578,2.56679968895115
27.2387082849886,0.829214672671347,5.91238784348854,0.738507412999255,5,38.5362188981556,1.92172488840285,9.28323711230514,2.50401603349839
26.2521714918172,0.537970563688819,4.09702359887014,0.665644436687509,21,33.1016476215861,1.54311898866994,9.27764391392718,1.08207271519798
195.755073667369,0.858695929247976,6.22568797419404,0.471916581299689,25,34.7830504258025,1.41298819662721,11.8296517237754,2.67139889629749
50.5845452592383,1.1041912474076,8.47536709827819,2.50407571965691,11,9.25286808677625,0.387710823490352,7.98746163367576,0.97357737696404
108.606208403504,0.487420032188077,10.3904883361189,0.722062282034605,10,42.4006347121834,0.745755532316302,4.21887452346458,0.742062366142531
34.816556668301,0.716482270243816,3.26171473278926,0.415472511575291,10,179.727555474496,1.20992040286641,12.988588736868,2.33832203795592
33.0168232870188,1.65428517175541,8.01821604072584,1.4368958042137,12,20.3360720130653,0.683835408948406,4.81766269381335,0.583182343474889
68.5868685048091,2.36579354821728,8.06736877842087,2.1432211241979,11,56.6716837076091,1.32606334001503,12.5878467197805,1.68551868688566
56.8666569307944,0.544419826389951,4.69637352142586,0.413351269528286,25,73.1105710764457,2.49054846568078,13.9259047221835,1.10231605347377
91.161003312527,0.969161235694976,6.28489686682492,0.496995298647011,17,19.1105537031661,2.60114315213204,5.4967835849739,1.03118562553692
48.6098363601008,0.821641146115,1.95546208206817,0.31829510810954,5,53.5341154004099,1.05430438794817,12.7203829729573,1.21022244929009
68.4386493550103,2.50527104383056,13.8594040685358,1.51991631886019,14,35.1316254275607,2.19537135837234,10.5277261257167,2.25206660802848
52.0561609431115,1.23286318639413,14.6849063480687,1.69981655911423,22,68.6393898398073,1.53608131290637,13.3319260592625,1.22080270128461
116.475889786224,2.0448245372363,13.9106953746578,1.62005536022873,29,25.0285205951191,0.375232409298645,10.0238384880595,0.732372860505193
24.2082440239661,1.76236837636812,7.28690979944851,2.10212585292167,6,27.5905259474234,0.422027586498066,13.1606910831117,0.815657960975237
42.4692046109548,0.883140875384504,7.75945222659977,0.509645673382928,30,20.8558358561701,1.02721815582706,7.20559007300944,1.20251470012355
53.2935415496081,2.17021506325059,9.80545854074168,2.45524206552751,17,77.8092430658847,0.517551565195178,6.65333031794004,0.550434669050649
42.8899746948085,0.70678966619588,9.28621766086637,0.976993478916233,6,29.6564418641979,2.2043823764893,8.72149080606196,2.48869745176183
44.9240019909477,2.20653210263595,6.92858369396005,1.6707223976909,11,28.0736708823967,1.28937956707963,5.80510541554151,2.78782343506991
18.1970972163303,0.443677719544243,4.16350703012786,0.596832273944246,26,34.0188846121319,0.71372862167777,7.20215131053842,0.747304425363035
129.634198858387,2.97281718301696,6.87129735510771,2.62972126539819,10,41.336659076559,1.2276125913742,11.7068522319601,2.74029477554323
94.7364422625864,0.827345890524532,7.18677909662533,0.953077890009885,7,92.916541888391,0.582215847364583,10.2582118694132,0.713720621405197
102.277354795412,0.734290118006255,3.04234088369471,0.352869946563686,16,19.9702678653908,0.471543027675152,3.74826862658284,0.403375148858801
28.7630301022088,2.86083180496109,7.89262015829315,2.53674107496103,3,18.5836032861952,1.59923056554107,5.28367294582972,1.08234294854162
56.9247961832615,2.77596424046674,14.9379051259919,1.81802927603414,3,134.795151914529,1.56426797099402,12.8063956314439,2.95854757519876
37.8242350308095,0.872959159487232,8.77325680170503,0.797059776095156,23,24.934157159524,1.34763125603302,5.78831192881964,1.08606102517251
146.907421026357,1.34844050902251,14.2525865126062,2.70961682853425,26,207.102978575263,1.77085154051218,14.5343920778837,2.59720187037011
88.4103047633235,2.41712889977678,11.1397986568189,2.22046242102579,7,85.7592931573552,1.44884944536188,7.81037458510971,1.25333978893217
67.2604429789556,2.12551719275957,7.43112676384864,2.33130822080002,3,52.332072920237,1.61930052913181,16.6948694535387,1.64928400173299
35.2365564858087,1.72444293665285,10.6180296257929,2.25448069352977,21,8.97901370778644,0.389301856413723,1.4292027383962,0.332630475206255
101.801121307874,0.801798333117857,12.0407456838004,0.777798341538057,5,21.5787958017675,0.984881693636062,5.33146874573079,0.917596357206586
62.15887815876,1.80523130151656,13.3760865566555,1.31435907771202,17,23.99431587823,0.570364333270274,4.50582364873283,0.537403801557402
18.3664523054785,0.868442528831649,3.68560560115953,0.571382066828081,2,83.8769524279732,2.10202107206839,14.3367210497962,1.23787552516674
85.2213241760772,1.1792464090826,13.1364899081055,2.47269856804451,17,44.3173190873779,1.38307590799186,11.8702414329754,2.79602372018555
87.4501033630062,2.7591556479437,8.19383502452461,1.23824236713346,11,66.638450460533,1.78960792935452,13.8871756637472,2.54336601997749
30.4660845523925,0.460816058194926,7.15326018252663,0.685753414904611,2,48.160749391488,2.21943855547868,9.06773194873187,2.97940805729302
14.3246502231338,0.371737973869191,8.65466271110735,0.826575044777189,11,19.7561027577372,0.410985581883065,5.5429072873869,0.583519480874497
54.1827694757086,1.78573744987833,9.30810062824773,1.12680168212631,13,93.3424193627927,1.98730653151972,7.57194720411033,1.17117533288702
104.151314584674,1.46755628577527,7.38527962513371,2.52529258081246,8,31.644175475492,0.998722456542512,1.58537221969592,0.382064815425897
102.509900520806,2.7975106472957,11.7663125892479,2.10275726339643,18,66.2420747611785,1.76793518369414,16.0380319519841,1.24465611480804
34.1336011694836,0.870008028163554,5.24451965705999,0.544269784824762,22,2.57330397091098,0.32791621486922,3.42958687380498,0.577000636825078
96.6930647406986,2.19918381682876,10.635824180638,1.97406948753171,6,45.4087661497394,0.51874013738149,8.47373701127887,0.700102938460779
37.9464782547764,0.70330058253472,5.39502959325271,0.587678370429525,26,20.9649263448941,1.21697163500735,5.76963927314581,2.41191042272027
47.9357699900499,2.22614713866693,11.9616521509511,2.83454185778745,13,182.88316350218,0.975286414668234,10.9535397062442,0.688751977627359
59.0511127997059,0.893508453838434,13.3915258600588,0.835798393242113,9,156.599010236353,2.01005233860233,14.0697713097079,2.55060524088348
54.0232901446707,1.54892986468384,14.4057841649393,2.38722596024794,20,57.5341884478411,2.61092069524019,13.7288531987206,2.99554833668351
57.4356211541247,0.551336335002062,2.34709808544815,0.37320729699525,14,48.9392336955475,2.48564090259739,11.2552600875785,1.7998208814187
28.7592095453685,1.06110162602936,7.7022138741368,1.89705243355182,4,124.186351291075,2.74717981442205,15.7194548955244,2.99479655365272
21.2150676537004,0.563727480410229,2.18183333795529,0.451472492914333,17,109.620923886416,2.62374684038513,11.3441329703364,1.53055073539056
102.955575755409,1.67651811198202,9.49402080304185,1.64756278270877,10,61.5934610290308,1.57585559427466,9.24085927781589,2.95602618223551
4.71961255877702,0.325042480751029,5.20846665423395,0.967212631784731,11,30.2625940914164,0.747019100687474,5.29202187210776,0.922721958166511
44.5268099569869,0.706700424780864,5.17533423435005,0.846581497633012,2,156.758737135795,2.28504111894207,15.7161777126013,1.97565103458342
46.4477898785027,2.48228888498085,10.7202891710618,1.17517528378342,11,39.182745956432,0.457002250197133,11.369396201185,0.954013838071646
99.7588612639132,1.3817714498892,15.1655047572177,2.85823138568416,19,89.6380672844403,1.32006664970604,8.78245518896266,1.34695091199782
61.4453414154621,1.61603058282379,15.2425549387881,1.45531230375584,27,33.2557689561218,0.934380012103477,0.632999391181435,0.305233224309314
66.7924405363576,0.889767865337025,6.5314621242506,0.944306810234042,14,172.566944166003,2.33447296793891,9.76733552022403,1.4145653972875
16.4976297475703,0.606959361947151,4.50297707824046,0.554184843348876,9,162.311543710811,1.15850600131663,15.5935991833864,2.71936096071357
152.365214129198,0.910700047014208,3.26423836325998,0.386147996996577,22,25.6533219180159,0.500486831380554,5.35725139174611,0.55396104919395
29.591589850302,0.623348557039495,10.9091153552544,0.705732877129214,22,13.468879318675,0.460867426546222,6.63109703324027,0.601321928402777
35.3708699407734,2.99708687995951,10.6098440324278,1.45642054649852,8,26.2330161131483,0.47194000148881,5.05851918470553,0.952683429457462
19.7572284013123,0.618586868514842,5.74569298102031,0.674564932879347,6,202.649479775112,2.88976661421161,13.0559942833818,2.20340695899552
95.141627877172,2.92797403227499,13.3619791247302,2.21271377216389,12,62.3589000199277,0.813654755938426,13.0307448684395,0.890797505061243
14.2348671549611,0.507413523357305,1.9068256635156,0.427814190980361,27,30.7660536644886,0.38125708751626,12.8097837005653,0.775232864437348
133.954154919018,2.76821281063971,8.00124313556821,2.24119578389046,7,159.889573868003,1.60890727026244,13.5576629060521,2.88870634278691
131.366805477957,2.56975729250888,13.1261429286593,2.02212112450107,13,132.621421587637,2.62456345297084,11.9400965710442,1.33036458359823
46.7714927265654,2.10685928703787,8.70660266151993,2.92423881832858,14,103.635014862649,0.642987420836286,9.33016711916286,0.649636677286709
28.0568899995285,0.634305417437167,2.96531402778933,0.529206587781685,16,31.8804372719002,0.824279017983366,8.64706226226091,0.670979608492088
67.8891882319142,0.719267677654772,5.1964392030431,0.755675941529251,14,84.0337798463578,1.66352422334873,12.2601512439034,2.14840225965554
48.9980190140447,0.860940326060574,3.95867049076562,0.438127563234693,10,107.552692525843,0.661863219022755,10.1210931820037,0.674213319920759
62.0960724118932,0.508050634569352,14.4345787672881,0.947310654521017,8,209.437629351831,0.810665235159209,3.69308254922835,0.377628607110506
30.6257884239424,0.908821067419986,10.0093673792044,0.926159093570621,11,96.5461599049217,1.04031152343381,7.33858447078654,2.84927138313017
64.5478145384617,1.66958143682052,7.79647772590678,2.99340142595716,24,35.8018477327383,2.50751857014723,6.32414331740484,2.50402691304218
11.3999975711011,0.397305003365577,5.94920974844928,0.502563855913319,12,33.7555748097375,0.959783116683883,3.43900415545519,0.429362944065517
60.3401640965205,0.650849355336867,11.1911112203316,0.764596410203634,3,46.1014544117193,0.771985616903162,6.59499904204102,0.63832829835511
50.856402585785,1.13984240839389,16.7913759938293,2.89008718937152,5,148.935540806345,0.85632374745385,5.21140937080455,0.490737742148184
74.5232674501031,0.868125664899187,5.10066864740139,0.852070571202959,7,137.196372025683,0.680723714780336,10.9471155414432,0.756662694418801
31.2321475941064,1.93417931483024,8.69076221280294,1.70651695954016,22,42.335471440377,0.823481052672233,5.57652892874945,0.575074223223515
138.870618620212,1.35619445530417,7.35771987869185,1.38481305263086,19,23.4694840449222,1.21493152521551,7.14760302574931,1.5950580179219
33.0215319405621,0.751632758178659,4.27828088181547,0.623770004513125,9,36.8198567260387,0.628463349221941,9.61090844939513,0.59717820924498
28.6640357151253,0.711881398488487,1.41641151799089,0.309606881077074,20,153.564958339313,0.904183566524912,9.80819000907966,0.678103526888516
27.1199122944538,0.581311757337533,4.31654967893198,0.46064186257508,25,22.696440466638,2.10856318726992,6.46123778980164,2.8960109794029
15.2004382765906,0.436747006878655,4.88817374757699,0.705439151348488,10,23.4432391005572,2.91430035417788,6.50924305073082,2.8047884785781
7.69481848887371,0.363673934241541,1.49431396135162,0.327407169669524,7,10.5221244922724,0.43676898366639,6.03439573524829,0.782272158666693
59.0346288047085,0.469924246812472,12.5238521042645,0.924168266118154,7,38.0672845555769,0.534781550820028,2.95660059035501,0.400993334152209
77.8357902076885,2.41882228251806,11.0950757154994,1.02658248182318,7,47.5190253123292,1.76736379171223,12.3438919532276,1.43900322771505
137.694362262417,2.1489839644461,15.0989464653338,1.67777115056414,20,69.2765858462531,1.11023283710741,9.39656299859538,1.86525948331043
90.6888243229999,2.73051712616065,12.2874214832486,1.43895384625506,15,38.1325392320937,0.706109429079669,2.83123999874452,0.481708800775438
35.8659607917944,0.485364829674789,9.05511559463752,0.913797833654338,17,106.064634901162,0.827087337199246,12.8007041675641,0.80509132332682
27.9983863553216,1.61229869682551,6.42407633194254,2.70198634405051,15,59.9333407349609,0.944772556623405,6.95398369361879,0.60398390714641
63.7785704969205,2.00135919813246,15.240426947,2.63308998211262,26,22.5007139055734,1.92148515187103,6.30293390527304,1.73441541981869
95.722170368894,2.46763382422263,13.5984095924098,1.47251376460453,19,39.1371068058339,0.647313316124721,4.97332714794754,0.87659454964343
85.9260504427207,0.943158997014836,6.2616084592171,0.509509593913155,20,129.887717981434,1.10310005526453,16.8564524008007,2.67164923554208
34.3955107318871,1.28571502386439,11.1495709839063,1.62823228986157,27,44.8333802346773,1.07120167083252,7.29579582869103,2.56375780846792
42.2316034038343,1.38919924870659,9.95449817404221,1.1953480591152,7,121.195586996122,1.47769943770757,15.042266619802,2.89716686320355
69.7117877949055,1.74796612688905,12.3513583813772,1.03604044959246,26,85.6577196243145,2.34423134192452,15.6049114849996,2.81826299895654
78.1208243950343,0.53102646645363,4.13024150000538,0.451184211476732,22,19.9566939144113,2.43712911702144,5.90027567021522,2.33710694933423
35.5289377728999,0.983091075160921,6.41590675290776,0.846770558035983,14,11.9283751776478,0.332516465376639,7.07467456886662,0.564069134084008
46.8880580544316,0.953249614521734,5.35981157457814,0.442356499862761,11,50.9354783022706,0.829772887210581,2.55649781028798,0.380652131367511
25.909936666514,1.8926345277313,7.04892218459199,1.4711633583099,1,104.513556828657,0.833368985424393,12.2984512912183,0.87455544131158
134.448872748893,1.81988906980757,12.4901264514156,1.01948390406168,19,91.155999668338,2.46562320826246,16.7176862039341,1.71472504601276
43.9896068177242,1.49018614652214,7.90647399213376,2.17977524382896,28,37.362782595842,1.78749908628437,6.80100384784436,2.78541768116174
58.8556784867451,2.56277980488818,13.3667658565102,1.65854113017796,15,66.9012929958344,2.71276128322113,11.6860885346995,2.04720952294005
132.750196641672,0.828290329310391,2.69813161938579,0.34503952840903,21,166.55215278535,0.603132306812051,13.9817063627109,0.990395393514644
11.1274685573419,0.428770952405713,3.77928589936921,0.58969631489009,21,22.7914160413578,0.770626865544132,2.83812226472884,0.499973819508699
98.2658480495784,1.06562411819685,7.88167300118611,2.71395055892321,30,21.1996152489786,0.356983108023464,8.72660981763905,0.569296473821784
57.9068438415209,1.72125262624812,12.4276494920657,2.62749208622435,2,46.578709197394,0.532328989525748,8.88396559760363,0.648755246210337
101.444351525803,2.99581139650619,10.9334757148038,2.25191558147315,3,34.0460768901711,2.31748231590264,7.02671481143016,2.67721695472496
75.9557113738705,2.41476593735475,8.60810538467258,1.04262674335291,4,100.171182559409,0.623293843683507,14.5166954624857,0.934793527289414
50.9149497672662,2.13527118172102,14.8077969142044,2.93867987700442,3,46.5027115355015,2.33246117222271,12.7230908114177,2.01083291438941
30.4818102643975,1.50362763314768,9.3596850721978,2.12802730168236,19,43.2195075728056,2.34413025193829,5.68664754347649,1.60355182484146
22.9338075564344,0.80146475965431,3.90741583583843,0.633144332710362,20,34.6672984887424,0.633102709567588,7.47752089265805,0.565968662922885
28.8580410604693,0.987689112555448,7.72825682603673,0.938574816597117,13,50.9348534506132,0.82694644401491,9.84804556288235,0.733404565497492
51.9628476508406,0.846261498483635,6.17677474803201,0.474735050157012,11,58.0439233944504,2.60376693387582,6.87058880483568,2.38047353769569
20.4768865088415,0.405111573357502,8.66543770037818,0.703649811834497,2,89.2635264924564,0.767737725410028,6.51387960339595,0.656971280538484
49.9312478374368,0.992317764367409,6.19873635416956,0.659763459614707,1,11.1079166254435,0.473744995882143,5.05381793026921,0.879820847259918
93.2374906492682,1.74191747608968,7.4765639134776,1.84717492085547,25,31.9580258254321,0.763215141635621,10.8039753642453,0.935614759962493
9.65401031290223,0.359739892842935,10.8907543401068,0.783889729362351,6,148.155117419408,2.63855928744614,7.56844590924173,1.18947262961415
43.1743148353043,1.01557047654564,15.0429560643839,2.52196518873409,16,93.3300273555065,1.7007653106574,10.1212632080715,2.60646630490242
22.613695994436,0.778627283667158,5.93301641926506,0.814873378137832,29,58.3002439311256,0.488266465775615,11.2840896831317,0.863033998060257
57.4283856415321,1.70022998207479,16.0115508794477,1.35551639569125,8,60.1264984301076,2.7981942166533,7.91675959700356,1.18838630781711
51.1523663353237,2.61766034177031,15.9202250375782,2.11639660757594,21,41.2165283465886,0.754438078830578,6.75868966677908,0.565199038560275
15.5909001601,0.406584051671313,4.97397453941234,0.475946995217862,8,31.811801455947,0.443665432555582,7.46835096056928,0.805336718681433
63.8888004069254,2.21544305865352,13.1483823057032,1.0296719430708,6,34.462276182923,2.23118618591349,8.7883362470416,1.50068973052477
42.7721278169955,0.904333707494496,3.55173803086927,0.4781827481519,23,39.8515695942662,0.468932791470618,5.18415269637205,0.478554330796035
41.2893973052494,0.518960317955575,10.1199675787166,0.834985216915322,5,164.287030092057,0.884633156127683,8.41035671940719,0.6946155528191
54.7531782679992,1.98021128930557,7.28362513024841,2.19194540306778,30,81.5016411495525,2.54794214174834,6.41603854907431,1.87156301121069
8.70782223937747,0.377199975012759,8.38984453980969,0.817119827684561,25,40.3645084259234,1.53550014685481,7.95613310038109,1.89670717262225
136.137811381412,0.762895926557832,7.960838897686,0.764159679348067,21,161.920782567046,2.72546567938036,9.75274200988826,2.66846595546435
43.8881063887852,1.47572000717782,11.5913726679862,2.07604956277736,9,68.0143023796763,2.39424286030037,8.86028107170455,1.7362075933572
61.043471810337,2.66017974689073,8.49858225015414,2.98140236689588,12,59.3306498035132,2.75352074026484,12.7103525896954,2.31390420316599
6.36979333998831,0.333961647022846,2.24016743955388,0.348723486638858,30,15.1979522795523,0.772773789469263,2.96509197836948,0.504082435227551
68.5733577416317,1.88045502235513,14.6889880473433,2.57043818263749,13,53.645357795837,2.8219518115287,12.558332582422,2.74961180481416
11.4117433762692,0.437947361621936,5.1771453391765,0.525708721016942,10,127.171447266253,0.829359033508023,9.353449746089,0.626344017679349
58.8441423694225,1.71617151866725,15.7361748237022,2.7752750546569,28,26.204989929089,0.374778261709521,10.1502542363864,0.72471231488463
70.3594382513732,2.88312751434505,15.4876384620041,1.73144657902913,12,40.8896056452128,2.73597997568693,11.0582755044134,2.7945650825363
47.4763115030358,2.37905573329455,11.5570812300542,1.64480315063424,19,66.715627073748,1.15193410544987,14.4674787668882,1.10841580427031
162.615041704137,1.18965484750705,9.31722970084062,1.21063092270105,18,38.4864234181763,2.77286850465222,8.36666643207445,2.56498261956141
64.486530016457,1.3221331245097,13.7687164492639,1.04456104188605,5,90.6663657546519,2.28642878739413,13.9389923113546,1.67265908491277
35.9616206807357,0.992720010674444,8.42570695521515,0.632961213978889,4,65.9855109725126,0.824006157348929,4.81325204647968,0.650819509851385
62.4835445963726,0.90204333286787,10.1515073639928,0.706208495838765,23,91.6354500237818,2.14598256832883,15.9967096510417,1.50262369024963
42.5392213471556,2.24187842826969,9.03707597061641,1.40542766922439,19,69.7918894765447,2.99726675972803,11.7278916136063,2.63490876679452
235.164114633629,2.8819895274313,11.7489084269163,1.15042419110992,23,79.0516245738137,2.3025432139147,13.6059993164117,2.37699042220029
49.038837431033,0.748525053405618,6.51370979565318,0.867717982576814,18,224.372545363273,2.97733080333221,12.74009583156,2.17718460815449
51.0871604405752,2.38983477767479,5.63775793756165,1.06282417820524,16,33.0813829523196,2.70291632636478,9.40502670137009,2.26560579334678
32.1737175715539,0.621406104711249,3.47679995418463,0.620425182712121,23,13.7567534034055,0.530642677720247,4.68797951590591,0.83307966925334
68.3818390801138,0.607187252108762,3.31897422087337,0.531328041341203,17,8.85456378743492,0.334326080595008,6.01623792900464,0.788220024363407
38.0033159907756,2.90892200016681,8.81232659411615,2.48066981984025,27,25.6188525374784,2.48166134955413,5.06361442029203,1.01186026817591
57.0367431953243,0.544058320929845,2.96408138780672,0.371300503149353,20,93.3445225119326,0.627098329634861,12.6058100096441,0.934088643113004
17.2402122415575,0.402157417250753,11.0460427374042,0.688520290932765,10,13.6390454623732,0.403685440687718,4.90057903945881,0.946260392798675
45.6018509011227,1.23296446837149,8.5081180049859,2.47186255229162,3,49.0156743743818,1.12155251598281,11.2412227913101,1.61562147758066
99.7065397344047,2.67969109559562,13.4127064829201,2.04919589751324,14,65.4992986993735,2.02177453898523,11.7598379521889,2.78061202950319
18.033429883377,0.358489826435119,10.5503097099832,0.872991455903418,6,189.110092700333,1.18132219987219,12.8966001489326,2.55244272224276
62.2062293355846,0.542677627486109,7.25839308161615,0.760361141443452,27,110.872387902962,2.64627256358582,13.7546001206045,1.78160682185881
135.83161666369,2.02624360609117,13.366727197688,2.01930440617959,13,38.6865492118632,0.934939918607023,7.50284135473325,0.995143424920203
41.0782709580653,2.47375865545049,8.46559437132872,1.85734693339653,1,69.8373697600082,2.09489431183969,6.85546957662361,2.70019899000627
18.9692640408379,0.455776551624417,5.62467970253616,0.467639370654628,5,253.942007037894,1.97025252908024,15.6195784249332,2.31199134816487
18.2580674038536,0.318366585132596,3.43821587409973,0.423414679308591,9,45.0275792834051,1.61114509686443,12.0926040079697,2.32791042290815
49.4645024983448,0.961590007766517,5.4789881681813,0.871319797700661,24,17.8334370984501,0.829120093549643,1.10441339189946,0.340190878554097
57.9967169325157,0.809391329622761,6.38113076707468,0.541070803804195,26,30.9109773304043,0.921920637758716,0.824451093991117,0.332185538145578
18.7677334780443,0.376503938068561,11.9893473260147,0.925043297124486,11,44.6849810997405,2.00968635863333,5.89945784769254,2.12414436055017
45.3897869576976,1.08193234204831,11.7162279905894,1.37450380695899,18,67.578483783505,0.652600361784278,2.73436097854894,0.383937220268645
195.165444831761,1.53943324098054,13.1020353976223,1.04565942362943,29,69.8290177630702,0.402723156650031,12.7362812886985,0.94982086892805
18.4682919331065,0.511520727615924,7.51453748553842,0.641826931939732,7,28.1628019324459,2.51164419928778,7.8838896087539,1.07606184021078
136.644373124143,0.790824841980869,11.996377429451,0.844807286942643,16,53.9632520712051,2.38468444971799,13.7439965575808,2.32496510264236
27.5629098639923,0.374295832003611,6.94295596175207,0.486994863296802,4,120.53550095869,1.44987230871094,12.8087622835248,1.7818032387608
143.38445402277,2.37689517464869,14.2055568398088,2.45484840448581,23,109.915803838669,1.11070269071429,11.7555487073438,2.16646970633062
40.8291048243946,0.823484132270568,4.52883204436857,0.538816917788334,21,17.3747347874489,0.713260844691661,4.75397532198652,0.757138789433443
77.1983840394118,0.838136395784942,9.92536773833805,0.959181820577057,27,30.5037807767465,2.08189382137871,7.44156865589291,2.0683795661504
22.4655909186602,0.723213850347647,4.94243836441296,0.781162067609416,12,6.24626575399461,0.361507596275636,4.32567384909084,0.582906561249819
63.0679392222352,0.803877846997836,8.07008884517252,0.602848179776772,26,39.4868475962138,1.89995108937732,9.06321538674411,2.1465090390218
22.8907482854085,1.62936929368962,5.77258940758584,1.42452271041552,8,80.2406551563444,2.72006395764846,11.0913997280631,2.74574276940032
23.3855155808268,0.94509045963771,5.48518366032208,0.691717101243216,21,68.2257511821634,2.73086452461967,10.6094908309866,1.79435710819441
57.9342040558229,2.46710465462446,13.6083526991816,1.82746860332833,17,32.8438866035908,2.0953980904371,8.56387043151288,1.20929375467121
7.93981434908752,0.480907984091326,5.0703682459895,0.857720437112514,22,41.1444426273078,1.28902150301007,10.1786785174861,2.51587099538435
79.1081387816648,0.656536607812098,2.88604040730345,0.407663953473928,12,55.0038873167571,2.47504505570191,9.04948484193005,1.28729946168463
96.7880769485078,0.640742026364375,2.63915415684393,0.342880045659711,24,51.6866930964337,1.66083551818549,6.42897582071457,1.09681365201754
14.4941905211194,0.534172655623595,5.78518314492808,0.709358856004283,23,32.7452011950431,1.43953394378087,7.48872088274984,2.37125055213771
36.9634463828018,2.2369224588924,6.11166655472221,2.82461903830408,21,39.8727037532243,1.08770193328032,12.8057178143788,1.67805082733681
39.1628575612622,1.06160633166329,11.0403818718976,1.67121922808384,3,7.80147714599315,0.326840038722371,3.90350577253952,0.384862312551417
65.3118478533558,1.16271945667666,6.16556188840478,2.73738066388117,12,42.0240121531273,0.849580480588613,2.77777916241299,0.415214694695342
26.2470153761052,0.509393380455033,6.87132014330781,0.521058179028668,6,187.682006972787,0.995265235024753,7.89399977022368,0.549540856545661
55.1023090598134,0.785267520211074,6.97274808819926,0.831911266986155,4,15.148426093691,0.504089391490971,5.40396387913065,0.547919215236209
98.340053229524,0.737588781337704,10.576905795202,0.680324597262076,5,14.0251141046812,0.394062906240639,10.4472256232271,0.708300690730791
73.5263090941148,0.788303486503737,3.29315416468553,0.379078094235587,8,120.949151027585,2.42605075075825,10.6642942611377,1.66387929154879
127.453741274649,1.06993281129613,12.7934448868433,1.09752166062281,9,27.1117646293618,0.861683447538508,5.31929839730511,0.615643145015883
11.7539215894137,0.387688395714705,4.33756594381699,0.452339892360419,28,155.124358313155,1.07979807174199,9.11855374322734,2.61886971337429
123.635177666132,0.592036088237481,10.150337647657,0.728861265606081,7,105.446825285087,0.478756794307222,12.2345936502308,0.877249478338414
25.8110300576914,0.418657737860806,4.19696812096915,0.693446016903911,2,52.5562997869662,0.708202391481048,7.57149014126443,0.981087549944844
36.1962766974142,0.562713785235961,9.9140988827995,0.966722224971534,13,39.8113225536268,0.720243899558849,2.96329645634057,0.446196754319316
47.066814650077,1.94370854603091,13.5307814056132,2.52705119692546,3,135.720321978249,0.688578786601799,12.3503110649756,0.905516504049577
48.2486333947045,1.09006418995893,6.67324992113722,1.83566092737389,21,47.6696046672687,1.71093201628414,10.3759259938436,1.74076765469086
120.813631520955,0.611251632631726,7.25115743607714,0.548053082748065,27,6.53619459632671,0.362848979281698,2.66561020862077,0.50806748659014
77.8456395409061,0.991974668021375,2.67034675016641,0.395825658165452,5,31.9936624695411,0.936164487812202,1.16842728627445,0.300303841508931
21.3334263566192,0.477934259920279,11.8558465327912,0.816623684992686,10,23.1673314760275,1.39389044756849,7.30211795442684,1.7413551486358
212.318691210033,2.84728027833942,13.0301039579971,1.39905709888022,22,53.3976219195997,0.809226178408787,3.76728314929926,0.457647624095857
24.1515068395608,0.770062368968873,7.08195277514047,0.701309169353941,12,53.2625310949285,0.723709673589409,11.1301719049159,0.792962080436331
29.3637549167217,1.34872495421624,7.42299898655504,1.32392303809292,28,69.5848571000975,1.95645320695569,6.29787965638014,2.42974374623966
108.179471637115,0.611253416024979,7.97652900249323,0.659131703944016,16,30.6667766592253,2.39614659921422,7.71708714426577,2.27895213459689
30.8383630416028,0.636338996393836,1.1838312163106,0.30421064574376,25,70.6631885526137,0.871694618573863,8.73578694133632,0.848934439999296
36.6454773863138,0.630295249297274,4.85545208998428,0.512761414503618,28,71.5008355559451,1.67494602521815,14.0012887033169,2.29042512968704
89.960687770903,1.13898438374125,16.7570592988103,1.95704657162265,21,88.9962413941154,0.782896782781403,5.69378958027648,0.510364561061814
24.7811901761509,0.381914486349786,7.94041961130102,0.740779570699881,5,61.1847839584904,0.742692968902607,7.2238216367566,0.853701214689047
82.3540176899634,1.07065309676801,11.0641591077966,1.84535287843227,28,63.484673783123,0.679689217270922,7.8405596728385,0.635129706392781
44.5714243806618,1.96213039633667,12.1720738810111,2.25125987806492,25,140.226202511896,2.53669401542331,14.8935326278355,2.93822642024904
40.21240933087,0.954241712396011,2.81818293561858,0.510228774836728,18,120.064841342298,0.628294952827174,2.0830446683051,0.361490809562551
41.1665445344441,0.739281231883785,6.26772550930469,0.62396333190767,4,33.2707564858792,0.852002862157386,5.51100456555272,0.514292033472955
29.6295963500798,2.76692863342469,5.66574468461336,1.34721222606881,20,47.2454501562068,1.50193893991794,9.89758142813229,1.59371994618752
67.2927468408294,1.78223743263626,10.9908371613996,1.62598518934506,13,54.3682790577837,1.35618290278987,14.2165546299402,1.25121894562915
33.7608386177065,2.6544212294726,10.731925791152,2.40420690923794,14,17.9988389391289,0.90447656292648,1.56296590069254,0.39606588860173
12.8123284276906,0.455383556599373,5.74569549766826,0.827999265703918,7,40.1169073006803,2.66588393895621,9.80807374181957,2.73332536855782
23.9084735702954,0.851564047727534,7.74775542259203,0.867333384995987,7,63.5490907601524,2.78965372088737,9.26481605231492,2.04625462966894
25.554609462933,2.0837576423328,7.61984382003061,1.0724614562854,6,76.6841282629963,2.50474807499006,5.90576432465596,1.39563641789798
21.1452122445405,0.786007400539908,6.86570501727645,0.882614409556563,7,50.9440343297909,2.61783790580583,8.90555242186927,1.15514312064771
33.7761507496597,0.979713580882724,2.09525768593437,0.399719722071699,15,39.8680027777898,0.837298893304222,2.0513275066922,0.362528250625535
33.9548683487509,0.72450135421283,9.00992337189733,0.871360824273209,19,10.7904015486317,0.32271634495199,7.26496239275382,0.532736853740743
176.718709744906,1.08775529284219,10.6659623705069,1.80956351806067,30,83.0407833133339,2.28498288845226,14.5648934131902,1.84225112688201
57.4500660506959,2.95209905298798,12.8939677250775,1.50064617350266,15,28.0180858558511,2.68508014708614,8.77044896750957,1.23702034330491
54.7827598145536,0.566140143137085,3.92864380865536,0.429513510036759,2,23.2957724883547,0.531407604401586,5.13066365845034,0.93518239432479
79.2856717782532,1.40314958551805,16.0236241211713,2.55233165362091,6,11.177345383477,0.363785873132967,6.71926967759888,0.625249551910296
46.0587864689178,1.33015212092794,7.85960698584747,1.74260330204431,18,27.1777783987381,0.872816361946431,7.94550166931939,0.973355265713824
32.4799227271071,0.689737977415968,2.13449327905426,0.348718765543233,18,73.9395493148154,1.36693730522715,15.7960546820684,2.97582549645495
40.9793153675257,2.37188224204191,9.46126754040859,2.22290223067806,21,115.514253847261,2.67277096941899,14.8383602842236,2.82977310828592
165.700086578052,1.64876065969892,11.2226704792109,1.68084990338553,10,88.8547915171121,2.16303596096205,8.33575664136245,1.97633141525276
59.4841352057423,0.500397354592294,8.44671577803718,0.955968183921472,25,71.0569812687022,1.80600823467639,7.5704285257322,2.30298001201948
34.3749523794439,1.55319997719925,9.2153403596463,2.56206586413949,18,38.2245967935462,2.0199583510957,5.37403818087442,1.20751235194979
55.3043039193003,0.587616526168767,9.52619450099187,0.814189881416909,27,18.8030820563945,0.600843808752117,2.95866666938314,0.474724654901935
57.7820155246205,0.656223801392307,9.53924924049467,0.882414760081274,20,125.800500312133,1.91834530162934,13.6315439252562,2.22893209129977
53.1942134318192,2.57673644660778,8.1015555095975,2.89980804618311,26,47.1353230116135,2.30606069703782,11.8573896698937,1.56568015894381
21.1417939995718,0.397985709008825,9.87201395744312,0.61861571251827,22,24.8077850828533,0.725777052380187,6.89676727674071,0.743380389431716
40.1316376304893,0.652743038394986,10.3668168886467,0.744337857477695,7,49.4269083541731,0.653182501895203,9.24497960953877,0.71552597695832
55.5496663079587,2.26564080365906,15.3275030478566,2.78380022007183,15,128.764412627722,2.16281107766472,7.57344823092084,1.05893039765812
48.1199025336619,2.40485060340053,10.7805228907324,2.4033379960635,15,21.4384359122373,1.29012454211295,7.39524811677283,1.87328320524017
50.4911209180889,1.41050585384394,14.0493565476121,1.17984647822671,1,59.8119422131103,0.440795157957391,8.01780119500812,0.889892578993328
30.153862900339,1.24214829921542,5.85658846155572,2.76847844263557,9,200.936257063733,2.7857879775476,13.6279860839942,2.64665718893041
42.7984360283508,1.37330648684721,10.7117737669487,1.83962685882095,19,24.4294100824821,2.91393009844202,7.84184382612315,1.47729112977746
90.6096953855709,0.9704313958117,14.0721702323711,0.879596228247063,16,34.9940090419405,1.99790280993119,9.11155709231096,1.93167563707572
47.5524951490205,1.54642283831104,10.3734122094312,1.27477753159217,23,20.7762605070792,1.4505815788407,6.20835007187275,1.5625124215975
66.4708397020578,2.85463148791139,7.13075203004699,1.9129476023119,23,103.970424213665,1.87761213262726,9.94180019750224,2.86298340263951
228.15511015762,1.75008029384348,15.7572062339409,2.88121836646087,30,120.078364016562,1.8997573890591,15.4240134567203,1.34500861501832
11.2033473068905,0.433070275728851,5.34703444979541,0.584646254575297,21,21.4097592905811,0.443701520805528,3.08688836848874,0.526349259159794
91.7537729205772,1.81921018002532,16.5576449057293,2.17374173109534,29,13.6696383541592,0.471021301933257,6.31260606039876,0.669871662364719
43.2152597070172,0.537483378609407,11.473864006325,0.691634082779389,4,52.1448263150473,0.666390382113166,10.3898812543783,0.872052695387305
54.2218240660287,2.89183314772927,12.5397189052538,2.16275307321921,22,85.2928531794368,2.97039970541035,15.05467439953,2.96625024711489
30.4073754113244,1.33527961607639,9.7579029832446,2.22121512064768,21,56.5773175408507,1.89025885835873,9.04451649648665,2.63866554971131
30.6830325387757,0.658677259352388,9.19586563620334,0.835433230608014,2,44.0494989741421,1.48416259993965,12.0577463866533,2.29182422793965
21.0381379379712,0.750107746032011,5.83644374339956,0.721402850193233,20,103.093532283833,0.876686397832678,0.960930217997329,0.330913060309642
49.3244046878531,0.790926678553454,3.04188376157458,0.444313103979194,19,32.9079474582124,2.0068053874848,7.69569998374395,1.92894209600098
38.3971947208172,0.395198907402977,8.34763631855246,0.671767429244736,13,34.2018423357918,0.591050612550519,6.47621475971806,0.55669422953974
17.4375609927872,0.458096033030032,4.83306188493833,0.637087984011187,6,114.126099251339,2.83016748479159,6.42015140837862,1.77332796228305
54.8785286163913,1.1114442760891,16.9204432131011,2.19095496995629,12,26.1496593346269,0.44710696472455,6.01829768466473,0.507428273417563
225.4631736759,2.35176314103205,12.1045722808506,1.38068769896308,11,91.7442487049748,1.1442741614255,9.81192437823392,2.55497673581713
31.8299651087562,1.91035144118287,8.27366836634672,2.95497829132808,9,49.8197107967305,1.18179485654736,10.9664952227753,2.23113802564237
131.516176128188,2.8963165636922,8.48018065942217,2.66762800486822,28,41.3054714404149,1.66735623671158,10.7851430324262,1.38310129763714
40.8329355921237,0.427422653235094,3.4067292891389,0.467263858030507,7,30.4954192052264,2.21752971539069,7.9079463989572,1.12356731652674
31.1051408736143,0.707064444725326,5.06065792425924,0.527840563706335,6,68.7607831059762,0.981040128026723,9.39853156855646,0.704265165712574
52.1643729235455,0.502844629778574,8.14837092912041,0.604227299012549,16,53.1705117599456,0.949755082857029,4.08227388548784,0.564214302822102
31.5280425030624,0.528647222589181,2.98675968288531,0.387149431189664,13,30.4631101322174,0.95073133916005,1.3902961290667,0.381354962913892
22.5677966524679,0.423698343416236,4.60303010903551,0.582919436570674,23,25.1303435691379,0.506719441057559,4.53709185380133,0.431926347353934
78.2607123881339,2.96998779505006,13.7775720901793,1.14488325624343,19,75.012957565256,0.89183796354167,11.7842833474525,0.81647629507009
40.9819586426679,0.376924927343918,10.7417990864202,0.80956550482102,5,102.676470174668,2.13678504607975,6.3862360117422,1.27600914539066
24.6632677641418,0.544507864889846,6.93816374538736,0.704019354766819,5,13.1395584622809,0.311257150372788,7.97270735944597,0.631976130614513
89.0194489786407,2.89228443692528,7.99723299847657,2.10376660725094,14,7.56198761384463,0.385848344512167,6.93320262054333,0.686744988326384
93.0811038404547,1.31887097447197,9.73341205764343,2.45683811324874,27,34.1282319719509,1.56585839854894,7.91138478196415,1.79533127506453
23.7154095642168,0.495400107149803,13.4259366679881,0.855203745132585,15,139.013832174717,1.49941125775845,14.4926665241117,2.1014942813779
80.0401531502902,0.64276660402903,6.9035608737745,0.583140841447481,12,40.0706812060386,0.927219381147549,5.26887684784038,0.517028381119593
40.9322101952782,2.92236826031322,11.9087357619418,2.12091391181339,26,7.68300391816912,0.347673307342925,3.06936605238051,0.402620972198608
59.7121991695049,2.07744228320301,14.8224657189503,2.12124235501805,13,50.3542778304015,0.88527556268849,2.46983508516128,0.39847367188566
102.887375429529,0.770949321501165,12.5947838792231,0.7832134315088,5,43.1549571908548,2.37479855086469,11.3012220729336,1.78964182210005
12.2415689434515,0.464058905844247,2.18530089905091,0.42466068326259,13,122.058709145922,1.8929412881341,6.98513986634453,2.15894899996966
47.376062787975,2.1017273136548,15.1421475071111,1.58812419981471,17,88.0102736339992,1.18755754405555,10.2174325510108,2.40655572155206
106.137100835611,2.16660439883312,15.3838989765429,1.07253923685925,21,44.5761665071412,2.69336743066924,5.61743281253076,1.20925496736771
29.4438502069322,0.558486187713437,6.40850647564095,0.622658025211811,17,82.3839135149061,2.71485078873119,9.48060110776511,2.65913183544526
62.84533010897,2.12790258999255,12.8198525484986,1.78578583802911,24,55.0028419118395,2.0975360597118,13.1645865207974,1.07515685492892
57.3946307238883,0.631398909127385,8.24358486943604,0.545072679181359,8,172.987051096317,1.58267260824421,16.4522893451664,1.45605668842164
123.950398086617,1.56794353280535,13.0630202331107,1.83514732710689,20,64.6578424661654,0.496580297890742,10.2880245808587,0.837537323836105
217.593670488028,0.917580763043784,11.4817355414168,0.833461817451179,5,15.7928259627086,0.408612165103111,3.6214844632475,0.445004506529428
222.934169304685,2.28644490527059,16.5349370655134,2.26239605003378,4,38.4159738909087,1.83227999516624,9.99919954328848,2.58634350095602
21.5070176615619,0.456527658546945,12.675223839561,0.861881673685168,16,56.9690838858642,1.17753877464942,12.7993261866476,1.27628535527826
18.3704537014382,2.11971791560751,5.7899472771282,1.38900788092353,19,213.049691191437,0.830002594743987,3.94364688122504,0.401486435536821
37.0726696587055,0.445760482566512,4.76101829849043,0.488873346494449,3,42.0067774861618,2.75663653182425,7.35745688331259,2.32974513023985
42.1325967387356,2.73133517120857,5.70420147775322,2.7045165375401,29,41.5863408928581,2.70694425665162,8.94904641067925,1.24337946088923
45.3341061424287,0.853789146112117,2.95720635859694,0.550740761979907,21,12.3811065436973,0.513827882833551,6.74058958018107,0.872641523442407
29.379434321226,0.650818219954976,12.061863125651,0.99034853684166,2,14.0189702414407,0.519512923968102,1.32514844837116,0.327337563802731
63.3407702507767,2.6082209799898,15.1593338443834,2.4986214694863,3,27.2892915060265,0.791112128615416,4.42414989735693,0.785711471384967
64.0838088376443,0.815075778387461,10.0428015973961,0.68947406346751,15,28.7726895837362,0.447888265841446,4.38274252750004,0.527152541438106
47.6858927278427,0.96276976194522,8.16115307514156,0.865243133268458,16,129.816136412888,1.90545311624732,11.7135169721366,2.84803050136694
32.6323269310858,0.954616732277119,4.52225272775354,0.491688821839589,8,37.9450545239232,1.79198217093218,11.6861378010648,1.67270027087432
30.1782332689805,0.612487609090469,4.46520286364047,0.48326691548669,11,56.8551606162813,1.80382912044173,7.45142677351448,1.28768767079896
44.0795462549589,0.534916181467612,9.76768348273199,0.615242568125798,18,35.8027343439401,0.867238291887076,9.43419441799385,0.653190036950586
108.601192940446,0.669506757035724,3.91379609661685,0.485765914813682,26,55.5078686079213,1.73714353178556,8.70557951887838,2.57691969848733
86.1623567063336,1.51767191586394,15.1268594241725,2.91270300994919,6,73.8002165005927,1.65221781188274,6.61659092238365,2.65784551760557
41.9949937055998,2.3256844668541,6.4074053287368,1.96896022908705,25,92.1322792563489,0.746428831652218,6.44688506061784,0.79746759653374
128.650799495495,1.99675082889497,6.34659556220167,1.1543109264446,9,59.8204882897332,1.87327317578477,12.6858538892587,1.57281611590276
77.907433147021,0.638997416387393,13.6719225664654,0.967714421117801,24,51.2542873809691,0.561890340597965,9.96718452749821,0.758620683418458
47.3214885671068,0.659970250808685,11.0520790006265,0.908609640934089,12,27.6919655089105,0.468499500855835,7.86186605349203,0.745661668443465
91.0263096937007,2.20459854697717,9.17577892641847,1.39901173605395,4,63.8814968802811,1.93158973214445,10.2535637548322,1.12373472257531
43.8055638171015,2.4244288185461,14.0516814089884,1.86812454542691,25,38.2370458102939,0.606692536923818,6.60106049354123,0.526398388559948
64.3578637546454,1.46558629530578,12.4661715964054,1.81966046764884,16,45.3834489429846,0.881669896091287,3.490544835969,0.454993752845098
20.1163396736901,0.344115640217929,8.82068737590114,0.680980907996219,27,48.0261419157424,0.384640805465629,13.8201334911565,0.864787378231047
182.032868571013,0.7692178265325,12.8862634061436,0.897034144447647,26,58.3641193376359,0.737699836794693,0.837297719179762,0.302176700074889
67.8671720749026,2.58270998575543,14.6637645601369,1.76316833166387,19,24.9543521397602,0.335104152013681,1.8817480030165,0.358232034415864
13.7172336802229,0.569451016367203,4.93087167873888,0.965653026130966,23,85.5031089972571,0.53582996149097,13.3184421591331,0.88962364989794
102.118290422497,0.849043135231595,3.81174813586407,0.481536699240414,17,55.0468068871698,0.754372038357666,12.5257602652746,0.863185393529832
34.7602048645263,0.959960940953303,7.80251709396089,0.608487951710786,5,276.485696780535,1.29321373685111,16.9264751676516,2.13661770524028
108.37778218853,1.03873251214344,15.4863443560957,2.43275030575086,30,102.408107605885,2.73382230955545,6.72530631081233,2.02059905751667
103.198230315477,0.946995869501203,7.82983080790978,0.809200165666355,7,80.4485257140662,0.707352710113662,4.58875359594443,0.474960890533475
18.3102050715985,0.450161052592544,2.85193541049703,0.35214217181999,17,143.33421972463,1.15413477302759,15.3055990580633,2.54749917233234
66.4695292551449,2.2607403581017,14.4443342743184,2.03292113624987,27,99.9302585262217,0.532019542492795,10.7465062080264,0.664024583463773
8.3001987887966,0.428962577186231,5.98732549138832,0.762721764076732,4,40.5912691966878,0.937708601910271,10.3419568968011,0.800987922407919
53.3683674120311,0.998431441079846,9.57500990894522,0.998378584964121,30,114.839060961584,2.67229808218127,16.2687056535134,1.36720431461465
81.1914967814155,1.59052913065082,12.6325349808993,1.24549716943503,15,32.0289485002366,0.441017866001933,6.53023963601727,0.887348981026386
59.0268986739553,1.1670313358257,11.8026717530608,2.07674257680744,21,42.6470965611802,2.80995112818982,11.0137691039137,1.98084751513628
27.1488639788847,0.552562361696885,6.88690121104889,0.640481270266628,30,34.0593416287525,2.81245287954139,11.1369096723287,2.8814851943912
62.2308821438357,0.538115020721007,10.1711223874865,0.672595536682777,28,26.8872245849565,0.885486149859604,5.85324812657221,0.702614483087689
75.7576374054176,0.894086813496159,7.86454123705292,0.594394103054139,3,38.2525169810991,1.96135251492666,8.07602040189736,1.24427402740312
25.1006968542723,0.450007896537794,5.15772522589186,0.483824243088851,24,169.035530895412,1.34802926304853,15.7897890059744,2.16592620253055
54.6463186311872,2.56387175889027,11.2412330388295,1.55493069060328,20,112.726997831467,0.897648738396217,11.1422816682206,0.91102813393862
44.9144507947636,0.643408049407659,11.1675597776845,0.771492017204338,20,25.8338594733758,2.93690978504114,5.46717108330173,1.22482472731899
110.412709890897,0.703095829456269,9.81659513114775,0.742861763645269,6,17.3139253305383,0.37404406767949,7.16616781278479,0.60606740300983
23.7069766003842,2.20568460487999,6.82197426781788,1.34226818921422,18,22.0761019313876,1.64505032186102,5.79204648102168,1.01564682989629
96.5175488826668,2.74189845776361,13.1016203728546,1.33273271587339,16,43.8054213140612,2.68706841691123,8.29071162451512,1.52699338848749
39.0962607706532,0.651235320118958,11.5487200278547,0.825034339989292,26,24.02696752792,0.446386460580459,10.7613167651251,0.974734895883547
31.2305588151399,0.873698945217243,6.06711443295609,0.548791759631442,16,59.4412167723599,0.91983977289078,9.37204692027159,0.695959465688955
98.9920178392455,0.95008052285921,1.92498208114157,0.358900679898667,12,38.1310222144562,2.22540365895287,7.84452306095329,2.18915241921191
75.9317519641237,1.68582577930928,10.3959270987466,2.99457193856813,12,11.4578428330488,0.38940358252488,7.98233441443975,0.690788386389463
33.0159144919302,2.82883136254775,8.73468793716394,1.3022888043127,21,9.56298287601821,0.444308619250484,1.53715906528504,0.348330222022346
43.403280872396,2.57947444015242,9.36924148966088,1.70367813085261,19,78.2340656545415,0.880691630711046,6.70052964215926,0.670332087728535
64.0908536225871,0.818861979829918,7.88462737974341,0.686654292068479,24,35.7574526273504,2.27728092390929,8.71836095304277,1.82591439983005
75.0940145557766,1.55293037833813,16.2898754627,2.24229960330291,19,13.6627860972331,0.445663523783409,5.72353330926015,0.648003971604202
6.23172777938665,0.309097027894746,7.52835733921149,0.739905133704888,18,35.968754932209,0.733827866740677,8.02045203060201,0.971503550134159
56.6544739989291,1.82404373200829,14.0037749857893,1.8610177998647,12,20.8686953760713,0.886804971340428,4.08700675444629,0.632326946739106
25.6711289935109,2.05526867234685,7.7853348450656,1.18792303734584,11,51.59052818226,0.949481156896649,7.54249959112042,0.939114307549331
30.7967375922333,0.909872743161621,6.09665093179267,0.583935560579417,8,38.7397119170068,0.746026667951047,5.79312347714161,0.479869733954144
38.0045069612695,0.774793634746902,1.83499386531781,0.361523991153504,13,23.3562029853774,0.530608482751672,4.19916384805948,0.433003414984097
77.7645515058779,1.5434455454751,10.7526208099104,1.43620565846684,11,97.4884160915535,0.810872144087361,2.68334168090742,0.44697952050565
46.7653481695391,1.00560622400634,12.1652341891265,1.98199949478142,23,39.348451715622,2.20262051572874,7.90249307413677,2.70164123936805
71.1778179618335,0.920704153379622,1.97296164345428,0.336658968168043,2,77.5135940920148,0.779608555366912,9.53550753818836,0.958032393995663
13.4661764850226,0.43917667998017,5.70166863419385,0.569788504112054,21,22.0557051282502,2.88862989996105,5.70885179440053,1.85920947921193
62.5450684086023,1.68285757109852,15.7532239473903,2.46664362224449,22,176.501177010068,0.735069759940543,13.3163583791332,0.82526996833534
23.0597789441005,0.479217102560927,2.96777452864353,0.450162247088027,24,84.5741089727268,0.688445905053348,7.31296662812094,0.509813777938615
49.8179263620674,1.76104603272285,9.22413457480475,1.47619535147745,8,30.633670429028,0.448796892203293,4.00152995195729,0.550213783090727
115.223299234334,0.470818639358506,6.8149692664107,0.48085397328252,23,6.25676108701918,0.304581361044466,5.52892938133138,0.730002111865345
39.8333531209065,0.756150559526837,3.29641391327365,0.418584300792124,28,26.3398776626218,1.85085299370661,7.89870051589411,2.2268436506312
75.8389386915439,2.68665637155835,14.4863952157639,2.17586906460137,8,225.714972723718,0.855125919878525,13.1847221618631,0.807468033628014
24.8293370141889,0.563801971038518,7.16531024317618,0.967384600839851,9,28.8936442817273,0.853101700379516,4.66302626280094,0.492394650348262
56.6808571976991,0.637984690362841,12.1645594554862,0.767450323603257,5,11.147778803198,0.407608923226223,8.72186230962577,0.813092137371832
64.226903229971,0.929265004693787,1.48682533507788,0.322350554611644,26,23.2928613964105,0.602544762175267,5.46106761363159,0.541205522797747
68.8579624073013,0.823580187271891,12.1182252567785,0.854880307042977,13,15.1484816147566,0.639497556768817,1.02159716568795,0.340892963512153
188.5639852548,0.905263712536024,9.80211763619619,0.6985775462266,23,91.7110419026329,1.74688723990254,16.1270503529686,2.23909139881857
44.6897301018921,0.740755301021114,8.65014967157528,0.737880294337011,19,54.9975402442157,2.15302937312406,13.6879321509047,1.19644325519977
31.4352127867294,2.8775548420506,8.843264921263,2.4225395227771,1,29.7606695376831,2.81962400657237,6.23237163038478,2.39429103178699
37.4834636411077,0.711037247667966,3.19566633638491,0.522264029661676,9,33.3014418602143,2.85026612207442,7.04386666004815,2.60745739852475
64.1006741825884,2.5617224040825,16.7882602457149,1.73360794631425,9,53.4977707252394,1.94161548605322,12.5952363721381,1.41790936955818
21.8315680298338,0.354928815894039,4.84510358940862,0.455741016434152,4,112.372938570465,1.77369809279263,11.0286302521002,2.13369144591997
67.3617938422218,1.26121432548331,16.3437337177996,2.79831756132628,3,93.4904288969686,1.94698140962724,9.99132852173287,2.62842147773442
28.5521344202696,0.389855954441588,11.6183077017136,0.917580137054855,20,39.8003977241914,0.914645023610525,7.62458334906953,0.57807733351255
193.287914921814,1.52247054929493,13.3790881858745,1.83302555115933,16,74.0680543414065,1.67080163198553,6.2308527902179,1.03661337062655
80.0065533932024,0.892499985102149,7.88375703073758,0.644137486686284,9,67.0351456746669,0.861611280145328,6.82550158532596,0.696082062356647
26.9354566608927,0.655354407349366,6.03969503248016,0.737983214455557,5,41.5719051478233,2.69510550286526,9.3947777154941,2.17123157181344
71.1159105437646,1.54332149798771,15.4127300600549,1.15117670373873,17,121.653365970548,0.741595045167249,11.3227272687631,0.89104737651498
8.12882527227196,0.337778212028466,2.48355899452783,0.356336938626804,28,48.3234710713709,1.67759307996215,7.91071498288989,2.15991835570922
39.6140067045144,1.30468067679504,11.332740225685,2.14147261540426,27,27.3768216798093,1.31206586746694,8.34116897927453,1.81382198935206
137.667397513549,1.5959959093214,12.169870648555,2.85231330467394,4,104.897621858205,2.84798375036315,9.49198229048892,1.85216231791256
31.0980432751945,1.38256835946537,8.51464549016315,1.70020349624186,19,45.0324720156979,1.43100141114876,12.862908441854,2.10674674149796
27.7177381970565,1.04364336288106,6.10001725316702,1.67524255226452,30,25.3728673672152,0.470148485483933,4.77456530613909,0.409226152230774
91.8866599251972,2.92765798577487,15.5715533815141,2.2490532495064,1,46.7155693987613,0.993697436787099,8.99222566904107,0.70316614837349
49.7625461580812,1.56541977118262,11.8510432876348,1.71597738131564,3,81.0046092921467,2.09203339236115,6.72787248999022,1.40234161899442
51.0563852718197,2.80553451445556,16.8330994576323,1.88334502106908,30,43.0651381545494,2.76340788640145,6.92027236762305,1.12896384658186
24.689124741927,1.46138181040571,6.99302576991323,1.91122372943796,16,17.6383049299392,0.513181743138019,6.34989141112899,0.554509347502323
78.9293775027653,2.65904056851597,11.4717730404614,1.15389318663995,20,30.2024434893732,2.81680918707791,7.67745539531622,1.54427021346942
64.8006223572467,1.20098421503939,13.5480287753001,2.87324836066766,13,195.94339912326,2.90719538688671,12.6842453007204,1.88776402738288
40.52461945436,0.767655005814848,3.62621912086252,0.489244526532926,25,42.2962601773994,0.61604219542707,1.1043089086295,0.308165340723455
166.479737169729,0.818318685379977,3.0737668327919,0.391220299706263,5,34.6143704134012,0.573680746270017,12.223529576958,0.917003507567511
43.8036557721068,0.51867763537165,3.72620328496806,0.4347953686892,5,113.152506320399,0.591291933679556,10.7532209627287,0.882907614744033
37.5606057519891,1.1805635851409,12.3858351575043,1.33171960828835,20,66.5569969365489,1.75992986859118,13.6841781423652,2.40201707241789
45.001608731002,2.57354302575671,5.65107327706469,1.49841737835006,12,61.1471254464405,1.82944992833962,16.0170864383953,1.26346206670997
115.540701470341,0.628031588536145,9.79962485801842,0.83384419499161,2,55.3863685140048,1.65194863848592,12.7448844766515,1.37537057649623
144.38338720997,2.38302528235485,12.1267655720582,1.71349775264574,11,198.454304191427,1.17095266817247,16.529469008183,1.97555433127854
91.3924752098908,2.61816432778056,8.96157397078358,2.32724221254985,22,57.3012710051749,2.97241113738374,8.4226918573181,1.59829059161818
49.6628604620135,0.982722731513723,4.90734130724818,0.418749906429338,9,23.2712204276122,0.763026255537089,7.97593148224751,0.98261076166205
63.2120825535528,0.771085156874738,6.73103996119466,0.79231153342792,17,23.2836428584501,0.509752600677294,3.05162882712032,0.446541810731922
149.562666901864,1.33297877733336,15.2409318989298,1.62782503885332,19,28.7624657335132,0.678442570418057,9.90257208430817,0.877251301604216
67.3599181510214,2.52351892544253,13.6127337340892,1.36250248791787,19,36.5098833020135,0.911687444079714,4.79561375303614,0.602924546510476
116.919185969618,2.3045578831275,11.1355965855387,1.25588409535116,1,106.874254897867,1.23921525274961,6.41670407716674,1.18308090074443
60.9052458182298,0.951663565806012,8.77771968500165,0.618729547058792,6,13.740516839345,0.512846183065167,2.82496197006939,0.529644609932153
156.693713122535,2.18866896285386,16.1890459498233,1.95686021454715,18,62.8237438436897,0.804024314222874,12.7331229165914,0.950436644253141
112.7227515988,2.40697369883023,11.6178842068003,2.04060240919864,6,54.4003102055948,0.376277556259475,12.3120651693317,0.989484766383854
254.390644985491,2.86473777012699,16.5816571396795,1.56700708301078,8,59.635733873533,1.21002574322829,10.3611557577305,1.58522315580221
17.6077363990236,0.337903483124004,5.8720175964025,0.523019970070872,8,17.7142397957166,0.632614231844006,3.66447144780464,0.482790174720709
28.2079351124281,0.40078923910855,4.67308214644341,0.436259038439825,16,37.9763124713259,0.724451816080767,1.00545442884142,0.304188249923629
33.0973590475224,1.54022308159261,8.8847166825857,2.69205728581732,24,54.8490975004449,1.34118893443957,16.0850220007825,2.92804632994781
87.6117575503167,0.716591192133796,10.6214819048963,0.93927545086362,21,43.4821020281552,0.78004729735087,5.54311121255334,0.460682269440507
152.338536934751,2.04976194143468,13.5321222923559,1.97342744151401,4,33.496804614228,2.13982241755215,10.6043603983798,2.73083711589273
47.1214943044106,2.6910755156314,13.6949793161287,1.70057288709091,10,200.704599353441,2.1863760823315,14.8106814466584,2.96277094508576
13.5225253174133,0.423417971968499,5.68448136853877,0.64173945301976,18,110.045196124853,1.51696502340983,11.4929825676551,1.42700080898402
68.450783055028,0.857069874213635,13.5246995101155,0.943912111668936,22,38.834337423531,0.386385694718715,4.83176101573592,0.542179585778833
82.4167234112426,0.982529796788731,7.40958214403798,0.91995105398003,4,58.4554316132302,1.54314265037781,14.4853691040613,2.2469534017792
32.6458642359858,1.56750288489658,6.11242202296672,1.65301316817482,22,51.7969510242286,2.25304199351902,10.6670425249222,1.18553905039696
16.9807198025278,0.566775542046191,5.03427892730052,0.75163012173603,21,50.0529615594631,2.48628255667125,15.142524619777,1.68239783669822
112.352390506113,1.24983983340581,12.8994425820138,2.7120186466067,24,27.3609325385699,0.900997331698194,1.34683886830259,0.359724751134855
37.4902938165459,2.38960689002586,6.22436148125003,1.0107865057274,6,85.8942139945722,1.00633135038837,6.03130736175174,1.59820165591192
29.329118538214,2.02446036301519,6.96324836578929,2.99361949257936,28,18.537226639952,0.95183413997623,5.1905649886886,0.841580842060262
53.9708336719567,0.75456882821485,11.6185841294717,0.780794136752485,29,79.4345368354078,1.4107698411773,14.7288874206536,2.50666850811746
106.783675158028,1.39785195653341,8.44439329013475,1.03887040757596,1,50.9133833532456,2.72855534447494,8.6367851887602,2.79750569935575
232.085105625984,2.82617414550267,12.70969379608,1.02832345180936,22,102.781803037151,0.861505604714058,5.8245777145938,0.527335288376468
145.711050795538,1.13958054546616,16.2347608262538,1.60536267910821,19,80.1902836115764,1.45206788520834,9.62674012251652,2.68224402752158
42.3532480838902,2.53649009645716,10.2421215436769,2.76381921366858,6,77.8641629147011,2.87865974332281,12.0844923343229,1.33564380566999
55.7219169753468,2.51501798637302,15.8191115998637,2.15005135434411,20,22.6253923385593,0.685137510405681,5.22786734358871,0.934909701735577
59.5486513136056,0.875502440120911,7.23373530752457,0.682604458527448,17,26.8265737888037,0.615224603288779,12.1717162574361,0.887912254899632
97.4317630246268,0.938451390071438,8.14261966366676,0.535113728249483,21,7.33303596598397,0.453605302041412,1.25630017427236,0.36353067899278
64.6244706368599,0.922161374325009,8.54966723435344,0.576339299846902,10,5.06784304174379,0.318724122524486,7.52722677207375,0.842353039107859
62.02426724565,1.98301070968035,11.4653602872245,2.28470426311008,19,47.8423319271048,1.4574132393459,13.172150024025,2.77988587801121
126.447085788517,2.43877611903432,12.1970330823947,1.52718500112299,15,17.9781207891188,0.327628825700695,6.60861569524129,0.845700288087259
29.0642586259507,2.2309093120931,8.51392243108558,1.68894740199866,19,102.971993206956,0.923815823795124,6.47295924740844,0.791185072609958
33.5950119223969,0.946801644072475,2.92906344497308,0.471226212060801,14,28.0092185130466,0.678037741876506,6.11374259389911,0.816473005173849
53.2286280801879,1.22057632377267,6.16157387695409,1.24022867739133,24,164.219667220505,0.819804856520623,11.9179900426591,0.759850329680323
40.6134150039136,0.721933828594014,10.4481032119496,0.71674371308762,3,87.7696438693823,0.752905753582634,9.07002848207234,0.722391506128339
30.2727466692189,1.75316832466811,9.42646131383761,2.92840555119391,13,15.8487114616928,0.468244518788126,11.1625977542886,0.897972301516501
63.0384551727952,2.8621707385537,16.7077563070435,2.44158868991217,8,52.7686873878531,0.721196931008712,9.42039017031604,0.736317599924002
208.925709931055,2.57193196944563,13.2071747853208,1.11310872707327,23,62.2787900410022,0.695606624841942,5.77171389051092,0.632943988999952
55.375987862663,0.522108418168775,13.1879726013725,0.820254671815866,27,15.5116743155091,0.361876987480561,10.3210766121107,0.630713477529792
64.8110428123853,0.497774373928295,2.7541227507442,0.365576677206159,15,53.0438752690732,1.9432937113576,14.7434452387838,1.45057960211477
30.4436337857373,0.956670052047612,5.26137460559537,0.881022546847404,27,79.9588044462205,1.83205985393661,5.76838593354283,1.41936850554719
82.4304855182761,2.49413762343087,14.3934772615265,2.89666528004226,3,76.6630690635336,2.54976639571129,8.59105338437435,1.07657593371732
86.7183182770222,0.798276172137095,10.2750794366597,0.774535330195258,17,120.347229081797,2.27653075264543,11.5815060418279,2.39243234370766
44.9951431875821,0.798974781583084,8.25319698382756,0.89821938433391,18,48.0974230681636,2.98071962863797,15.2817234077427,2.6573546984687
62.3995170286017,1.51756453159266,13.2414585845975,1.95680977532623,19,27.0723414561172,0.716705457003961,6.70717257747876,0.736272921675389
34.2939369162134,0.745016951104671,1.03224244849216,0.321897562371895,30,35.3305376074705,0.666385918710245,2.25345539346286,0.33264932089576
61.5660345709901,0.967363225872173,4.92771568670696,0.618777786293731,2,66.4905571950807,0.959595345054051,3.76940907931981,0.466302853105406
85.5763797044235,1.26595249297192,11.1950796616238,1.54329814109859,28,61.5524168601358,1.99626769651281,14.301170899644,2.04941176401784
89.7823435946434,0.8380382593507,1.64542895455782,0.390595965767948,26,16.1426531808677,0.339902936404676,9.23401450184956,0.827753904460241
81.9116989065672,1.1566170310404,15.0082936812822,2.15071269978905,1,54.3603335129192,2.38300219350774,14.6171030430734,1.58369051030715
31.9592883962652,2.77179155890441,7.59966639670494,1.35535335234586,26,85.640412583138,2.47375062038738,9.13635075129532,1.05462119376344
57.8144170906666,2.94317648634694,11.715887913542,1.12176014943755,13,13.091197113647,0.639195577283391,5.29388725961307,0.896373670838815
65.3306161973542,1.48442569321957,12.1858216190803,1.93634878751917,17,50.8494297102488,2.1036830653339,12.3716147208628,1.27218735224458
49.9711368183407,1.93725333261739,8.53827408329734,2.76931344202715,14,31.4201652649925,0.905930995562463,6.42256238011206,0.672118212737298
6.13129436482018,0.365969237812302,3.52595591534119,0.590909829449866,14,171.566988816011,2.57187595502955,11.8374172449589,1.41934046206248
30.6280056670151,1.81802617195048,8.61750344237225,1.62885436144141,5,30.1948014022521,0.773632795668216,4.20046614109942,0.43969730177086
51.9454828334849,2.60322430693472,8.4804229956249,1.61224933190134,15,21.2778533159256,0.427196196350344,6.63187102189827,0.481470578665992
68.95410362982,1.33466293354359,6.67277115173901,2.57263291448321,18,18.4591013964326,0.380586276117011,12.3854478752706,0.990204703365411
58.6254870102786,0.704904021866321,5.73470369514275,0.601953971380783,16,122.794724285025,2.74783398889369,10.1647126681277,1.07542363470091
32.0127934236709,1.25096264098178,8.84221928108536,2.04350401034295,19,57.9998675609958,1.18183228320031,14.0200785636454,2.54724330118082
18.4329261886038,0.39047264880156,4.26102762471731,0.508217227591989,12,88.4758963350704,2.70083924578977,16.8042275668611,1.69331984620662
56.8112826097773,2.42990810541077,7.11617799029352,1.86494233030416,16,69.5667133140579,2.34587186632875,9.76926691935033,2.14877467162148
92.5563282597892,1.19381131058051,8.84782366552137,1.14990781355447,6,41.0855308121798,0.57135684875104,6.9291161336825,0.492740111104633
13.7551842183417,0.364638752791881,5.07285014635816,0.884577224120204,24,38.1959196822331,1.90734123919714,5.7921484575588,1.0950441778739
59.6138980063808,1.56763084160043,13.1388754448083,1.21192096683441,11,167.384113615456,0.956988601501624,3.3332006456561,0.377453923038224
45.6216609595488,2.67097639653488,14.7645477627389,1.90985526586643,29,85.5424149495211,0.838373589950253,6.08553042350892,0.518454671124704
62.6951680966596,0.695283726869192,8.90788179351117,0.946832004141069,28,34.5769073610387,0.960677625486314,11.2748584954981,0.985064208666393
7.79189144911815,0.356187306024966,5.90281726374898,0.527476567916935,5,48.1533295644881,0.561939023536601,8.90746826652893,0.740209331692022
102.796741954661,2.90353630988775,15.4573141549653,2.07625565122186,23,37.4760586522941,0.943394561199427,8.12204729746716,0.973259883470797
121.546938372957,0.954698152753589,4.2863757041283,0.575418767131001,21,61.5561870921795,2.40078996701605,6.60922761079658,2.29830761948791
65.0377077438267,2.2890544697846,13.5009595373143,1.61544262944449,23,17.0383761491324,0.59597633713681,4.27411849464231,0.605262399511011
140.955268420493,1.28399062528277,14.8794593353254,1.0517471033646,2,9.04299964881887,0.338778415102603,13.2238527343976,0.810779973800546
224.431583615421,1.99976082339478,15.948481830478,2.20306685380521,22,36.8558942737537,0.787334466482553,11.8881631389983,0.876211227393845
70.9275451052726,0.527946186437479,8.20216744563556,0.977821708094993,27,6.63825151047313,0.340725007997387,4.40010498679419,0.734196279364226
25.1709938745773,1.02220620736771,8.28740254283947,1.03831894354308,25,145.141667952062,1.82461937524912,13.9709114681654,1.62581339627804
74.0490727803634,1.70404321557722,15.4565840434106,2.33233377732375,30,53.1974864105765,2.08871794877486,14.1218488084033,2.99612625120892
37.1075707512069,2.20896216074245,8.99810871067888,1.80107917635657,18,45.392704387355,0.936809393910188,10.525464265628,0.727639541598917
44.9421930355527,0.91274630274195,11.946501239949,0.753958600630809,4,23.293678324381,0.630280162372745,5.83348393848723,0.913133600527517
42.4944929688527,2.78068111428419,12.5244614716653,1.34312580219447,26,121.30672327083,0.671944899185001,10.9826957253484,0.843642660203582
144.832576456202,0.74004592748359,12.9256580591107,0.99108437125222,10,103.830804907057,2.30396251117387,12.8517712567065,1.63340829655041
107.596617348001,1.65277926040883,13.760550276371,2.49773242142497,28,22.0693138148516,0.736108647528525,0.977737479823431,0.347620052030655
62.0263799665316,0.82367349120985,4.48541866212259,0.428348379740972,20,87.5683693730291,2.16163368918093,12.1986449535837,1.61288806365916
42.884185502018,0.940738006706791,5.78783248405074,0.954317536840186,22,26.0591795991651,0.438370724625533,3.46979456826337,0.401811006286186
15.9885165517222,0.473267063987851,9.34714620923273,0.814332890604719,20,46.0572425691754,0.561210606761897,13.6904507586172,0.876962017275864
56.6009058067853,1.32179988362657,12.0127808741755,1.12873640845778,2,38.1948021309059,2.50971465533718,9.80435202640578,1.00174156607502
18.1837924988328,0.47026763365633,3.30315033569297,0.557077046643345,10,21.0600224856506,2.30748975927834,6.84466497102049,1.66360426325871
67.5078505610998,1.64751744799615,5.89416690733326,2.63067412894856,23,45.1699256508475,2.43151980954684,9.33759209271753,1.65471093283386
24.3915917773286,2.51006468246226,7.84200445040445,1.55349309388742,10,21.1154667089664,0.424056946257277,3.46025138638305,0.375150070111072
47.0820903958289,0.662511563043618,4.49060252724396,0.748029271387595,21,79.363396113161,2.50645540298998,7.67522181864645,2.20055075869219
38.8801813319956,1.06374776632494,12.5474929787483,2.32078654610095,16,27.4243628448365,0.391539508778615,14.0428530413905,0.890413476983468
35.5581849001673,0.511808522949082,6.3741167174743,0.649031659465886,30,10.6519151097376,0.488225943476042,4.71009584819658,0.608932727794377
47.7421572819137,0.99038823469652,6.67463217608153,0.521062356223217,7,33.1693301917571,1.09770532284595,11.6785228283573,2.62475963965462
51.9984694487188,2.62076436967118,16.5499107678866,2.9954893760641,28,32.7522516168857,1.0749058704093,6.0006051473388,2.93155974463827
35.3379485357586,2.30994895994612,8.81574556321935,1.59008436705147,25,21.0880262901716,0.43521458154457,5.69761397499234,0.947995299998345
23.4968047629747,0.651258509769106,6.3770862871697,0.929950414390152,1,61.5302220782926,1.03986510197513,8.87507848077731,2.07816305534913
58.7773580161029,0.777216625865317,8.60758491954036,0.70922984898669,22,128.140224146801,1.27354335343742,16.0426899428722,1.23679078299389
58.2606436312121,0.625124496174859,6.95185002265676,0.914673329612824,22,53.9524605311226,0.966557309823735,10.18518859645,0.911687400880503
54.1074947859119,0.476167497530286,4.09881233996227,0.530102818753349,5,38.2964660857569,0.637379295581809,12.8095752885781,0.7749104195406
27.40387997152,0.873174885393176,7.71982361027306,0.704421226286743,12,70.1390516570522,1.25487165774811,10.0429288905127,1.40638346178278
73.4005800726814,2.11791789042257,11.356219049385,2.4325036398951,19,60.4732947740925,0.7521357000068,2.86455802551681,0.402615043053226
159.110738619148,1.02908418012544,14.6642957541524,2.77381268075014,20,77.8438410013727,1.10461545695284,9.49204897019484,2.66024285825275
86.0528510748076,0.590668278053554,10.1523967638254,0.798004022811144,12,17.6082851285392,1.07696530299807,5.6860642243781,1.15329622159707
95.8702004589029,0.618795597206798,9.69097141435778,0.752717421648603,6,116.436415779507,2.86864527826138,15.2693767847134,2.34556014042771
63.2216540927857,1.801707703515,6.34089796084411,1.26762535005522,19,28.2293472582806,0.813066344039448,6.63014516511868,0.576300235976984
155.226978541556,0.803728544115248,11.0116570084721,0.876986132063908,7,59.2164347962832,0.580956251616753,9.67907092782368,0.780399118985582
47.2711802123396,0.709180691505465,9.26251191776119,0.974134326444053,6,72.5580015701668,0.979252073979996,12.4827779116659,0.8876097028697
42.2565642351328,0.5214359920172,12.2506214111934,0.797734672487356,1,96.8419388841161,1.52428753186155,15.3058759003946,2.91158743181084
28.982784811148,0.917990918680859,6.45058897491858,0.63285768901921,7,80.3043719988967,2.20770033341269,15.5419576710012,2.12208055799107
82.9156671979539,2.24317533049388,6.30397504994631,2.80259764992199,17,72.0497725729303,1.05110556059364,10.6475974785122,2.24281325799113
39.3071696056223,2.82283564708639,12.0480751834299,1.7949000188258,21,265.263775548071,2.18616725009128,16.433655061139,2.39746644988297
62.5578544979979,0.933255677768296,8.50904586313163,0.598448280744785,9,107.118748440581,1.74710571199631,16.2913762402014,1.64902682893615
54.835067051978,0.985619208590378,11.1990046345225,0.837342382057539,3,198.418045967849,1.89715174490748,14.2113924058414,1.11868404927746
61.0046961161651,0.699363570368429,7.61055802392765,0.610735854266264,30,3.41601490118025,0.325091605285949,0.802437416604955,0.328312487011973
48.9771391079602,0.97063261886944,4.87924182674668,0.43578951549429,10,63.5105419393162,0.57239862685438,7.86295987013442,0.622813203226988
41.5603990071648,2.40476755880081,8.74554669436805,1.49219996327502,16,113.023085742947,1.54098983819892,15.187263434503,1.57684480895265
69.9769244812983,1.93130592911812,11.2144355710864,1.32989376494525,3,45.7211460616649,2.91526669409439,9.9516113439426,1.85518640637002
114.124716957249,1.82849109553593,14.8372523012235,2.41661837064017,28,27.7242729049461,1.68490517575317,6.83999652304403,1.26318934341889
74.0028943203205,0.766412371096059,12.2775095359759,0.883706710891209,5,67.3908417028064,0.808293522947728,6.8212308507265,0.501042044422605
115.008345113919,0.828668033163062,6.042223199067,0.631654265835894,1,66.7968560904271,0.633306889968971,14.7906100234816,0.975117513963418
18.4497339506539,1.27824657735632,5.73486402595243,1.99487733685414,15,9.92652365257006,0.447879888250997,0.924853137850086,0.303230308771093
15.9061889632688,0.450099695475167,8.76735055227517,0.813530533323685,7,32.9753827320352,0.613007048599701,5.66686381761484,0.950487660542957
29.4773064035479,0.5975155823971,4.78456512699681,0.508102633415249,9,118.109508239918,1.57802568562714,16.7771445593116,2.91051320104333
48.6981555173918,0.412446486541845,7.78172166685681,0.754073041102806,8,99.0801233481354,2.38195778665078,16.7670969030403,2.74454712063704
5.78454954033474,0.385387734771946,1.97361117600096,0.399594983931727,27,60.2883753685654,0.524645636149836,9.32330197426665,0.949252541965284
183.470267503823,2.13612214326723,10.637931172043,2.32657921435735,19,110.83017610835,1.78154296631764,8.27489492740798,1.1138709209458
184.529508366355,2.83557898025526,13.3295025230803,1.87929994670748,22,97.7720424396472,2.51463095364041,5.62705432488604,1.81541069171007
29.4790269111339,0.972189010246241,3.31362996151493,0.454927079162193,7,209.837910388547,0.992625220661689,8.14417735878475,0.546352681902294
44.3941737235784,1.70787852237573,9.61913628811265,2.96785624775288,24,42.7661748536467,2.6506863667835,14.018314639618,1.57849805868664
70.1628498562037,2.86044515179917,8.04793116184631,1.56957090317533,20,57.9052128652752,1.54893115037279,11.5566755242534,1.12523158735234
30.2095097239597,1.05139020629534,7.13463931458078,1.25041722573698,18,33.0980208175847,2.41840313635202,7.79256292999466,2.68010795234492
47.0389517830871,1.11169728726303,11.1700984647588,1.90336882450277,19,27.7777648573869,0.491327046186126,7.44947128190805,0.750826085424371
82.3625328132892,1.4844960859556,14.4291324951222,1.08104838108531,29,32.4324064924685,1.50165097341931,8.56895970718676,1.50589304427482
141.772194303954,2.63172030316942,15.6061555490223,1.3900261752487,19,37.6922278106284,0.490789000720631,2.83904639741375,0.536359647483386
101.474559799274,0.598849480341518,5.25972883400836,0.536008249691004,19,54.8389081577709,1.86984613398839,8.84705151636457,2.19252582606382
30.8641478585428,1.26210795507887,8.79062559316,2.58912200247679,3,40.7727318083732,0.613556933424946,10.5686972806667,0.733286889898912
49.3408658167629,0.732039950498741,5.41057541530287,0.672288584066085,16,159.289325299742,2.64913902535546,13.224768168767,1.48045891676307
36.1879791296937,2.60118543061493,5.69916869588686,2.90387130559348,4,153.393192248737,1.14352891202457,16.5228094697321,1.46164755449882
22.3828914523303,2.92980838037363,6.59104457078737,2.06599075145999,18,38.0466774269424,1.04704267143836,12.1887968757877,2.21653196989073
51.0522218869868,0.609661908690454,3.29215299642282,0.415679328734887,12,81.9736092795783,1.10703119293123,10.9046520610843,1.22738070492941
74.3824379686516,0.858119522767493,12.0656126622628,0.823755295472026,6,110.067181725644,2.90202736622646,13.8359623619035,1.01469486096677
34.7348961682066,1.17552578187019,6.58937263630445,2.56731220827642,2,30.1977102684242,1.59861549687684,7.97866314101894,1.10869113272079
30.6564974376696,2.03805118781653,8.60733659124882,1.57439509418532,7,159.926840248381,0.967003083408426,3.15816492846512,0.381318592899896
31.6538784590196,0.634165188661521,7.81393263046326,0.771684616630402,28,194.484346900833,2.07321764761283,14.6002623214781,1.36925918726578
6.67450994597735,0.313571685916393,2.93905891279551,0.4096770128967,3,15.8440172749547,0.306036509798733,9.45657888306758,0.787170085129666
11.1136873307439,0.338426314588108,8.4094523311161,0.849826546793408,1,77.4935272077522,1.06943530465672,8.78630898644652,1.53375504248573
14.0946562192256,0.431273182593151,1.652059205087,0.312566466511313,20,123.784671550432,1.71338809592897,16.4627074049145,1.63938638969515
63.6428160070768,1.68543434312881,12.3181551165579,1.37991075711634,8,33.4429416437269,2.26025083537525,7.50343678833963,1.65127359018501
20.0863020785768,0.89000245988973,0.961490854956415,0.320312409784952,30,46.8543613904966,1.20705510179191,6.21014828681967,1.62728911495161
5.44730742454779,0.321850281632652,7.14985574754047,0.585627573893821,10,38.3994817479314,2.69310898559564,9.75536231228316,2.23890763915315
35.5115010121693,1.08153654922872,11.2093283770568,1.88566478198538,9,71.7274380963282,0.974346458671956,7.08665150266231,0.537318599255133
188.928188139851,2.91061183443461,16.2361611847,1.99344220202172,4,57.2979284277979,2.35542982117102,15.7939465014584,2.28587266257736
87.4162163808295,0.472090445594576,7.42700872207737,0.548589184641923,21,26.3640624963696,0.883239595733039,2.71519728743881,0.504651418707011
31.1804456490163,1.80214255971352,7.53558346753942,1.0576097775008,18,22.8040659526453,0.425623917280227,6.5871550819958,0.618267827283423
66.6050426502002,0.621058576467099,2.05140716580356,0.334962968157914,16,16.4303084004386,0.395109940178231,13.8893574939944,0.89299071630828
121.804329617353,1.47010686557766,11.1296663636712,2.41990369364074,22,24.4921762694304,0.431006043411466,11.0248961485721,0.845870942765279
85.1829540762995,0.900612315936464,2.31809781381979,0.351099596981362,12,46.5567190319607,0.921239734115116,6.37075422359542,0.803505841862768
10.3305200554638,0.330634167040593,9.76702035240374,0.652411226480571,14,48.8411991222901,0.795767956666047,14.6583416901911,0.999989663230072
39.6470313475326,0.623416000941423,1.36134138708237,0.31935041346045,19,36.4320964325069,0.725376192254591,6.96447589728968,0.581648213919303
77.2420663535494,2.19497770151533,16.2171171878387,2.86516561560983,8,12.8338503187281,0.461242810292948,3.08472891818313,0.418691305762155
81.6695090183891,2.42448996026511,10.412034978187,2.61522291060869,11,172.42538604399,1.61513567250375,14.8764033963297,1.43148435011858
97.5956069067349,0.543986361072836,1.76028992393552,0.31472231520889,13,29.3495027323753,0.65709824786086,6.43115878535913,0.613372877278265
84.3559264782905,2.33620800307606,11.94494761065,2.83583691115672,1,73.5724697553875,1.34781673218172,6.50976836428351,1.67703845506902
32.3895968927085,0.48593304369487,3.35917966368087,0.461110587505301,20,29.208647185258,0.84313823452108,7.5415126719065,0.635240507344085
68.5276188069564,1.96674376973945,11.9284144279104,2.11416054809626,6,179.200132961874,1.90574997015028,14.8022512678006,1.06981605756986
51.5934159322011,0.925216689692123,4.87393315663133,0.915489070958634,23,20.6226745089786,0.312970943218461,8.14364036602339,0.872452957801479
38.7323557874265,0.555132239485655,6.63065731265131,0.815457897279373,1,110.325547417818,1.4610670606815,14.42662504058,1.26094051137375
24.7908414687476,0.612802607836299,2.6153730219366,0.369860221981572,3,108.603894199005,2.94332349459089,15.8897436874671,1.97908360160582
154.31534121581,2.36232875443286,13.652895064735,2.69533311313119,6,19.9645878961162,0.54845964528894,0.982685125322716,0.330305413043037
41.0312080100219,2.61198161351216,8.40636995004983,2.64563298834639,21,44.0801172143698,0.598103393151126,2.03773825268994,0.354810434137157
52.3224751581135,0.63678698516741,7.0841304685193,0.679808618325276,8,6.19899486383468,0.318419158740588,10.9969988092403,0.67576899806002
20.2723523938033,0.515969849247292,6.43698780585227,0.982151767720507,7,26.8802137859719,0.518390068871881,1.54833997168731,0.302868075639384
43.3487536055945,2.73972951288192,6.44506489651896,2.0770390276507,14,77.2198766676035,1.63335376123203,8.45841244448381,1.73680789815584
9.33671292802211,0.378713669691914,7.43235703013619,0.968323697671475,1,41.5692956461414,2.431242664473,9.57572377643463,1.65919948207778
46.5701890214744,0.678185767255522,4.96096378925298,0.78748794259825,14,30.9447367385121,0.61192745498378,4.20576996885641,0.475237275847049
55.6397001637261,0.911223603815617,9.88945134614182,0.758733144766129,18,95.4183505211073,0.641825504851217,7.56962133776065,0.64399826316934
58.6835549816023,1.90742285895701,16.0687388136494,1.62411789250961,18,62.1910592124171,1.39305110550858,10.0236517281311,2.06724454555291
63.1301504056332,2.14358891173814,11.9801413030708,1.47447401793688,28,5.64327444815578,0.36292059773685,5.91199545911781,0.805925419993261
20.2183113246028,1.05411245958424,5.68807744951731,1.36365327585046,7,114.93083696502,0.825621938790324,3.05499527742334,0.368968088438296
30.3203240341625,0.883294603192586,5.30545438735298,0.837299731365357,7,67.7874782198362,1.22106362642172,16.7786022499034,2.56200084437365
14.2810590881722,0.340494775208797,12.7543712686558,0.863017779784569,23,22.0022280265373,0.318175407312485,8.67264705063312,0.60666205386427
103.428171068649,0.645723612992925,10.4198646971917,0.626788672547035,24,31.5749174293298,0.411315272524896,13.6828607176738,0.941951352149339
15.0998351075272,0.585819686279467,3.391256218521,0.484469408119508,28,113.038883970213,1.27992210201557,11.463787415092,1.80163549525906
38.739286206834,0.943326401151108,7.64533144894887,0.732713022442777,29,39.7405564683123,1.75169407591441,9.13590495017802,1.86732324349463
7.66711347408763,0.426203174275743,5.88236879453107,0.776393911156391,12,47.9481562928734,0.734317711564981,12.4378137303505,0.818266776677836
286.554284856961,1.9736519922174,16.8396267235711,2.38858585549066,23,40.1231462048206,0.428210904826729,10.0368811499168,0.668899064458008
49.2203914174946,0.862710687624896,5.55653212171674,0.571275030671477,26,56.1864629223703,2.11650112566947,14.2127275700394,2.59216961258707
24.6435072367498,0.616176400820949,3.15306140274115,0.443206485596199,9,193.839444393704,2.07952193182014,12.5414844327927,1.01117162957414
7.69143070703254,0.300155613322866,3.90011953642208,0.572284024969575,5,73.3918006879163,2.83374866328604,7.18321586249203,2.68115690954042
29.8985986338901,1.54993474783533,6.72045543237718,2.20491439441163,11,96.9382466426635,2.82937601461003,13.1453539197221,2.76996815555185
100.436333490294,1.59870343524528,14.1307753887904,2.52377118410617,24,36.602438887869,2.18571170130847,6.12020156565304,2.02369162212647
31.5833711616603,2.18443712192472,7.53606637556898,2.17970036406729,2,174.654625905157,1.39416248335975,12.2059833238464,2.77963012785516
29.9914618693888,0.690376534622427,6.94238121700217,0.984447084790963,18,34.5592331734175,2.11440651423867,5.77587265912766,2.68571499176247
23.9390588373969,2.48031575934351,7.5733433668058,1.67316961176761,21,8.05097679817895,0.429388813499991,3.44146716151022,0.556140322668094
57.6911026228263,0.785610633303479,6.59983386201756,0.731857349223691,1,35.6637915248388,1.45231154454111,12.0662995591112,1.74476957113659
67.0908581354746,0.901301962864662,6.99950211915433,0.685868569689959,1,42.5356695848889,2.3933075476969,11.8488302568345,1.71581870459246
151.933938898116,2.95631509771072,14.5615230993828,2.43488083479539,25,20.528786564156,0.630533246115236,2.46196193009081,0.492947386657345
21.1806186071662,0.516663895683222,3.90576109563037,0.518534191949231,19,58.9207496583784,0.800428103423592,2.81633364158144,0.499853368780277
26.2813166118591,2.09668798094355,6.33375086495254,1.77994739413351,29,40.5103023877209,0.421896493358933,3.62380048098752,0.443981564479907
50.5389131587046,2.29759819942803,11.9187641796017,1.03032990689691,10,46.3451334564768,0.697650477342387,4.5924281404907,0.45661515417463
33.7700412796531,0.560116787193717,12.845302574209,0.799182525539636,5,98.7198739195622,2.64143358784417,14.5072471590258,1.35988600193742
75.1844495596517,1.83083044929435,7.98368873244277,1.24580461879024,18,24.615667577379,2.6702744243118,6.67170987698518,1.57115605785239
56.5129573077924,1.80466305774253,11.7599749004287,1.99386924286967,2,26.8705408748546,0.324041767736908,2.36650393447445,0.344941456581869
43.8695568516136,1.0813041772417,13.0524585427748,1.06236803807761,18,54.6012371048968,1.50113856241996,13.6192908354914,1.08177488186923
86.5157462618353,2.7547280614363,13.5862169678865,1.9420187175441,2,81.0015609102056,1.85802566027463,15.8761754289283,2.66652995624876
32.6818250527563,0.997694105333968,1.08785062752144,0.326732327197324,9,124.803811400682,2.44909065284237,7.23617281989603,2.48964217929316
95.4061521170685,0.862440682662949,7.99094131903979,0.863533940782814,7,26.7726769624179,2.82800818130947,8.71001558240252,2.93188882641497
34.3561944962415,0.620676694069532,11.7909821141355,0.824474556691251,21,127.182872015187,0.946502453283767,9.13151978059644,0.70313436136658
38.5663051062932,0.938299186013327,8.63334828986051,0.924463411531669,18,27.6157264196816,0.627418639887243,9.82124733703922,0.665976665948478
98.1107600444839,0.706138586489262,4.88207250028174,0.4774449770259,1,113.006798615494,0.691170496932733,7.23156748281687,0.639943134413131
39.9458028914215,0.72579501716831,7.08222963045773,0.548519005566276,17,175.039482369441,1.32877138897485,13.509049010057,1.51838514505421
75.9266284377095,2.79262996500002,11.8116385466224,1.72027532304052,16,63.6484281117745,0.790335840033393,2.46550484774288,0.430809607968639
36.5978005732589,0.943404818640165,7.23187494312719,0.632174057242826,11,37.9429000191494,0.80209501436792,5.97385678824103,0.982459644536459
33.9834407517258,1.20378007357535,6.63613974940156,1.13677843189118,17,74.723655281632,2.71957742523533,14.3835359516431,2.04662870561955
36.9218258970513,2.37015030675912,6.40516490115837,2.74040796052946,26,62.6213843000723,1.79099628434559,13.8400441208004,2.3492915793369
142.980226506298,2.0559138216494,15.3258597430809,1.22756609210525,17,67.6579379535843,1.10289686928345,12.0334684942454,1.30188115941495
76.1135381661583,2.49005827855803,10.7161874018657,1.72146339596853,7,73.3009374400339,0.75581393665906,3.94829560151586,0.42300433619343
32.6266456498327,1.58157922229554,7.65571139529118,1.73613017921657,27,69.1065581962575,0.499546620663333,11.9615025373189,0.89588345800488
32.1568809444112,0.475739734571849,3.39296613387276,0.480116907398131,21,27.6756532634748,0.541913585186541,8.62960250412839,0.689593341084467
7.58490915406217,0.333492552397571,9.78241161710457,0.646172502315374,16,21.4304606628182,2.66281066329285,5.76759963454939,2.40041668319056
60.5192147248568,1.2848424289702,16.3996365321014,2.85292369830749,25,21.1320000038422,0.422404661013193,4.85584406955936,0.451524642581362
54.1881908086113,0.808162559458757,10.619577779289,0.884790865253696,25,22.2219600012877,0.439525356110435,9.84596593015465,0.685683424994603
101.23823956979,0.671948158882799,11.2022494086758,0.937733788688755,22,23.3148343089247,1.72177046308414,7.6400383450896,2.81545419119441
119.244932428983,2.56460300449606,14.17847921166,2.86624789747193,2,47.0237502629075,0.938737557938825,5.60798761710681,0.81918461209074
64.3297741315633,0.948130759773304,6.82683700872068,0.509163215286727,20,62.1467872052162,2.79874562224384,16.2993277149167,2.44514275427384
102.799447174404,0.792325570193505,9.57098755770336,0.810368507937197,20,63.7455260614816,1.09852664903127,14.0433621425938,2.74664320306004
9.84402482803866,0.343009349263869,9.62550083986624,0.649616837566724,16,58.8862562418401,1.45360648541879,10.5021948463892,2.09375952815838
39.383936168805,0.935183402849617,7.97895327139977,0.559586439140147,13,16.5297524375427,0.475009790405178,9.48590309665928,0.77282172797231
170.848493540457,0.688071294753799,11.499451324104,0.685481973161454,25,87.4217011909616,2.45729063559885,15.8326358516551,2.43072156211363
29.5409936252523,2.2425506262254,8.84344040869837,1.19753808108438,6,90.2263171268035,0.817541809500229,3.40186643703384,0.427408906510319
23.0300998599525,1.73519419719095,7.66013964975475,2.95443988546331,5,52.7576368204579,0.702589330045722,6.11800502663776,0.97122930025242
65.7136025884737,1.40079515982694,15.7557525795536,2.82514952061965,10,85.8072878130245,0.730165535058916,1.56027159334619,0.300128675877176
31.48025087227,0.854685703233486,7.77627840107407,0.827294935351056,21,47.1123303720321,1.52766509820004,6.09903081863455,2.62977846777339
104.84954095339,0.714664480004901,3.33746604465385,0.374108861810983,15,21.7512707853549,2.37979683637614,5.71736420386371,1.92447663280486
47.162859748499,0.437673688341197,13.6257300526714,0.977031496954875,20,70.6437473244726,1.42334806876532,5.90663539787066,1.02937656356199
64.3001909927698,0.555040968708645,10.9761648365573,0.695261873818826,27,40.4634190469751,0.976948791374209,6.17127889118638,0.51927074446173
108.508708103664,1.88131488131123,8.50308845365577,1.54398606254753,24,34.5337185690898,0.455009535027828,3.40742230584107,0.424112487451677
18.0332746957798,0.361532048233321,12.5524352376175,0.905259771637362,19,15.6863138127952,0.538907656577964,3.8858760343167,0.541444144712468
26.5701547742939,0.825629515034541,6.93815668458572,0.905689865399592,8,26.8723281473632,0.767435502732344,7.02873030094563,0.993529747488679
44.621823074807,1.83043950251574,5.79656016899329,1.12891803559313,20,58.6993392119444,2.76224267285946,12.735888190006,1.01741692749588
17.8119451077564,0.381803268913803,5.02966359765208,0.872843069955587,22,24.7741362414296,0.745938166922027,6.10759667206551,0.59082809385324
54.7267323208088,0.829182479332867,12.5653344844589,0.912191594318715,12,39.5532067069974,0.669208065207175,12.8724586437251,0.947018876339246
123.980577075659,0.980156689324192,1.99913665580057,0.329359457495143,14,67.9400354347702,0.810961758984207,11.1553303786792,0.759579584946602
44.4670937315508,1.3064162423662,14.5664221882459,1.76680973341317,26,23.7346019108069,0.481949559572886,3.29161602338254,0.493048187420532
37.7101813077085,1.36289736365745,11.6851247987159,1.91656955307923,1,26.8840464780391,1.50177633025851,8.59021057778979,1.54845277068704
61.0073666650578,1.8259139183948,10.4172602735516,1.32873313094158,30,69.7079366362985,2.20729576932442,14.4790785865062,1.39973881461463
26.9532790589059,0.513651519203557,11.4654988141315,0.710727174070763,7,41.0841209214251,1.37920756014541,13.94262500761,2.0320574892598
147.408916480106,2.55723755796591,13.9515895530815,1.11388793366783,26,15.1974037287387,0.396606244778074,8.47425345803334,0.663733999343401
289.860827239159,2.82017536982102,15.1183416874333,1.23776247486329,19,44.8691206046024,1.01464391252288,15.9154245861133,2.23402079811878
30.6697080573979,1.09665539332832,10.1500813612766,1.31590928935082,8,38.4403172348251,0.760130710337386,1.39772625125013,0.369218146919188
87.3886243981752,2.16367464660699,6.97113653250232,1.29338901156521,5,45.6721038160264,1.34248803795039,13.4426715930052,2.63407192003284
68.1705665697322,2.5262309550458,9.83387585061949,2.23250960474,13,179.998376352273,1.41596109416012,16.4591394519002,1.83924439057758
42.0601716497286,0.415772127704155,6.81909788268141,0.483545207951384,2,58.7826948783477,2.41237152613315,12.1251753235346,2.17564345077776
56.8163702110413,2.37158854723643,15.8485382043058,1.82298773955083,25,33.8236332937674,2.29096000243079,7.68067232153186,1.61797950283803
53.9587416902286,1.5029558806989,7.02285848377557,2.97904463432601,10,227.512592177166,1.47942897411935,14.556443932509,1.87213073321234
33.1616025982147,0.637241461824892,4.56944997080062,0.464882589338039,29,23.2971258479012,0.603929975301856,2.11059352769124,0.362056111526679
69.2747319175008,0.762845752366186,10.6372838874535,0.772415725326155,11,86.7691983715129,2.01365167264828,6.678258975824,2.46056240564627
11.4598225739728,0.376534939294125,9.87499471510854,0.667506609591925,4,34.4654496840703,2.05890025328793,6.20387905814854,1.19984384473627
41.3153061557304,0.671768100664424,9.7507567078358,0.616256722614278,27,201.402528211919,2.65569918396216,12.9656442101772,1.64784096544859
41.8273354364341,1.34163989126804,8.99312656427169,2.0175118690765,9,51.4301939807342,1.33406822428744,15.8841620483781,2.35154115470306
45.2754074458643,0.543421118893518,8.10182233005573,0.843691519384466,29,203.776762297794,2.20538102433972,14.6811952454206,1.24688841219882
30.8942017467138,1.44203412762163,6.34730205443059,1.61919221311779,4,5.37818146291109,0.307009500890146,6.99221154376504,0.733296880467008
41.7538907337648,0.830382442315522,3.60119704302398,0.396759297334012,23,32.1245695288656,1.35482657245696,5.86442759734701,1.59908349843343
40.7957794479473,0.984658005593019,5.84358708912586,0.935079562570853,22,46.6033009481829,1.53057857498085,8.99725896781921,1.75581873721082
52.4875467635463,2.35116666870203,14.6425710721837,1.00857020327354,19,35.2752108919751,0.540281117185802,7.88313937688728,0.626987800331242
5.46627435402459,0.331343186005189,3.5698419316965,0.590104222976006,22,75.3979180602123,1.6712155577973,13.217141101844,1.26576372285575
41.2982469939074,0.534478506240553,8.87987424176273,0.756737546911672,7,73.7109347590244,0.997239170487487,7.07502797197651,0.653657049456545
66.6893725116032,1.09028124774696,11.7331671583891,1.92477608066344,8,40.2894648480798,1.2536167101238,13.0821835319176,1.69895178576932
30.6277081294526,2.00695111695355,9.4867625037439,2.21002816397757,13,19.0900212480852,0.594613579670624,3.94534062473667,0.524648568952389
62.3641701153536,2.16522021342194,13.9588737651129,1.66023765200073,14,122.606212562864,2.51089095301505,14.2021436897717,1.07563456245156
6.93407320527049,0.30002701617873,10.6091680106161,0.91253442587363,2,30.4450718833343,0.93340798074773,6.83780475978784,0.608454523141917
32.9786405887601,0.584391497225211,8.68363321198152,0.615450154817043,17,32.9605567191597,0.631990056957412,8.90242647270266,0.738672653967911
50.5594168690236,2.30708184646122,14.7965682473898,2.54382416166068,1,24.646704562729,0.326020677380922,8.42536560135062,0.569923812498848
43.3927667775777,1.22898527889237,11.5364858208517,1.40316184310182,19,56.0281860010095,2.08923639747882,15.7578184481398,1.3374746467424
57.6210552536326,0.791148522882955,11.0118783505674,0.710571109575513,20,3.73595415256511,0.357938036066275,4.39410454365569,0.735645832250139
112.066112760315,0.864910578686048,4.84631349137898,0.442302159912515,13,103.6553229612,0.904703488332557,3.68464828679029,0.55048647260891
30.0253827448772,0.370311018412511,6.39277437720636,0.885388341734081,22,53.3895070718934,0.764385348664006,5.44192850859946,0.496450321849837
50.7193544982538,0.605891386325677,5.9123852720965,0.466228303245413,11,24.3899763923918,0.558385741472794,6.3404674934354,0.849202877330037
52.2064021647535,0.540743828973842,11.7916515385286,0.846720770871183,11,21.1864212015551,1.67697235371316,5.70224214116629,2.97505550824485
7.2692127572232,0.324687710289814,10.043378441391,0.798563514824991,29,161.845865901273,1.41448474336456,15.9371684998879,1.22601415147179
16.0903679054536,0.592091064376412,3.4346303441081,0.587747127053542,12,17.3104890397738,0.399617233469345,4.14165918785775,0.571919844192933
42.542681902473,2.11657664736531,11.3011421030717,2.66600487291271,15,41.8482918418489,1.12718056307751,12.0975390752428,2.74590802684158
131.372261068865,2.10018683785765,8.90826351755319,1.09624518851331,5,81.762955060221,0.724705127047525,10.8462219972144,0.79258365054654
21.0244996329422,0.730326946325513,6.74886730953475,0.776614281490167,9,11.0680465349182,0.3646497596313,8.63708172689553,0.925247392837377
45.4938926483104,1.0106550719243,13.1396805301211,1.21734966505692,3,150.032774938238,2.02326709796455,9.55917919889647,1.02446084924885
135.59496502106,2.93299278167841,15.3563235128032,2.54877045190193,10,15.9288414341943,0.364919483555784,4.61326472101087,0.441057389363505
73.5744021629325,1.98788251314599,11.4357898099685,2.24420641454552,17,52.320993185905,0.796981828976794,4.31473911589527,0.473441219293491
34.5617909171123,1.11629321196471,10.501444075532,2.80348094138366,22,38.2906783516072,0.875595509416701,4.40603554189661,0.442138307034515
10.8677660968712,0.451001530282781,6.71134940047601,0.947845845452527,5,32.3687819565256,1.67931351331976,9.31548160659665,1.9758301970204
32.6189683148299,1.92197495621367,9.11158861629782,2.9136892317776,15,47.9105009683922,2.45843463914863,14.2112798721185,2.83653903785204
99.2870560287133,2.6960611767233,8.34770191134622,1.20011206806599,5,83.9636238233458,1.9888538779984,16.1483366714147,2.39727787682269
33.8134710059551,0.606208080303206,4.559963906589,0.556918783263897,9,61.3282013073089,0.990234002558976,8.41828574807159,0.538692042732211
82.3428861547414,2.01059042354512,14.0462545838406,1.01077705373152,8,60.7845406903069,1.88440150097318,13.0439219832134,2.68958410598119
156.137509706977,1.41594926008419,15.1955553502526,2.19064063074097,13,91.0439606623789,0.812878404652687,9.32424671678609,0.999640323343362
114.955225191484,1.19634349340523,12.5725507003878,1.59342216125337,6,56.6164055768824,0.885257433631512,0.782348820666029,0.303588879424654
56.5260610949286,0.844229908770805,11.7614520386742,0.977454123697483,3,39.9227949632586,2.62312520386075,10.8225385651651,2.74934936923377
20.7809124381433,1.97929208213123,6.80098187618958,2.18381323963601,23,168.244224037014,2.22926856771294,15.3457597867913,1.84374201054927
141.414695550505,1.87040322834415,14.8656604540687,1.86370229321042,23,41.9184912797252,0.637119207378418,12.0246285249657,0.892309797513438
120.72328557016,1.49499833001464,9.26292482795704,1.438798644038,28,44.1025530147199,0.995935174486977,9.14752401011708,0.630870379264671
35.8638407582336,1.88743775584245,11.1155663812216,1.48009178644024,12,189.778107981008,0.873475748542309,12.8063048213535,0.833393126362724
58.2687082458069,1.67776027630535,10.2274715323142,2.69214921844497,21,136.674967788562,2.57869497254101,13.000454620108,1.94658767466189
126.126553734236,0.587516321819608,4.34494490631163,0.422159930211212,10,31.5832602050833,0.841848340392563,1.40426608934819,0.337312158040991
181.302859749642,2.88149312576683,16.4408221390097,2.9424648557395,8,62.094565398778,2.23422172577407,15.7406346812518,2.19538979025709
61.1525092872745,0.82537955324266,7.12827842702998,0.524010760850016,8,224.641270841848,1.75048949862177,13.026551326607,2.0248240659428
88.7709262335875,2.69942926326946,10.2950700465562,1.30942527808637,9,30.9298262092084,0.729981456793559,10.2495757313596,0.939625001857679
15.060505164095,0.570797495519064,3.21762584960772,0.474286217973436,14,71.8302826155111,0.610462418021752,7.41281718748351,0.654615114049729
120.530599450891,0.842238348459267,7.64067063759258,0.743676972063944,13,14.9752097650296,0.384733589956807,6.45754595207944,0.827343795361496
68.0125097108002,2.22576083179229,7.07508642884689,1.46061332362607,27,59.764179318831,1.99923700901556,6.74470487282338,2.99880931398973
24.5033736097137,0.438554667194402,2.88026576785904,0.442215902693598,27,108.897046579536,0.93897811026065,7.12817927506238,0.782856825641391
13.9049310103038,0.443883328275298,9.43091453646852,0.778311627830866,12,75.3505076760077,0.713563396898064,1.23425491867472,0.326451706729541
40.0487718870302,2.33488556291805,6.51807763024576,1.90370000450262,20,21.2859647847405,0.531074313794085,7.30511777331341,0.89143726925734
32.7614267633873,0.457478101279556,3.31758835612912,0.460809312771768,22,129.148515758543,1.76510368454975,15.4556753325766,2.09365066406677
261.279908253287,2.63850963790491,15.0022994235389,1.09122703441656,26,38.0483040997173,0.928888004063176,8.88701204799899,0.88808013962909
20.8209678407588,0.551405799949541,3.2704949637626,0.548421736115193,20,33.4658076638785,1.02466094951512,7.93996633424794,2.47116268871239
74.4411627113329,1.1518365597177,13.9337424715796,1.05322013919989,19,32.5612821428685,0.757151174412803,5.85016829404225,0.630502222047011
39.0066996589572,0.817169984469315,11.2745805307134,0.916544092522552,16,80.631018604765,2.85455894128532,12.2580346397056,2.3810877730253
135.74155796909,1.9340553172874,13.2009382042856,2.46600478226136,18,24.835293494018,0.453369586690933,9.74918688882133,0.773737029174972
72.5492242599186,1.55987448335118,11.4981191913669,2.91104473728241,23,19.4711328452381,0.456456306732589,8.52510549328876,0.592094796418859
59.0525275142274,0.645990864928464,7.85524904620597,0.642646609874414,10,16.5065019925078,0.971052091324938,2.86611011466917,0.509378961804059
22.4337152247873,0.799593264425808,5.62827087701566,0.625349535135053,15,75.7943905557551,1.04091503154227,15.3581726819807,2.42443813059738
105.06902465118,2.18001304218368,14.0347391892209,1.51474536703712,19,34.3636901505191,0.651653049687709,4.00823382359596,0.387309490329468
50.1543416328668,1.62589282312889,13.9774505368967,2.31325996346149,17,64.1597687961082,1.79340037056609,14.5331500869985,1.17558569282905
222.940894477132,2.00401440551791,15.2052189574025,1.42262687458602,12,15.5258795675533,0.388728156944138,6.38248801584964,0.848413966092253
78.3675748579378,2.97124157046749,15.279813372995,2.77933788453706,28,20.1754796181963,0.308350981105757,9.82120031014832,0.995382916224865
53.6233682523779,1.81908695030832,7.16449961047722,2.19994556618559,21,52.290425456777,2.48716795366772,10.3828017365226,2.79475782143035
31.7233648835813,0.982078428508707,3.39950237959305,0.41176931693813,20,42.8092960041179,1.53367658368437,7.55484375359146,1.28116125758366
89.2905612020902,0.741869311797245,8.14971201242036,0.840906452522386,25,14.2395365143551,0.459020350281383,2.8666825641119,0.39312417734615
116.144351824928,2.73380377455306,9.23301433976405,1.8560421900355,27,102.248920663186,1.76298157225376,10.5149667943704,2.69673391334485
44.7065693721837,1.44605499118698,6.54684178630676,2.78498953349035,27,21.2174845587077,2.30967501470277,7.02082291147762,2.40222867886292
33.9842040278003,2.45900108368394,5.66483011828353,2.80649146198606,29,14.8676032635971,0.62327900769743,2.73172276847076,0.460011896265308
49.7444096658999,0.91097055399352,4.81521981606772,0.583579571207979,8,196.636284572041,1.86649598006989,15.5655130136641,1.89738175560058
37.739326237709,2.4702292002551,9.73280265244822,2.03232542799637,30,37.3855293673804,2.38914498960035,9.67574926592915,2.98277229393821
196.964418838728,2.68748647720858,15.82814020723,2.04472754820661,23,29.9340783913266,2.30254335938733,7.54633160439358,1.65060692790774
38.6504158088818,0.702050321206745,8.68468164619599,0.600670641641234,18,44.4293956382229,2.38916398831179,7.65727876715866,1.49320171192218
107.161159252075,2.75304744554888,16.7460895422637,2.17673237025696,4,53.8994840454417,0.554275984655792,7.53521242406176,0.837521041360605
119.726574246358,0.654695213753675,4.04491430570052,0.447951168265613,12,6.77452084814181,0.321538244251049,3.45476694975594,0.3804857501337
115.51301440451,2.24985244721737,8.23012010067941,1.93283472137036,12,108.998156821048,0.803734854756887,11.6506492289044,0.93835366431214
36.7042448575899,2.33399571175415,10.8245012337453,1.01849275882644,5,19.9966410926528,0.52459250616595,8.28807566677422,0.891895689040916
111.135007927483,2.71171312473433,6.19931772467095,2.29191976145945,6,119.854411812192,0.867812172888166,14.2853546778525,0.926700847593108
72.8937939051012,2.67522281371921,10.0387021546413,2.33230239566394,1,10.4095937694124,0.454987470996795,7.3305510823819,0.800257367023035
9.14851605141817,0.336045251855398,3.01800977654817,0.356002349129668,4,45.0570457277489,1.07741070219933,12.8201806382033,1.74102749131557
115.149994039651,1.77984944453394,14.5677627076976,1.25279503512935,3,27.1977862402301,0.611143253991277,6.34111019991256,0.986266142121255
59.8160447321061,0.435692625756693,8.29162804921689,0.590323971426204,4,48.7441311864936,0.998040276264517,7.55975542566302,0.530144598749908
94.602939617763,0.812201097830457,12.461782949051,0.809836619658062,28,227.923799593526,2.33599953359641,16.1473333209423,1.72719842271388
34.269851309505,2.97989677427146,8.36531531265308,2.6283007784791,23,151.408158661223,2.54024542771295,14.2319986665706,2.51471380608999
71.4563514385023,1.74216351598481,11.9969849429657,2.56409663148639,25,16.2358084078768,0.570592962816246,3.93983102495198,0.571925124996884
65.0598334561379,1.01691902905995,12.8413704523922,1.92893902257608,25,63.189886787287,0.938602277554681,5.44603545517269,0.673053462789814
84.4736725915375,1.02618579915961,11.9617825043556,1.14736809933501,19,34.5295589709243,0.750231089042003,3.49297724547689,0.44809344762501
85.2040083408363,1.6129013784341,15.2777540013766,1.04932417924905,10,34.9228477289951,2.66809875063327,7.44973122692978,1.88568285575299
97.9635475594136,1.45509439231716,9.00367883126913,1.06893083439366,2,39.5489178504952,0.780368487598767,7.10242951073767,0.636536400208432
85.9347410908732,0.641155437622901,5.15546711287096,0.459999996311292,13,19.6594685749339,1.05742697828928,7.00803974785064,2.94545034851829
184.317840346687,2.64942005248157,14.3365145547656,2.95298540369895,8,29.0962784911392,1.632698744388,8.36141453167355,2.97594341635186
65.4737922207785,2.75178804824777,15.111868506716,1.52873052106115,13,10.4397893628755,0.320407415763847,12.1774107709039,0.828894570894828
25.1611605662084,0.845414877514117,4.85238190103977,0.814908080735165,24,60.9550480356747,1.49714456102562,12.22476504435,2.8486303394676
79.5023300482034,2.95675958603331,11.0207744401244,2.63087025532628,13,32.5293996413316,0.709065822283336,1.83510461934769,0.348055150014299
32.4910462921766,0.535800135962667,7.09217475080494,0.723287978325652,15,125.622013525907,1.82175548688088,11.9730742901804,1.84106541290389
53.3472371613822,1.26004195963106,14.8528960600428,2.55631164362745,30,20.4133542360578,0.434725172873849,7.61711770404725,0.549445812013365
35.3331856998701,1.1104325586558,8.10741251696171,1.46146128512056,29,78.58016559099,0.921135491728316,3.29781399698635,0.378292362065072
37.1199418232402,0.462115382017741,5.62715080312311,0.90227080786191,8,21.8705162385385,0.445739263653355,3.91428986303304,0.382635670545982
20.0950327282808,0.351948590273926,2.51822095142286,0.368016718270854,28,74.801824041438,0.744708541552678,3.35075379963387,0.433107978416912
54.4606078011075,2.90801617079798,10.5893878218437,1.08037943863719,25,79.6324350180831,1.7404685063733,10.6824734917339,1.29356869716098
28.3783148464901,2.85545518579963,8.68940076069334,1.98794513227739,12,6.92921776406176,0.343968352889668,8.20635392178143,0.976892677300619
42.535377198332,2.92085302194739,9.65214005545366,1.46651539799558,28,78.8077178316618,0.635411559689621,4.56540963900583,0.426793887644408
103.124746975508,1.52034713576759,14.7880577902906,2.56886224417843,29,63.9902205457216,0.991248619397805,14.4357618020198,0.997367473496681
26.1894988801029,1.17551042279892,6.77748774572561,1.49376001242485,15,90.3153852849119,2.7076911567725,16.7733371363249,2.77836420303768
29.9215913316139,1.89881752132457,6.67434680659881,1.15887772953183,7,32.9521212756923,2.24508686071479,10.7884861046295,2.79851944108439
23.0613629861369,0.406336349508847,11.8706033777934,0.828202548612436,3,70.7667656963161,1.58544844641363,10.1713943207287,1.13495293747116
29.4050379642691,1.01673949552276,10.2232050129782,2.34349174534986,17,13.6638061608375,0.52881914316601,5.40733583144088,0.845366451110346
29.8902564468712,0.57360607267069,5.94927105270127,0.832307333944593,21,18.5014307073075,0.644337715397765,7.19034010627079,0.874460355641509
61.2571121868599,2.23706499633517,10.916156401602,1.41792594011276,7,85.7365139577504,0.894990356672237,14.0358822310157,0.951806258310825
22.8529382087209,2.01612218728549,6.02911454116917,1.91365302314484,12,26.4645498685059,2.57696074912683,6.8468584898542,1.14630364786774
82.0362440903249,1.48673112330032,11.5020853519243,2.08128206981122,17,22.7614912984374,0.771473702450849,7.10529278931798,0.748444807078647
72.4880994840947,0.868653141039218,1.59777819023506,0.349613362652282,27,94.3072730833099,1.36041776154709,8.67744279755154,2.23588746477079
73.2581699855133,1.29793443371155,9.22903046401451,1.87816121480379,5,70.3091520603408,2.0946953212921,14.3542940032282,1.04774334032106
163.947999176161,2.77847245535846,13.7994723861414,1.4804961778387,9,168.982984753147,2.00637669917384,14.6295915950355,1.52681958396774
19.2548273064874,1.25900397488812,6.39862841653651,1.38269406513346,26,21.3838653796223,2.05425930146496,5.71382530221235,2.4688385552349
37.2208685289626,2.17021950119765,11.9219521356107,2.57596670241166,4,38.4594838603958,0.584866250126383,14.7446277780801,0.972997570321789
162.765888690863,1.33887300419847,10.690365862763,1.45681059130995,24,9.74330216585932,0.330840965094439,14.5545234565158,0.989897864381314
24.855880636214,1.02998644915558,8.78841210630433,1.68318109459393,28,219.753121299817,2.03081990312152,14.9951789330754,2.08293373055053
12.944602830847,0.316015260830981,10.5424587995706,0.986604805109138,30,19.7829883711691,0.402258194036035,7.77665498903976,0.518582578256471
131.628172866389,1.5147675697573,9.27458582537476,2.98939701345248,1,91.8963940887129,1.78460521520271,14.2440091248513,1.8355065587489
33.6891237007707,0.622747186023091,11.8989104050277,0.89746729054562,26,117.364527233697,0.601854266708921,8.37333352970948,0.601013731920513
32.7319090118752,0.430326282790234,12.8089880669122,0.81273121268192,9,34.6116693622532,1.76202002144033,11.0250909519737,2.05076975045345
41.6226512601886,2.51275624015601,7.12896162863081,1.24919998439281,3,55.5311192462912,2.45007881403471,16.3012451605621,1.45579128201522
35.6525186312103,0.897478615706909,3.00902692039228,0.45470449893981,29,62.1759916456183,2.77393795559296,15.1875054920784,1.36235974403606
47.5180458666482,1.51243660811507,7.03522765450834,1.71959304722607,12,111.108884475957,0.807900573439865,6.75364948486379,0.618209479815046
27.8508287228381,0.458957559332935,2.03450119347336,0.375896540113063,25,31.4630466545297,0.70372753824987,3.95555769531342,0.414547065542471
71.7886351080671,1.45162132331344,8.50363246836226,2.32343819805752,16,4.45423794932512,0.330754453424906,5.3561467506799,0.684526183937482
29.835486423947,1.82320928671118,7.07271146744449,2.09929336401835,2,29.5924942598658,2.38678345158068,9.22219785856212,2.94470205176485
92.0546911795042,0.919648860947487,9.46304865530681,0.600513822936189,25,46.5796573368365,1.39005745135449,12.2491373074767,2.53937156277308
67.2641992898719,0.827340995274948,8.68345682318187,0.638383381915111,5,37.1018517982122,0.900784967153523,2.4559812380865,0.471046208567857
147.841849493997,2.53756848452808,16.2355196459491,2.22050441100034,19,40.6038473711149,1.36434602821439,9.52172359158696,1.87048233411189
107.23411413879,2.84185245404561,11.8239578796651,2.98570427208205,6,24.4570471953996,0.837462084986335,5.21431587968443,0.570446338120645
67.9248674037944,1.2420440128241,14.099835394744,2.49382961440879,4,20.143693811808,0.370260382679448,3.77358359868554,0.588396730195722
44.7326860994509,1.58079500502827,9.28358437600454,2.32735115032963,12,14.1476736195588,0.43246955143738,3.44750992545473,0.387362037771776
136.688618600362,1.82408984763159,13.9306735012359,2.52284663971233,20,72.8930615725378,0.612628027166287,4.1869571180146,0.433355961622706
10.9176324976577,0.529655885954793,4.4711988789114,0.776481728814109,21,83.1297897106485,2.42127244540896,7.69859837937932,1.08761078872839
57.0679219356307,0.980651182740997,4.31067332759119,0.745950399608146,21,49.6188554368272,2.73309677501146,6.02101356471201,2.5223978064642
66.7771800113931,0.646279677288561,11.613664051922,0.793565120184548,24,226.352636454962,0.883308372134234,13.227459139218,0.960284827397321
30.025701967382,0.473047555905668,5.58689930574387,0.55073432677006,22,61.9745951404984,1.84706039643663,8.72663464808433,1.82973437307212
95.8541350878113,1.35149297989399,15.5993037666177,1.84615944661882,9,69.8132862542279,0.863850142465774,7.27476858535064,0.604128398206323
68.1629264056633,1.72655917853661,12.4927635303695,1.98400982173651,10,38.3892810314516,0.874172330768358,6.60724702205438,0.612373078595003
26.4243823962783,0.384420011637693,4.39980155001856,0.465432262408113,2,55.304148472252,2.1723947074568,9.26773731245716,2.09857119833865
33.3059752141575,0.435790217839146,4.09645196726216,0.52715213338175,21,88.3892692585482,0.837829081358777,10.4786104752567,0.999796045755621
37.0051092695764,0.633185465813735,5.03145054173914,0.524515314079455,18,48.5442590902212,0.923868211792948,11.7116988326314,0.897331314766606
80.7216565733304,0.666841245951457,7.10079161222774,0.945070756200021,14,37.8359050838565,0.476288597577374,6.82977370889905,0.903871663420122
41.3163169136652,0.711015120648534,7.71582850036162,0.649047010537137,25,7.69046483962119,0.359138585944932,8.01892702367654,0.779174622745008
8.79463625526713,0.318933609217204,13.1127731210938,0.961236823936165,9,98.9750615660719,1.40539966932746,8.40494845449158,2.3836155858491
63.3690084143529,0.717545957990808,11.1185906253595,0.950798309719326,29,37.3508485015514,0.475661376674438,3.64429030652653,0.472791417002927
112.879027896171,0.686219430175998,11.1623318273937,0.971178487030994,7,44.4967860616671,2.990889194176,14.4647542857788,2.86936426013047
44.622135190531,1.71903071113643,10.0507920021478,2.833628344711,13,69.9530762624036,2.31905181558069,10.9068559033009,1.8250130584733
28.5866368022075,1.67690714939083,7.41037465328072,2.25307412814964,13,53.5649221461393,0.698101356555812,6.92514562373105,0.864452383701136
19.3919713802403,0.360230522077979,9.42675187519723,0.845765363422868,10,4.55174109567438,0.314332188606499,8.04496958224134,0.77699641510561
126.495799633352,2.74133486506459,15.4083334254723,2.91880655335625,27,69.0197671876343,0.943014086024776,4.96172908467372,0.448760123013408
106.196326481943,2.62951621600285,7.48473660100149,2.62244865055187,6,50.7373670265221,0.70311650187168,10.4778354731432,0.723783265483602
112.919615710506,2.23250523569479,14.3649810404215,1.64599992765063,8,46.447967663416,0.816599926333385,2.64264856732015,0.413257778317181
42.7932418278629,2.77675001692322,7.1468171632519,2.97761176897109,24,47.7680574028746,1.36523823762356,9.64472364657941,2.49527387291056
39.5782471599868,0.496767518092417,1.36034953748102,0.377757804789471,1,14.3945607145329,0.410866859130229,5.99569829600347,0.713999364106643
132.683279272648,0.863056777655532,2.91804091138786,0.349237960790356,12,27.9641595169459,0.678099355614204,3.83587047246162,0.444887234260335
36.3574287176118,0.888225580732282,9.51381581465914,0.678761685771525,1,14.4091261028733,0.351063060616724,7.71262219078708,0.661638135421044
85.6204180817893,0.805779397672529,5.43187561335767,0.666115030004291,22,29.2381093652876,0.941792063761178,0.946590331507634,0.339635223028294
48.4121613258981,0.678192201260567,11.8457054948836,0.96448690620897,9,63.1777500752166,1.10542647846873,12.8935095978132,1.31753876585074
37.2845606925055,0.761997256236328,11.5480747132501,0.840219279364333,9,172.588257285743,0.845093812928105,11.1331391241102,0.707730671365095
265.931512164836,2.15948366245382,14.9601714454446,1.51563780505198,22,27.8681298871217,0.470853756302388,9.56795572053678,0.741961621686609
24.4706824050709,0.557910352977354,1.69595502953319,0.312604224364575,12,38.7671686201146,1.20456285935114,10.795377206719,2.42419318768577
29.2980886264637,0.701258962062895,5.33978122989977,0.576721617270329,6,56.697874735487,0.957117794973917,4.77129096135716,0.493221709021579
24.0958019827859,2.20012455743399,7.28698983820242,2.57130703254492,2,72.6116194543261,2.57403087281399,8.8823915360121,2.59584977729961
44.3898853706463,0.715322499212957,3.00734496309201,0.528514966493911,22,113.375322915814,1.15256867145213,11.0965612649274,2.5846043242343
93.8059364353669,2.77687375979073,15.1364238718997,1.14715396279157,21,79.3772499456012,0.987196122216876,13.9214351615718,0.990004607841761
57.7443136209314,2.44583649674542,6.58188219199385,1.47031996574489,27,29.0173571503894,2.59522516541409,9.41238848973154,2.55211825708592
79.0821527814064,1.91879126748346,10.1637097309782,1.11862364941999,21,78.2208091320265,1.76897391118009,11.0080257253805,1.11432330902671
46.7131426532777,0.908324814461894,8.512535316868,0.571451911661127,10,22.5652199451816,0.592442712485645,4.43483761022975,0.451099048365648
45.5919243339451,2.568046882246,6.85211582926915,1.24716777702644,24,88.4201900548514,2.52240079737759,9.18254421954336,2.10160800154769
19.8314268246446,0.647179143789081,2.83645685396416,0.443199323589128,17,146.927308112342,0.816271535459294,1.68992283831947,0.31746723752701
43.0676448868839,2.05693149323272,12.119517096154,1.94393888433886,3,40.5275121532326,0.632026432996421,1.83725683782628,0.389255065175497
26.6794408053735,0.650456045498952,9.97196896235285,0.872902210195536,11,40.5878960332229,1.40775873587583,7.9112294512926,2.16447017362011
31.003474410718,0.469185463604456,11.3471341964206,0.786045933051159,30,109.150970382091,1.39948120142636,13.6021278332552,1.20711434603737
91.2616484800928,0.936706900298262,3.00678587791089,0.371588158184651,27,21.8119095683043,2.45398192876786,6.14716492393218,2.78590165495172
102.937341908061,2.09349378944602,10.9193956284481,2.80108998671114,24,35.2700114139373,2.3200176648153,7.80405160042264,1.99903560870326
56.8869931150492,1.1265380524501,16.5624856065765,2.59612808335971,25,34.0445718029533,2.50260577614564,8.90392623878823,2.62243664959419
124.195269004229,0.616087267184864,8.32964392742071,0.649697798502274,5,42.5976810926427,0.424125570608669,5.96532093879662,0.652280024806875
27.1131592586543,0.990430201016997,5.26896803525949,0.718678689004011,19,33.7462655874064,1.83992623357941,8.67516652096706,2.59820948528399
23.9872950940788,0.356725773302185,4.37969069158854,0.397673054425366,26,32.9486477898873,2.85172574771795,7.09798463326889,1.39167290616569
52.6465345580301,0.754179624352678,9.15995548552577,0.781325142611306,18,47.2488874718677,2.25806908683672,11.152246889096,1.59027854685296
108.230707193371,1.53475009000257,13.3282512984087,1.21717468012655,22,9.19055675353695,0.356122262438222,7.23826813110029,0.932253190546932
110.359734947299,1.36047226061552,16.1555629049195,2.70792966237234,30,138.863795122866,1.76988800613204,14.8637239548867,2.95650184746102
29.8197428118346,0.86601339212416,3.34356621477882,0.423987693482707,30,18.4260738454758,1.13246027533443,5.71612185035773,2.75103851309117
105.048706202602,0.974883670970191,1.84553364370815,0.359832173454279,2,91.9464623122072,2.84024536396628,16.3338481556869,2.42066984217202
4.48706934000742,0.302331717310793,6.06772416887207,0.94958531395861,22,36.5797870656135,0.397816296919368,6.60567385136119,0.498858610933006
45.9552167071578,2.28137156939438,11.4404011316917,1.36841301333631,3,34.5521374162724,0.452718570774767,13.3862670414174,0.879911513320785
132.422360685083,2.00587552900039,9.7131572030665,2.56938414959517,2,43.8090057935679,0.998338258838202,11.9125820057019,0.732814119033032
161.560440043716,1.62514624890715,14.5158149830626,2.5373578988247,21,42.6964229708911,0.675423707690432,2.0996580951486,0.35146736354623
135.169312780132,1.01019272543816,12.1572208148526,2.62902297897425,25,35.1771528486343,2.31580388345506,11.0732929160274,1.2300860668119
31.560363743857,1.05053381861298,8.27348967396487,1.0754029601656,2,19.3674563321982,2.2006533830584,6.20715880519817,1.3856787758887
49.4849720721239,1.11868205203266,13.1413166428784,2.81749332515907,26,150.329326726455,2.25614346908297,11.1821179158363,1.12915462768827
80.217281576637,2.20369690404929,16.6468634816203,1.69210614539058,20,117.85731956238,2.27831327852943,12.7580667172502,1.89659674177318
118.863537940949,0.505452290192112,9.75640333611283,0.609520779390132,22,52.172450505908,0.536902751920517,7.08106178699627,0.932015826306467
54.9258842436383,0.55158995867518,2.92458003380506,0.392635709918649,4,35.5782370900395,0.783934892681517,4.14013078359684,0.487962912189766
29.8526798805236,0.505854796034539,8.85285369021872,0.579807690192314,26,19.2852533672482,0.51244995955566,0.964684538934703,0.346888496582876
44.2023068993379,2.00366145595396,14.557378096382,1.89684789218549,21,54.472436468383,2.61505929846019,14.4735642383458,2.98975136237552
31.0702941462873,0.540623757972019,5.94461007859717,0.869766524539086,11,60.1012606217159,1.6979835095546,7.86645082498603,1.3370361299989
22.1234743449582,0.924470876474684,5.37847784405746,0.643427113432789,17,19.2944603197887,1.8971772860916,5.4842844752912,1.22925742731849
217.295717227308,1.40505141931889,13.5986546409804,2.78472815171809,7,90.2123078302546,1.42933680163253,16.2197404613011,1.29521435445436
77.1686516523453,1.72256660061755,16.7021797794111,2.91798912730356,3,38.0779918354966,0.740937891501895,4.56434056126601,0.479407316539559
13.2627354624832,0.442011152471835,6.7647013231523,0.747468297486173,21,99.2893211483138,2.90811944373571,12.1675032934518,2.956394018059
67.1162727472299,2.46096772190136,15.5008920536363,1.9636061066083,6,52.7497912234266,1.25342424639376,15.2117875666412,2.67526907489607
75.9502207212774,1.65473975933525,14.1938547401032,1.26575432554209,2,35.9723419718688,0.511458082113124,6.1787171053462,0.502310325048229
34.3922300819832,0.641507503379378,5.93512193668086,0.928659704973929,18,36.5300752375251,2.85448715038735,11.4975119288712,2.93902639144248
124.535337582023,1.48330597696455,12.7879236405883,1.70299288289412,10,39.2479525869364,0.572205597809996,8.47013239838602,0.588311853693985
85.188664085139,1.66724289221495,12.2135749882358,2.42350284691986,24,52.5678386889633,1.84722011613681,10.1437064909661,1.29919803238687
63.8946684931125,2.4333071770923,14.0469099861665,1.39212146716191,6,64.6851284062322,0.377764464215188,5.26837905597273,0.431728715687666
204.616637878148,2.44509224666486,11.8831597810306,2.92943199545515,25,112.63678161407,0.918432670502519,7.2522312485802,0.529546289073984
26.3146694521898,0.520039939664713,9.35391892655941,0.70324993284925,17,104.611375346131,1.13250745491416,15.8513645539954,2.17672861207889
41.2031665351149,0.629999088912838,13.0507960130802,0.795182551566338,19,62.6207646285113,2.97548910476096,10.4701800686889,2.40581770929866
43.6505983598534,2.80870427082924,12.5784146012632,2.42214399848498,13,166.872623037929,0.823620767977312,13.1080378854555,0.930472601355322
9.46580481437271,0.434111620591278,3.39110629185529,0.481721905603841,17,13.8109413037606,0.376318330780211,7.42257493640717,0.586124896172423
26.8710979169218,0.445856219003486,9.53699459361773,0.606260897220135,5,37.0377270497879,2.43434063854137,5.91152498554644,2.73844688904891
56.5043389586008,2.93755033795088,13.5144501805377,1.49935714066725,12,37.9105515817661,1.9970524142399,8.06431902490692,1.71888465170933
198.80238912129,2.2362407824778,10.6554267628216,1.80051529052143,26,72.2147712865905,0.806763974597119,5.44266151797163,0.523942072743061
35.5047290303245,0.962738334541407,5.20710373522029,0.499582717590082,20,75.3600675905138,1.48624823430301,7.26315594422916,2.52205055836041
26.6321326499248,0.460236309602078,10.4685829900107,0.632692358321314,14,81.5321289756749,2.20342946835931,6.1838593265897,2.19803118155649
27.4444774793408,0.484312576002951,11.8633990684456,0.846770132438035,28,33.7202835199752,1.02215003428349,8.29116262401308,2.08984683469553
28.0239002764882,0.91886463513301,1.48663850780981,0.367402040259414,1,31.5703500011923,1.03845430140513,9.00270280191192,1.49829253544252
193.16932514635,1.78757381099995,15.2419797974695,1.43405987838685,2,61.001236804353,2.33120932057604,12.8953287154798,2.387166958937
78.8760383741625,2.18453395946992,14.0923880933775,1.36087694592807,27,42.7568700008362,0.572056419482085,8.26447165939664,0.813839789448995
15.7490730014505,0.412517957825446,13.0035732439296,0.918105154493568,26,44.362895868841,0.96325437067724,8.53947217889611,0.905787793489186
180.59977345771,1.73096171329088,15.3153527807473,1.16793243782058,1,37.8486754272256,0.696526151813965,8.02566151722959,0.539306253483677
47.9769600882534,0.361576913093609,11.1715568180741,0.755129251022884,8,60.1653694216245,2.51075269953072,12.4909996035178,2.53853397612857
45.8994440989344,2.26396742642241,13.7013999775398,1.66187286344113,27,29.9800058250705,2.53538728314277,7.95042340250923,1.00985828718697
34.8701494730673,0.632528994533179,10.1907734494566,0.864041720175782,17,140.843389165197,2.17565730118503,12.2998284046329,1.97579970744739
167.165142183315,0.975007124265056,3.13373249989907,0.378458518835658,3,38.4174834770139,2.7137765775383,8.83775276105293,2.55813885530997
5.55297441087175,0.320192335772752,1.88728012605056,0.34089212902311,21,41.8895326762829,2.99541298410423,13.5217643901777,2.98139211195563
285.174988045287,2.50266732229712,16.8242202058886,2.27693153702569,12,125.40354451465,2.87092515826854,16.069955842681,1.95292325817233
15.3398893431081,0.323344198849341,3.95927693228365,0.449818830723313,22,20.3472406680967,0.404667631398336,6.37328875470693,0.705540577687531
51.6493515712677,0.548379250633891,9.35304689045187,0.860868606609228,20,98.430167485854,2.27903468470882,15.6386081620007,2.74385998321038
68.8893799811313,2.94428076808054,10.1973311112425,2.48752201920164,17,54.4842517404861,0.546744183102946,8.38594985546073,0.795000156157194
64.5270376354148,1.22509346683766,13.5410300086935,2.37821784968151,3,23.0868117505745,2.06133385547224,7.04857310340172,2.90383804521473
140.301239976322,2.88117222894565,7.84394612817493,1.18447908713158,27,39.9815656861194,0.744317938004572,13.0897911630289,0.987579331300281
214.756318041607,2.29152144450959,13.3337020452144,1.68689932060398,4,14.5740462911804,0.328359895865271,11.7033987487889,0.774693491053152
26.7627161094614,0.517103667603525,9.00699878133786,0.644780149438609,8,72.1188182669304,2.79750493061311,15.7891277959556,2.42456051579863
61.4516325349466,2.70243383097364,10.2214556618287,2.55310252111815,17,72.2321106206993,0.903795912356929,9.3846204957936,0.850940937774095
36.2158434808999,1.35721656546836,10.0244260673055,1.1767342604272,11,132.697934270385,1.23689580976594,10.5342249227011,1.69180064383669
20.6565881989059,0.942147204013151,3.57738415818175,0.537809081444157,15,63.574524058155,0.95882076884873,10.6765095107352,0.981073005932458
43.62465483973,2.49294228899687,7.72613883407656,1.77337708777231,11,49.943815473575,0.913166174016004,5.69530121859938,0.460499672138407
41.4102389614336,1.27730494404546,5.85522366032771,1.95122295314982,27,26.578963589799,0.734882243866434,7.17509102108023,0.947694233329296
43.4837633346313,0.651747895294709,7.83920795188393,0.768123102557087,24,21.5723093307115,0.34954379757789,3.01488079241926,0.435651778490494
137.339177660063,1.6189772367197,13.292750518909,2.93240298520372,12,38.1487686616553,2.39055570587799,12.0387380873953,2.06971288552528
86.8030478518253,2.46337450353029,9.37034944793997,2.53212728372377,30,21.0251841389512,0.633044140773016,7.46796839769708,0.683095527555271
69.2315243543427,2.34032394105729,15.9607810129949,1.82404825921124,12,21.6428516749206,0.907650229629148,6.63847568036819,0.880945617044517
73.4247407936483,2.45773215288159,12.1533559628158,2.84847909498686,25,82.7823035523262,0.861354229533508,2.42708589457218,0.344279692174552
45.588062754851,1.6217794209876,6.45577037073638,1.36573265644768,24,60.2113544249322,0.652371401339849,6.75494033758531,0.72791314415896
45.4327662494138,1.92183400950073,13.5650041859521,1.4217758462297,9,33.5308289471577,1.31134014805455,10.2450401928251,1.23634914010963
6.36580981017193,0.414259938158214,0.640855256602581,0.30449681905617,6,84.4980844693148,2.72469428551044,16.0055655836781,2.93036854544562
104.232872631065,1.50783575997872,8.29766931206616,2.89319941969904,3,67.189737805782,0.789271324621264,8.49432442198066,0.541946327013069
36.3761815623444,2.7149146739884,8.23881153887848,2.25438940423785,17,47.0612146778764,2.56369926524568,11.3980993104224,2.74445742107911
31.1110622012692,2.72788601451858,6.73694024457918,2.18265814478812,12,75.3252938690786,0.833967733208243,8.73824329600887,0.752214442018826
68.6471849025132,0.908525206142079,5.41047811673067,0.474735479837248,28,163.736282668491,1.83605300253914,15.5828668866885,2.71686095856014
22.6223792524611,0.455108567165032,3.42471067225854,0.391783998117685,16,55.7019656379439,1.42468271290995,14.125266545507,1.48954458362665
183.562847535115,0.94251048236795,3.97883751789837,0.388039875535772,27,54.8885608934555,2.21445029015509,9.48338569329502,1.13157669347362
31.0270098600069,0.674960428083161,10.4730514672884,0.711463352650713,9,49.9033252080426,0.934516755441295,7.12640785665934,0.954302165257543
8.37749252117073,0.330983970634744,1.17234782377279,0.349974189183955,28,16.422269228554,0.517526565750921,1.74260106771346,0.360389612996357
44.1999684971995,2.5418695030244,8.98909280236108,1.90518250230545,14,126.404789879814,0.790933257926749,4.17547133120935,0.420241861618732
34.9670240459501,0.812132847318157,6.1112863448963,0.849635102213227,1,84.63371398226,0.925809999917059,2.26713014207849,0.332003593828085
96.1378453748464,2.1972674503897,16.7675899715945,2.55360999864999,3,13.7800645551809,0.461306318610167,8.6569379841455,0.782055525631468
41.0964519626796,1.30642560374271,12.159469288609,1.6459625773807,14,80.0349389597804,0.62244706642151,6.40755837927212,0.783910568053602
35.4110767773023,0.923171843842696,2.67762204760494,0.371984585336437,28,19.7741418237371,0.843094535343065,5.84257166263283,0.74541304018493
60.6642478125908,0.568731052805616,3.33667791675896,0.431443222098083,13,33.9204889097213,0.555376716863699,9.15460947442691,0.854786848390081
58.9678990872952,1.31226278705964,5.8542130280247,1.39076306310165,23,28.361929502179,0.846758930673222,4.03725753804787,0.509472688991584
55.4992308683536,1.43234586275236,10.9810620058775,1.16942326983849,11,57.6382819515828,2.78460866638804,15.8053741225313,1.38437702809696
22.3318739702982,0.530629318493361,10.3744605035915,0.91314503739276,15,19.6047309319493,0.413716083784559,7.42484900790209,0.961862561683614
45.7841228299895,2.70290689405949,13.4206306122224,1.94422127178692,3,72.7922324719518,0.701614128835175,4.59315577018823,0.550846958655935
17.3387867692494,0.402264261982331,2.85215000265969,0.381416383870555,18,20.3374102075301,0.420492175836999,1.70773588433124,0.350699538186975
23.586950451752,0.320771478699219,3.70903477880307,0.374844383862741,19,26.7607813649144,0.315569487320649,13.6269658850031,0.965473515205181
114.433098979437,0.746251312335749,4.56079176625982,0.464398447786564,29,67.5101493730103,2.7059375478778,11.0957366847631,2.77204006041331
48.3090133354896,1.94995511568721,12.3941263315673,1.37674680952788,5,35.7313906597588,1.38918891180564,8.18346594587089,2.13182237313281
37.4349333309672,0.869498498369386,3.46339226625205,0.527371446208711,25,52.9996877516626,1.1177364203827,6.07225883891585,2.90854254469139
64.7473526508452,1.2785830312173,9.03917471177279,1.50956634211315,2,43.2489338156337,0.792014740621382,3.5351576968162,0.462567868533111
15.5777346358883,0.430592065069403,8.93513352833521,0.612576341541957,12,21.285429618985,0.890398727720869,1.27787926722307,0.346042308024262
21.6839474187465,0.670340827687126,1.64077132652103,0.38873738754023,7,39.0118664400683,0.884201045017326,2.88438308312402,0.467930190125752
58.5224013391375,1.39402232840612,16.3736403294851,1.60234746548915,23,254.78171987268,2.7093784599252,13.5168518795966,2.61520346228745
52.325406842913,0.558293799651598,7.36477744362857,0.633015162759945,28,158.684982728401,0.906838531099721,11.5220896823266,0.819518135579707
57.7602197379018,2.19141448815814,8.51791406127274,2.35411828271678,7,70.9469861363387,1.47947051850416,16.0720264256234,2.21649603754903
20.6338833129044,0.486116179798154,3.99759170107515,0.427090844553393,18,43.2573667629054,0.605070911634858,11.9304918017802,0.822824773733522
68.7947047672783,0.818948223025707,13.9207412899378,0.905776809052827,17,118.906177769136,1.33165959931113,16.609049636536,2.50592709982909
57.7325294124967,0.482329923074834,11.6502873831179,0.901043563397775,16,42.7819434534243,0.964393390052926,13.831374227699,0.97283221029002
22.0636155561733,0.61566222098603,5.56079012005763,0.98650011890198,5,92.9467118932688,0.855328437733286,5.99257943649462,0.727196987733639
63.7659878386579,0.909827171634869,1.77287493965507,0.319460686376487,24,35.2058606601681,0.473853624908485,14.5115363267544,0.944781352489968
47.0058515496536,0.500349450194505,8.60082747198844,0.64147031197059,27,45.2188494118863,0.796630270619419,5.3736514177747,0.468711804698897
35.7781274888957,1.67767138387698,10.8399341041949,2.6116541035803,30,15.7993553409209,0.418983632506119,3.84377009255142,0.677152364102709
48.1265915470493,1.89081167026421,8.91682697163234,2.32524636063214,6,67.0843270757078,1.14922395593054,12.5387802757797,1.04365202336457
112.53584173641,2.58025284972433,12.4437168410532,2.60458080426774,12,60.7328391138924,2.85510360645497,7.92317455953758,1.06042766597219
27.5339050260135,2.78366281013207,8.82038529254329,1.69319759734269,29,9.86329380166148,0.412528883627726,6.74443365970182,0.916348885756003
41.3693567731305,1.71743240024781,11.1105778833396,1.53435181472333,8,19.4501594530081,0.429606107943922,4.46056548695403,0.461560427648686
6.42670842934362,0.340597224215732,2.89166436487532,0.386242573197706,7,78.356324518941,0.601033134134791,3.12211516079408,0.406495131836027
21.363915543322,0.43212816833131,1.08322360567134,0.314065428886564,12,86.3196144430852,1.16154933456298,12.249852909311,2.30063181593606
36.0074670350945,0.846422856418939,7.82109621019854,0.689848071914661,2,40.0100703739678,1.15622911064962,12.1809761334722,1.14223449585324
39.9813829522452,0.903660047490756,4.58686986582644,0.809294323797396,17,66.6470459933777,1.43198554555641,9.18685164113474,2.06748994740519
35.8061106134083,0.74499688433692,4.49441638631551,0.538056462050055,22,39.8361836100931,1.27961312972331,9.58772828438617,1.20025944281384
53.7147047946656,1.51933208168144,12.4297607374558,1.05835340678954,16,35.1600874460532,2.25345932636592,5.85351283388225,1.86348163715011
65.0461984011144,0.968515571666877,14.3920193717236,0.921876785605125,23,186.081828924973,0.790940977836877,12.4924696396073,0.774931142672732
105.203760172572,2.63497943941298,16.0873126030579,2.9370375852747,6,31.3942031585562,1.48972733153403,8.95802104350199,1.55972377531067
134.242297356865,2.06914870789137,13.6468779882306,1.14322411759113,7,21.8657534780331,0.632471984014768,4.65591563603572,0.571117501305032
82.5185376673768,0.578662064794989,11.6505863855975,0.789398480221183,4,42.5070362664351,0.396458143555329,11.3078175856935,0.742200573043816
143.952335093807,1.04339294152202,8.46711308326207,1.95309961490819,27,35.5475361310537,2.94984215473234,8.27633238378899,1.50864392144539
61.3399915886423,2.09019787505628,9.94799828932801,2.52286502552246,26,38.1011331747283,2.44271461950061,9.0308679397941,1.38734717751313
63.4713176686127,1.75916649533148,6.34566119157522,2.38908090118582,22,48.6821253341824,0.98087645917864,8.70194020734642,0.808959567482285
86.485154217384,1.57956074219177,8.48557907961429,1.77378231700961,28,42.7162710353036,1.60652344164727,10.7140000243531,1.55249411357594
79.4329727194688,1.39574464619434,9.15943525011821,1.43953742938676,26,54.6864073320125,0.664518738862691,4.74552594377638,0.603892934278558
32.3277295056762,2.25428278625817,6.5133963496169,2.76425207829843,27,19.001432607722,1.08736551837448,5.6978669825079,2.5607182796465
106.912003390418,2.48524730585215,5.68041053926356,1.75315284120977,6,12.4471343885031,0.34683186959381,9.34447435750581,0.699541637207141
116.971909339714,2.34273125594168,7.10968730710876,1.68455568599769,30,71.8753645817422,0.813662920697531,6.16913282378578,0.780233847092421
21.8519550772563,1.08021584889763,6.40036330972787,1.06001468330145,20,104.873467982237,0.752712057504395,1.16417645465406,0.334177055646496
48.4714748135643,1.68183102987667,7.90236496854899,1.1502429330802,29,38.7704475100252,0.837125464445105,8.1193606328558,0.861297700230274
173.565901624519,2.96737272266696,15.463652797881,1.76599764555694,24,133.451794738946,0.891177889760329,3.66152161469384,0.397432285548145
99.4680097161019,2.80008157238208,10.8012221565558,1.2070890796816,14,95.3989330702549,2.70195318911723,8.61973055411167,2.86244076301106
80.4436038584072,2.46986822557653,6.77915698155932,1.83052204859504,13,64.4274209636459,2.77290057401336,8.67389118227942,1.10865241112228
54.2719443687139,2.90316825079222,9.71242673762487,1.31169644474233,26,25.2494409855086,0.575962561191748,3.45841707976228,0.391261013833795
10.6196999258086,0.37784301131054,2.39351294083523,0.39225640998128,3,149.990698670318,1.14641239346301,16.0584840009402,2.51165619916103
61.1390854978565,0.890770108371444,8.32455325693157,0.851974279303142,22,54.1204926553871,2.27268053366784,8.95669864316999,1.65512853389028
49.257114880981,1.62106992533739,7.18658970777977,1.1350338102873,22,160.868028544906,2.45210588713567,16.1448296713553,2.52759526030981
44.0509570512528,2.55401805666806,11.5126452764703,2.23967239187071,29,44.7667986838907,2.71265529061332,8.40175289111091,1.47579056369331
12.1530022697614,0.347313521329956,9.36072609605922,0.869897252896658,12,43.4599191741247,0.782530523450136,2.92150838631841,0.463785889415623
66.7956872048473,0.967250758403984,13.133163911906,0.990410170145812,12,57.8080316937137,2.51153434651144,15.376713765184,1.88546863029371
28.8771159823934,0.856341444012507,2.067014678617,0.382266270981509,9,45.269065502539,0.993190004115937,6.94013673836472,0.991061906405629
66.2239070902737,2.4538690423329,9.714175562361,1.55192292124892,8,55.9310381161126,1.1331285459518,16.7783493134956,2.26273682996972
19.1479913619914,0.303445158243436,6.55755764264387,0.498459349031345,7,25.5608678933234,0.662614431336513,10.2594639950391,0.869305276234448
40.0652607046642,0.704282547471932,6.49017903559699,0.668670187046169,28,23.4713855721897,1.77862801791505,6.87735618359375,1.25354933166951
228.281264308881,2.99006577345728,13.0449559875803,2.10840317427789,12,43.9300531669071,0.66210643871602,12.8060508118351,0.925462548493583
145.243487217088,2.50439390513445,11.1581262581133,2.67992204806271,29,99.005509005886,1.11517872785324,11.4736857243889,2.51965534140542
41.9602945491234,0.890866050893353,12.5040074932517,0.857710930441563,21,43.8955763229842,2.37184642578822,9.38081811828296,2.54983414016044
29.4514263073119,0.763791217308308,5.55763051653249,0.517479659052504,21,41.0022751594344,0.771636874484759,3.56527972306712,0.444194009102791
120.195470115428,2.25543889134324,14.6652292291711,1.1116049316167,23,85.8108722960838,2.97917532542826,14.6906997883363,2.93304822004113
54.8563139852555,2.5200846442818,7.24933793810852,2.88409676192625,9,26.0669927832956,2.07622335049484,7.05278801668025,2.06350635701982
80.1485269073007,2.21130087822308,9.04137981664642,2.21218284671086,5,85.5749358970234,0.466841676795321,3.4473065529548,0.372398262345908
15.1009982090247,0.429017351416092,6.08922683065024,0.884664546867632,26,261.65425431711,1.82804386144321,14.4393423014169,1.69279136895819
23.2841527047263,0.551382768440101,12.1459833285037,0.887895893762832,24,70.6745638679581,0.704982367432297,9.00116863958282,0.61866941233565
146.603147310624,2.17567672278964,12.3057349393027,2.21183529388587,18,85.4109029988445,0.887123893604936,8.37674848250405,0.797962008292635
4.37957664728075,0.3213173566742,3.84752831398414,0.522905458132473,6,81.4472792596509,1.72504745206538,14.7480480829183,1.69724780136404
85.2618091172031,0.90239267273918,5.7182977615087,0.532573722956445,21,40.0477003598473,0.967624136763919,8.0174917045198,0.909073722626185
37.0762324919327,0.746006136793946,3.4208536315237,0.371963435330106,22,92.4746604390263,2.48497199767812,8.16678052806946,1.90094745983811
11.5693226195248,0.44425443120503,0.965741569280498,0.314622659339779,16,140.189440054559,2.80423519531492,11.5096555990998,1.50060440485602
47.4364589028493,0.811460304310845,4.54720764462102,0.550979493468801,5,35.3009352621463,0.994426441605786,4.81045656994898,0.563071578759573
40.0280699856372,0.957395849010488,4.59276185036571,0.533431160429634,18,3.76073166731846,0.322078998827098,1.6749152482265,0.355709673624357
199.877506623433,0.862633047426625,10.17910927561,0.720656821111726,21,151.744183825343,1.5569458053482,9.07323394931876,2.19798695242618
95.3426475371585,2.55700269909457,6.35374611714583,2.51682594716139,29,60.2753272960717,0.919323527098179,10.5272544655089,0.666834986142923
27.2339212080196,0.989873450930096,4.64274925401576,0.673931550616621,14,8.7051526267461,0.372739979452582,4.68528170139083,0.486269559295179
56.2195384462677,2.61068616114954,16.0251481315203,2.43011047316667,1,70.6733592912973,2.03352654409533,10.6849735093778,1.79074878835572
11.0875830800901,0.418614481519653,4.25062403662227,0.51445623270114,9,28.93167615055,0.815470895790922,5.821341180243,0.753862541138653
30.154956239034,1.68784702318712,7.63070159261007,1.23950597052664,28,43.3879964190594,0.566216643227846,12.8247754998901,0.994499585664478
94.9588872936673,1.71459796792503,16.6622712873432,2.69950546485606,4,59.224793781331,2.07729317077135,8.04876084401193,1.5172299858901
64.6122813280009,0.605752955601059,9.89856263520331,0.799952274690347,18,36.1635788690759,0.776947044047487,10.8581735528915,0.930021675274429
51.7787861689202,2.09359625498281,16.1715273656808,1.40612324435071,15,88.6174023521125,1.7846804315601,16.4001425932406,2.38270456335897
40.564761107465,0.667148098278828,9.40091103253521,0.765212387557972,17,82.1190396204736,1.13645687579493,15.0948644327424,1.78768122354906
40.4859979973043,0.834533584796791,3.72520489417954,0.557032973724197,11,73.0075545516061,0.710478498690373,2.42247850522604,0.33854278986046
127.789704144435,2.12511681385478,11.6373059796897,2.84763044807503,24,28.5983916934557,0.570524970921507,8.63489158428553,0.627006543823161
35.7515721996934,2.60822011064591,7.31298860938659,1.62893835443577,25,44.4283062265783,0.65499707047856,6.37267971006305,0.512678497437194
21.5961314190365,0.493591758150356,8.25047951926006,0.57593961267544,16,80.4124732109697,0.87873266445135,8.33490400371381,0.884255698449656
117.222565763974,0.736834420722801,6.41011608729528,0.513036970219837,25,94.6824209280227,0.87826372179944,6.67746475014016,0.559278220864527
146.579018804268,0.871652604655539,8.86159706376687,0.859667254173976,27,65.4300575971053,1.53547342118435,7.70516373918352,1.98923013422058
54.712135192631,2.51566603698807,7.0361696350738,2.30043590704816,2,55.1555935952601,1.45427002287877,9.31919183691748,1.75162290684568
50.226028460983,1.20324343217251,15.1291436194757,2.60835977312338,18,45.5650138748053,1.23271412979783,12.4995585251871,1.74360809834045
97.9587223283623,1.93187418084221,8.73444595723159,1.73381755116537,3,21.4478566636158,0.574641761973526,4.51312298174672,0.635656441481165
32.8071610211628,0.419324368470679,9.04934548169906,0.660425948130973,16,25.5413997992359,0.408214504525069,13.3401544155511,0.986982307061919
37.0745811675842,0.891060389271634,6.66850368294937,0.551325937579517,20,128.336762915872,2.51057024294429,7.0015233740705,1.34036805298565
65.5703941410368,1.71374245139538,6.80619453795332,2.16898582149864,29,22.8701463080873,0.546275021807852,8.9438406083751,0.906864041398774
18.6269500788571,0.566990299332327,1.96468041302244,0.353963542068555,28,40.5796831004808,2.73402000284368,8.2074150825512,2.65330101520513
71.8934930397148,0.935967719099271,7.18395861140363,0.620127246083005,15,12.3272766281778,0.409266629873402,3.9527570994868,0.495499655039092
69.3510127361331,0.760496454026638,10.060972171462,0.737494280675001,20,90.4150824164785,2.86441437077477,11.7475622280369,2.82908493711163
79.3211593817242,1.82908943444898,13.9000710751798,2.75068824167648,23,12.2176675264961,0.393312272062198,2.37772675769819,0.367012366113578
51.439037362923,1.43749548589573,6.65778305918646,1.12525356106745,19,70.7197592171514,2.39019607918248,6.34890700221144,2.99650122737538
18.1633012461356,0.434207150332057,12.1487351780066,0.830980603666662,11,62.7659948151636,1.33151271833449,12.2032068438215,2.93192212641782
89.8176031523531,2.22894179537906,11.6426858170917,2.82858079811155,26,33.3378048882819,0.925164882193317,5.61496422522724,0.858197165860187
21.0539365786251,0.748730223467991,3.96771596924076,0.61474044521564,27,20.3983833411207,2.54046883099587,6.75629113060048,2.70363620795947
70.9851608376753,2.90121843414166,16.3531055141359,1.3894977465062,28,46.9220348182527,0.678644398329692,1.75102622644364,0.3938895183493
48.7104517528697,1.58684600749499,7.13560799431796,2.5834460140565,7,29.4591804411739,0.806822484516291,5.10025164118369,0.48063823538957
46.6640225590768,1.90880778321124,9.66154436293861,2.59801267578519,21,47.6997887021865,0.852346488084815,11.4120930636372,0.703522809567525
142.630615451592,0.671465993162313,7.37492924410149,0.612818013719337,27,49.0250900561363,0.910357680336224,8.07246968801777,0.737724246277966
31.9583870309225,0.426488582515966,12.2853109714959,0.785556789798567,23,63.8958415672331,2.93111036050398,15.1324616185262,1.18101073101136
36.0623175859096,0.520618310123665,8.49069625414148,0.752013599297682,22,8.63557429266332,0.370599145141295,7.33724887990237,0.646446661747139
147.439835829487,2.97383641693661,9.85650177923376,2.94135838787061,14,28.4635792588203,1.23793342119378,6.83563441727355,2.91136836653553
49.0698406882024,2.29575888769783,11.8586791453007,2.50816327260401,5,95.227283642028,0.646473553059882,1.52697903142961,0.30826988908736
53.5263643094774,1.5482203394813,5.95822575731585,1.32901928361548,4,97.0930350474789,2.3288291393739,16.8382017282901,2.69738665322058
65.8332963123731,2.53234056825241,15.4743538285613,1.96047743812768,6,37.8359468211674,0.500683376992881,0.762316829482329,0.300585449458941
36.3776548282041,1.20707127513878,9.26280797727778,2.97853650779567,25,126.179194196841,1.88202994363619,15.7417608490708,1.61852047025089
20.317816335279,0.301532198474898,5.61805575086654,0.487286566173567,2,22.7706193949902,2.53532781793649,6.38678794932675,2.62719777252981
22.1486566988883,0.980752727164852,5.60556265462769,0.840408256072293,7,53.003789964534,1.70947713974589,15.3632687368857,2.79823073886153
74.9717583045292,2.07746787783373,11.5089319510311,1.34690304487019,3,193.881159757113,1.57351408209882,13.122349170239,2.81855018112107
157.866080592573,2.48471428177353,11.7480673745289,2.27488216436628,22,61.4707937739183,1.87922816642045,8.87063018331551,2.35685576281123
58.7995817899891,0.751491817106239,10.4935078198971,0.732231728019542,17,13.3915114724683,0.39785232546827,2.28533937162933,0.370487621132066
201.470632142448,0.699495757663452,5.48740751697518,0.437149684235989,17,107.113275919213,2.25987324791779,15.0400496430253,1.03054949084135
111.783680046635,1.39092354365469,7.35760073843095,2.29140655906643,10,170.016738883702,1.24403684770261,15.8459022058441,1.78132518488569
45.6641695803341,0.827069371369361,3.97748411173153,0.476358202246312,9,119.63931384815,2.55278210476346,13.5952496314331,1.13583989596941
103.187028252086,2.31550837858498,7.34979219156959,2.5972193687791,11,18.2965674061175,0.508232289309751,10.3253644134695,0.927692426825214
49.4078567065112,2.84821396974207,11.2452809114999,2.98026865123597,15,145.085576115808,0.615315203345339,11.0524453966541,0.982613614939061
14.432503959051,0.412461842906749,4.54928704974805,0.446316328357471,2,38.3300624450109,2.85536367674394,9.1177416548605,1.91086950861528
40.62887396521,0.630554545803063,7.37320892595789,0.557248020980404,11,8.04346183958169,0.332572986094258,8.26808938740977,0.851594005964426
167.330070492284,2.01563177660208,12.9793647143535,2.99454818871066,26,52.9518813640565,2.05524592844036,9.84959773321483,2.41889219143179
62.3121579504593,2.69246827004712,13.3535639064493,1.13651157845672,17,26.8031497978062,1.58782101352694,7.57738505608239,1.22797949719136
35.2051076009507,0.930646462500057,3.91321873900997,0.412510685163974,12,40.0952616930826,0.613431518042387,12.0191368347675,0.883016371383379
35.3314839382524,1.06462915272446,10.4930422864289,1.26717718650783,26,30.724265005947,0.776711258399566,5.92424105923484,0.528231750364784
16.3254239198769,0.374767605034292,3.86548823443883,0.438291281428259,8,60.2432150633652,2.93580006762619,8.28916579456595,1.75759204793932
19.4516343683646,0.440068847762316,5.28617368415888,0.58363490769624,7,27.2700015022335,0.641267149003533,9.5377218609004,0.802111344145821
64.4079385780966,0.755349114100292,5.60651210346952,0.86681523048271,10,57.1358060168994,1.26283826491074,7.09113762858477,1.72000422261536
32.6669782216355,0.441990472063345,12.8745728010729,0.832303624765539,14,49.6822348642719,2.79316932233474,10.0357643235208,1.8115845130004
51.7753590624122,0.851668281594667,2.34198154475033,0.403237022087692,22,86.6227495664153,2.20759210171645,11.6264021651076,1.29281039173128
83.144272332801,0.8275519072053,4.89807887593921,0.549053465117937,30,20.5172137724585,2.70752960650808,6.03002990447215,2.79686812632067
8.53957897878955,0.339877331121967,10.3960142506452,0.775296197681565,11,45.5207998264717,0.803532102711597,1.74347173405263,0.311244591651109
129.148153815073,1.32462594270824,7.87156593079463,2.64023084850614,7,23.0176637231538,0.377572995904586,10.0587638391455,0.97114912173893
60.0391488414483,2.68405855150792,9.76854661786667,2.74850262906376,6,79.5381734731524,0.65824463096903,1.48389367372961,0.340275424124179
46.6276125522448,1.1312609742821,6.90978590966422,2.05472673227102,14,79.6716883189372,1.22608818892885,13.5512115697921,1.25004058585429
98.5276102558418,1.4165797899771,13.8812499151219,1.02598545566922,8,106.749540966202,0.920771527909362,10.7214240427286,0.792274658013579
5.59372862978842,0.363260214670901,7.14868350105656,0.855697915823001,28,53.6117274911215,2.68299460961142,5.63924902594502,1.13275562396189
96.6636793859462,1.56981314427533,10.7643576186504,1.64618293661304,25,18.8859957166698,1.69624279059819,5.75866129054541,2.58601253974575
38.5707175631271,2.08892200035319,11.8958067892262,2.88226608709947,14,18.8204622697935,0.502784750587016,9.6889811883478,0.990660485639049
27.2337231415789,1.22055557048459,7.16162116752587,1.65620017008397,23,132.839626423781,2.80894816758765,15.316917725265,2.10212376193747
68.1707482725613,1.54905033010852,13.1036602533063,1.33433065134115,30,65.1904677026182,1.803057337501,11.0885370854238,1.57304816033375
57.755870113167,2.08812011868809,7.85901020275493,1.41784660934312,5,50.230823563673,0.954657987474983,8.6531789470623,0.657951515837294
60.2458767870847,0.409287445901458,8.04389242113328,0.717017316241653,26,34.7092974222859,0.766568427600958,8.5673224235351,0.692412607420197
26.8860963212998,0.962268283791098,5.32348563247676,0.782337157303951,30,80.2714117170492,0.823783864703858,2.26463833844225,0.376763118966088
215.037353872994,2.53883588599819,14.0035153236777,1.11161042127939,24,28.2381919308812,2.95424572970715,8.24419625516149,1.2617126815961
27.6410568384773,0.670187731990868,4.61237771906238,0.771220744042877,19,20.2360210271229,0.719744876447944,1.94688422443243,0.428971269314914
5.84748461826499,0.336809697528308,2.91595998530655,0.381551985335886,1,37.9901512119995,2.07324870769331,5.01669425211853,1.00531690646653
20.5862869500722,2.52772867399388,6.517110503783,1.25303421011356,10,125.57988711927,2.56345720096389,16.1914144728517,2.33960531640584
69.1677239694121,2.65737391633803,13.7272320974167,1.2679858598225,10,91.4231655909769,0.999850735150245,2.75214553953113,0.470154767735434
10.439337119575,0.300286506433578,3.34934023230407,0.474361419232129,24,20.7841609325045,0.534729917814336,5.7318818351474,0.597459227557369
35.9019335545563,2.08257068608208,6.612839622788,1.18577831283178,9,71.5029009018197,0.599194972391982,4.7952117626236,0.507610916081216
52.2919840946675,2.92705571801582,16.6645653655209,2.34253415906017,7,44.2945586398225,1.71693264692044,12.3313674766385,2.07669575913368
58.4161264479559,2.70173277182728,14.7917393364252,2.99776241122983,28,60.8060651462043,1.469902324471,16.4303008783865,2.1065817293987
210.713814113967,0.948381466789313,5.98799181384172,0.474687197416775,30,49.4108713222309,0.652542898764554,2.77693761048319,0.366253089744439
61.3694318143531,1.77184337519398,10.8134589556641,2.87498852782392,28,14.3381473740662,0.479325746328472,2.78305756572324,0.396227020639702
20.7604832654319,0.473557867310135,11.6912085926937,0.917209845339967,23,48.8251930800468,1.38547532291591,16.1025620728086,2.81348850664101
38.7539450961875,0.713116855882112,3.27325254554008,0.408665408205431,26,197.433884715587,2.69299639349979,14.9093231676743,2.96554769177305
63.3721809669281,1.95382391085145,12.3574877747608,2.91677261835257,10,34.535160028759,2.05795502443055,8.56720117395221,2.21750444140962
76.4756022862528,2.56262029149547,12.7325625027304,1.80156523423148,27,38.9582356549367,0.520033514969086,2.37948127152472,0.348197717662098
39.2836095119335,1.95503013745046,12.4337436772368,2.26409495405466,23,110.15468669951,2.53484915474113,13.8176691732196,1.50122440037105
184.20790362894,0.9557695287729,7.3219520557792,0.515777820729458,16,106.049605207779,2.71236062330781,7.60007430452913,1.73407921889752
62.9581361353857,0.983297291613466,3.60064731285021,0.536646389105569,12,72.0293391820563,0.752327477650758,9.29442682605782,0.860270216088973
53.2122138728802,2.74462325293574,6.82663368841767,2.28138675839828,13,20.679000001673,0.31933490203449,7.04212345147484,0.708374797513335
5.49565437710859,0.34107766987289,4.26860881803155,0.750657583375113,18,20.8371839228749,0.916819897727717,4.6775707749286,0.664403276673988
106.322889527722,1.52624631487689,6.36090113693256,2.03637327090133,22,140.533200453819,1.85026841651165,14.7711576101011,1.44039907358648
44.3850119046503,2.30233318103066,9.39594341283892,2.17179057922016,6,70.390422730855,2.64023231376887,8.91259123873965,2.15447795926814
19.0576817079925,0.584827742053552,5.3469697024776,0.582701770940801,26,9.18989291773504,0.366059906990924,6.01072418763235,0.557202661186442
90.3467385653584,0.761578474553542,11.6335722820856,0.94265251990095,9,50.3374758370283,1.4276554554246,9.34584144589898,2.54327402455799
5.49005620649793,0.301333092321657,14.4999039617657,0.992397879682653,12,37.9736236829692,1.00371337331954,12.1800069130182,2.68861372707771
31.9187713931007,0.987426408421069,8.24909055700476,0.713158244508357,25,78.336260911312,0.888185281636116,9.15541425732884,0.991865075083725
5.68351142861169,0.338837732108913,5.01376563194859,0.642824966921674,23,136.211107338535,1.06513754915991,12.875112620649,1.1658321215141
27.5946014310811,0.485120082319713,7.98870711457672,0.74434777500424,7,43.4934101604671,2.26736395030922,5.87536254767026,2.20337194276826
128.937127288336,2.59786150619974,12.4808666428093,2.98624533436951,9,79.0463282918247,0.952631287186981,6.43432748881846,0.813552778638391
51.8204046727567,2.78109674632384,10.8734018227107,1.69655003236503,9,60.3114840296139,2.4891602683777,12.1087805560184,1.11533591790671
9.56975454739857,0.349725233363705,11.7443980333434,0.701003650962229,15,181.889467829967,2.53900381100626,9.68538392088347,2.26951810797371
20.5234096339768,0.883063892993813,4.14912736906661,0.590095988197723,11,85.5032279968939,1.40006301001548,13.7990837855071,2.34568349992731
88.0428811768277,2.26597571147976,15.9117620470721,1.86286082127459,18,104.134882899323,1.63790875588207,7.98406521880352,2.09944092223299
41.6561069034477,0.539503168754884,7.26729167566806,0.722402832680734,19,70.0462913245637,2.45774072995193,7.4225586554758,2.80791840503293
63.305495775477,2.11914527280605,15.7771360020113,2.80549855482723,1,58.7352737946949,1.55377047507102,16.5091812993724,2.62224131124156
26.7880332682749,0.417196141450892,8.66461115577638,0.668100980648923,17,11.2649159789452,0.582832519280383,2.77591547248604,0.498380601313776
14.8699939734266,0.356929142247013,11.7008091844789,0.779495366395044,12,30.2250242618299,0.767942187065012,3.77811667043382,0.411099723514624
58.0060463959398,0.475553175558771,7.50160985275786,0.579328172092405,7,15.3807976895876,0.772014969173993,3.44981293976333,0.577088147672099
76.0550196424992,0.801904112392862,6.90171068042264,0.692946646449917,26,37.8771831161763,0.437976077997974,1.8495447374724,0.320480413890507
24.4191722982121,0.506799836357512,12.3166447642536,0.738825260693686,7,30.4934753774464,2.93568224007835,7.57628991434522,2.11008577203905
53.1711390779346,2.65431924059849,15.946853425944,1.31184548858658,25,34.6578010410669,0.424607985835958,4.55616694299254,0.570038777031341
27.070335484297,0.382508601448554,11.0285894722175,0.901031575364531,1,99.9224928506377,0.486464962806323,6.25968592568257,0.533707670825347
58.8642447639899,2.10745563932589,11.582059598566,1.06945992113049,21,38.7938956060123,0.473392738715267,4.8900292114749,0.528093040524375
92.6568704832702,0.545874261186252,1.62556327914034,0.323081581003323,2,160.681797758305,2.06529365910694,14.4005769693878,1.07414746432954
46.2091278290036,0.687357725906878,6.98366095900467,0.892100188350818,24,85.9188918558932,2.92256330203096,15.7749007657656,1.56580597234978
11.4155617818688,0.57206346964214,5.15515721730233,0.882894999197001,21,75.8295867009979,2.14289187611105,16.7107375509024,1.59592141844217
28.7235908126461,2.04616344748591,7.44974944996014,2.49074968507852,20,85.8820361572063,1.44520619761346,15.9904174148721,2.40453312889237
20.7652233681998,0.396051806659643,1.91767305282037,0.367948024178343,12,49.1653810511252,2.07691136623898,12.2242451034493,1.53063323376989
23.4715790768965,0.753534080422705,4.08059099619552,0.503965152889414,13,12.2450386896816,0.431100581325619,7.75118027314776,0.797415405396053
23.0755640913484,1.43280673028241,7.52008676608383,1.84715372068068,7,148.15450132032,1.43637508955166,9.75830413788856,2.51072941171125
214.075931070666,1.03564743368802,13.098739023174,2.53205009636756,2,84.2950505086486,2.87544276226916,6.62655319395766,2.56279111292508
35.9009266565803,2.51748107554529,10.7180001397524,2.05930799738092,18,52.1341605430455,2.90201815445533,8.92066510958025,2.5977015016119
43.1250521104107,2.27378428611942,9.75238399150199,2.12229032515681,6,68.1510442279374,2.472867353188,5.78279858399475,1.91364496757922
126.995984554458,2.23617928607398,14.9630654545075,2.45260622720438,26,5.44746629292844,0.306757869618923,1.96996447759265,0.358537553124083
48.0739849057376,1.99814682483928,14.4142552424031,1.80371463850506,29,80.292225689907,2.30902653473508,16.6638512543427,2.49438388200183
34.4128031193779,0.812225968602089,10.2474526114726,0.734026956243106,23,45.2657680865336,0.9039487915405,2.56177237034378,0.341526936435588
38.8566590561392,1.26863750856995,12.6578405283415,1.30359449194334,15,32.6210542170801,0.599389646798812,7.24097608740058,0.874040151246255
23.0853952159787,1.42005325742438,6.65933156503722,1.61331287076301,8,55.7825357416577,0.812297102382965,1.80855377872691,0.355798216240924
110.930879649821,0.636820450821242,9.11003627612507,0.994045658978762,12,93.5540964785125,2.29794919204905,8.73372019510569,1.07146327161868
34.9305865398803,0.816831679173585,2.21723617608997,0.453292662918891,6,6.47313860680088,0.34812431857621,2.48893934672472,0.426818493425005
29.0496302589406,2.73464296726069,7.03035129862857,1.77084203274424,21,29.127992911714,0.475320930542426,11.617774775925,0.798704187792193
7.49430686156737,0.382030540841387,6.20372938373302,0.783732299063335,17,20.0220468899988,1.48947480666684,6.16355276081711,1.67826343655529
87.5731285503022,1.96502447467543,16.2363115773005,1.65025070725535,4,76.5102473557991,0.984184953113573,3.55401598053043,0.432781647185819
49.0026718710274,0.627394433168239,2.89529905169315,0.380980209756364,15,174.152986831918,1.38213714199197,11.2625420434675,1.61269465114345
34.3225872105831,0.640394716476995,11.228199523027,0.711888152189076,7,140.309798367522,2.27463763867712,14.0622365743988,2.10767441704628
24.8284237905033,0.603927066158604,3.15832513019272,0.559340645664697,7,17.3538728699876,0.999604031320255,4.79195746828139,0.781199224871187
35.6774008812406,0.692909517687936,3.88050511274231,0.595531105537905,12,45.3418037648576,1.23695047300432,12.0067176864028,2.66335828086282
40.6838899753384,2.24994107438353,5.77720061213311,1.05414204273178,8,48.5578807889092,0.87889901583532,5.22402990766027,0.453433259766223
77.2445048233763,1.69338232350181,11.4986211624415,2.2029982832474,13,74.6845389023853,1.40138397514221,9.67029483827385,2.12241344664172
40.1929849701032,1.99640860055522,12.4245869159224,2.55351481601847,6,83.0666248413957,0.863206549138498,7.24911276664293,0.98751384084354
215.177543310889,1.78691838900969,15.5112565676355,2.18183896198442,27,10.5368503326445,0.336795565964524,7.18142519910915,0.802445647753757
75.4881907062355,1.17881786097623,13.2000473415775,1.31824236915321,23,2.84015133660644,0.301074296990533,8.25080197936881,0.9663703471364
89.7947430746756,2.09605987006651,14.833594289744,2.26469087503178,8,17.2306528273974,0.678790051797079,4.86506180029456,0.89429971675574
58.4736379730927,2.70434520415454,7.85425065396343,2.97183602823175,18,6.48559409738226,0.370093347333926,5.89435452939765,0.651246597842283
8.50241079851113,0.345096098774652,1.17393009891215,0.310285560806184,9,20.7869905943689,0.4046462413071,7.88739048095854,0.769401843306482
53.5147277386622,0.723727893495063,5.2869880321295,0.974020586413253,14,122.658047459243,1.52425877681029,11.90748234601,1.21933284604534
79.5482649316493,0.823240789028059,5.23491647212745,0.858703871365945,25,36.5678172323219,0.989777871695277,8.93403972515946,0.687039742095595
45.493682833221,0.867878860707321,1.82808216012511,0.334998790513716,9,32.5147382894985,0.98657608792277,9.17435770820211,0.834313636741176
47.4903062456234,0.567704784327215,11.4456501957457,0.971896018223249,30,12.6485622811498,0.542409534955453,2.06791845135532,0.436545289857136
80.6802779389998,2.13603929604974,12.8171304685332,1.86048359183756,23,60.4368703406374,2.38842843231723,12.2584448807873,1.37649708402468
18.5107500388585,0.412257412663498,6.11530994671932,0.461009939584167,20,102.513279493555,2.52158967842312,14.4780365227718,1.37560067086405
37.5682977719286,0.450544232410708,8.96366591867706,0.597499005422731,19,9.85536632241022,0.33343585771596,5.77252886513427,0.586224067113852
35.6548185415486,1.46315451525866,10.2894752869226,1.72100921700357,17,97.0192264563331,1.84963053805068,13.4937632192001,1.94409708464939
34.1171987872881,1.4987362163401,9.60551317474481,1.61003955612711,12,70.8279599783792,2.38439510060717,8.90777109580052,1.06063480092273
30.3889490253373,0.469189563803712,4.7737798555842,0.786774679261724,10,35.8360240822388,1.34492776000043,7.31772292120777,1.20916962752032
32.9938839091804,1.62029483434069,8.98755579088894,1.78223099966185,10,185.979781887682,0.843696483754028,7.15414609193806,0.500425215862883
50.6867094811004,1.83648241278831,14.464148568675,2.56290774724697,13,57.7870182710057,2.96736304273996,12.8237967054284,1.99413409933744
18.4993891042871,0.599229331345904,4.97452331867339,0.929066400130401,11,60.9654342192358,0.737332682119557,4.45823271748416,0.404336729496271
42.3347412083637,1.63633977941183,13.2061209430491,2.74699635639906,18,94.927424798133,1.91219749909439,10.5615744450637,1.24853467251224
151.657947821829,2.43948857638151,10.9854570857712,2.61841598039529,28,49.7520353991056,0.890508793629484,7.78503986506724,0.941311567060642
71.3817283388542,0.698257094908003,2.03206206287443,0.386901120077769,10,45.7385124051126,0.645349726209817,1.07637572442131,0.310024163810788
89.6277236104181,1.52768550684147,11.2598440027823,1.59382111853219,24,30.9119482082743,2.16757183626725,5.91092467680989,2.54481275825488
37.8981421125615,2.49770329563649,11.0398387976322,2.43915958068304,20,82.0054834238805,2.34967909979534,8.50818733109531,2.72258553978783
8.55389591623785,0.369598478880006,2.0941065374817,0.354778053554298,15,21.5717821147726,0.674778682314709,0.765435686764322,0.321556935146855
141.454785523935,1.61622008180273,16.6821026546335,2.98607420621343,16,75.6516403215518,0.622469065904173,4.66105640523522,0.470348577662875
26.8951302546044,0.930775893496992,8.00655231503565,0.842964502747181,24,35.3951781758782,1.75447706359509,9.36927111127736,2.71649336267631
41.4465791462065,1.21187874326119,5.73541325653827,2.82198547145474,16,41.7083103551799,1.49087699745095,11.8422147478726,2.51321967393285
138.435390257101,0.852851344916227,9.84468620929184,0.716489197826592,15,26.4233360541925,0.607247432758488,5.95663497963251,0.479238709678959
119.946644841944,2.31261773546818,15.0136607710515,1.79559406296655,3,22.4104461199694,0.630179376302073,5.61763869870934,0.747081427243137
9.48490356236438,0.323662423637317,1.60148766713788,0.373656712737403,14,44.3642528849761,0.546465076060897,7.47634356027342,0.850517062432702
34.9348887256092,1.18224286656002,6.25688953466287,1.01586358839522,8,38.2511748149127,2.01526771913691,11.3369422341357,2.09272563342947
34.8592544033008,1.96906188007459,8.98385365982599,2.75858008423838,29,6.57504107258182,0.313332789586234,7.12694778236983,0.490624486898229
52.3688934906525,0.847699417553149,12.9620565760803,0.970082477732555,13,39.3989129833121,0.988016024410025,8.0033297004899,0.60261988319354
65.1187913620147,0.501452290068259,7.90220531731255,0.882684561050494,22,215.287946748992,2.1444330119149,13.2379217268886,1.5098043028061
98.452748257825,2.18490360540199,12.4026311491289,2.52089506867802,19,105.598967495712,2.18300875817066,12.6600813764435,1.27457512393005
13.3015990359732,0.413536671187851,4.08112237088616,0.582340178941747,20,67.4627504865017,2.13511637573807,10.2571341310753,1.96603709847994
97.2505828493956,1.8693034950217,14.426970510178,1.37432585908627,14,3.97274201886455,0.314202604357597,4.35474294203452,0.483893776891066
76.703425496902,0.544563409581221,8.15351617981761,0.796959634906591,17,13.8803142571312,0.556289128535025,3.43268246403199,0.562330612010345
70.9317307130853,0.704137366971471,10.5144330620672,0.656082787511159,11,32.1562167301376,0.534624597555885,6.35270410445302,0.912418042755056
83.8183102293031,1.69595761395314,16.568428038367,2.84784670955674,24,34.5266169251849,0.685366668564894,5.12329964825757,0.433205822499976
73.8662682017542,0.473618499370486,8.34077296624852,0.537799093781671,13,184.00079646967,0.901599147660154,3.43850084087171,0.393253744932502
40.8943499362061,0.987115607578187,10.8625405814746,0.894014277401848,8,62.1281806689795,0.548162235156105,12.7968656148046,0.89884104578409
31.3252957216537,1.09959601925978,9.30767566856288,2.11371153894576,16,42.1798551825942,1.62054509922447,11.4182729833174,2.54435785044045
38.2019278109245,2.36655630295626,9.8272152713601,1.64715215136592,26,28.1617740225873,0.342833792487587,6.69975672845867,0.666208901945971
78.880398738425,2.38247242338728,14.2324777679269,1.9512390949879,5,101.051183725956,1.34637010480261,13.6860424611503,1.9940406489713
36.7613290453333,0.668634103941936,2.07897556560525,0.351388271597561,6,10.0614058786416,0.400251704440918,6.28952122980064,0.714227637251886
44.5839273989308,0.943541685983684,5.6765080371238,0.535069865712156,8,61.7097576406121,2.1098767825782,7.00377601891,1.73540972443845
54.4007365131697,1.17271236658936,14.3019638476893,2.60067097971228,12,41.3821662981179,2.3176134967709,6.2200977617581,1.12633845272664
30.9596284878668,0.528021296838513,10.3927941498324,0.930943362584444,7,64.1784796296934,2.89520541783904,7.08740040033062,2.57890905358066
137.29314537481,0.588399327510801,9.56521565142601,0.75869497783697,11,49.470559294526,2.20671826249777,14.9681462102462,1.07071306377168
108.783167339218,1.65834657470309,15.6666155865532,1.21729535825067,27,45.3586017024909,0.82710739567649,3.23172199217598,0.44258788400147
42.1791121745006,2.51276384273514,13.350824594805,2.64062550357587,8,66.0948088781164,0.554606300856648,9.90413486067767,0.93769959243873
97.0602456815201,0.974959099752263,2.00443018359767,0.322144133111388,16,25.081689835834,0.555104505930057,3.75006520300776,0.438781217942711
65.999836833525,0.594023317686578,7.16717959702169,0.943031861139725,28,24.5702278819254,0.651342134200562,6.37429627058411,0.905444201780163
54.1887912963061,0.788229088905556,11.7781835742981,0.828642564942133,26,65.681387987171,2.77162800440896,10.9907768827964,1.26410434292859
41.1104993816813,1.35314478175368,12.942626721024,2.78968195311727,8,37.3890191961129,1.45167594463608,9.05592378608836,2.10250668149843
106.042428525206,1.80172618341517,8.95531281760313,1.06352840110508,18,44.7773967569518,1.68215498618116,11.3520582802259,1.70698096423105
38.2148718073775,0.396197924259614,5.80054737213898,0.545961706625229,18,56.4593315952968,2.33661489169305,12.2727051686715,1.96232159496643
46.6353440891314,0.655227799377095,3.22127310408373,0.383320009109577,28,39.4575555250252,2.48458444497412,12.0274075587718,1.53131586712855
59.3645806667296,1.58722260144588,12.444939804977,2.24709061739855,27,21.2022600753457,0.773410630157709,6.76581366907591,0.825864099859238
165.285373257558,2.1990700052401,12.3064894060177,1.77941593266742,15,62.9563017587919,0.996166863213531,9.47383122796593,0.598354745334735
44.1844201413257,2.93156590087464,10.4858256916277,2.05826484781741,17,158.024925999927,0.674225340502721,11.6396707909847,0.717431113343496
10.0766630331824,0.460121935486375,5.88058975583836,0.871397015458221,10,30.4604162643809,0.740541106366582,3.0914209148215,0.392350325753242
42.2474520806813,1.97785745458283,7.72792614169066,1.74331240047916,12,105.682559631975,2.52953298660223,16.6241154558897,2.84606858399219
76.730905306513,2.65722272285042,15.2148758082939,1.37406910918768,27,32.6465044749845,2.45216663679862,6.96649552341769,1.14933284544499
19.1127717803116,2.44708587775612,5.97624394775795,1.75078270098466,1,137.530174175036,0.66368653972126,3.85748637802199,0.431481012108365
100.757235540808,1.19717700294851,6.76228562503004,1.08642515050366,8,25.1123476054486,0.339877297486735,7.10209046089447,0.913426227698327
211.790725181435,1.1752873524712,12.8138467945206,2.81644794029654,11,93.8380906443717,1.37846461953207,15.478780565842,1.42227433566327
14.4524758966256,0.311366717416487,11.387140284249,0.793638644941157,19,147.092072969426,0.843379229290841,5.68606903503227,0.518677927572297
32.4672191873393,2.61542944593725,10.6773230906852,1.98907815900946,21,158.933740916538,2.25692782490581,12.7102791903536,1.28562745882181
6.19009129918693,0.392924635636623,5.84242882382195,0.948751997468198,23,119.096580315981,2.64496835554923,8.00293958932813,1.86105988899751
31.4205048346674,0.845614957048805,4.48003655198121,0.691850033627445,13,66.9998864067536,0.870969862676841,9.49749690360978,0.705197706968563
50.3021209559495,1.26346182734214,13.4484947486244,2.49452200787994,17,17.5451636365496,0.391278987249411,0.830411343927232,0.329088597718762
32.4807229691509,0.611955337479265,6.44286040347867,0.499019812719137,8,38.8230098874032,0.548167399255495,2.25154522277585,0.385950297198216
21.4240195021849,0.449639229989142,10.6438029475302,0.983986748267559,5,38.5343601050477,1.17625010533912,10.7223090768018,1.68304298216719
35.6744088602999,0.521615893204922,2.15094293952543,0.331091413191001,21,86.461823322878,1.95958862237271,6.61251163993193,1.22993197088264
111.457757255286,2.51682376726882,9.30051374784478,2.19327195957578,16,76.295802616096,1.98898007596302,11.9455475937008,1.69390831795629
69.2972960753933,0.852689468841652,12.4647999124229,0.7803229833248,30,49.2744195980495,0.478064551249876,8.14463489775702,0.820049846914169
59.4123119170269,0.736289896532451,3.16402547576831,0.504316011735314,27,32.7810522538235,2.56578311715483,10.4979190520963,2.89793811244497
114.819213478855,1.61213232502424,11.8857974116346,2.80643543362987,5,25.3710727518026,0.531791458771859,10.4235057504146,0.746148312903988
63.4350153207514,1.27947915817632,7.87949772485816,2.53282936711158,5,55.9184336572078,0.728538688855028,7.06003681403099,0.995632032689314
65.794041123219,2.19220408890551,9.77283122509376,2.2064549240924,8,35.7743206506593,2.62190755031257,9.8066789680811,1.19162872725418
53.7022791978238,1.10763264143594,9.33235910132515,1.99028180764652,19,28.2893671972294,1.55517282555347,8.51065607451084,2.32975692676892
16.0961744478266,0.443301915503876,4.1462617534937,0.488156877373759,17,91.0336584462635,1.80807792944298,15.3408930672238,1.10221097099942
22.6218470001675,2.27868344400664,7.29388937344159,2.80059259202605,9,87.8855409330018,2.82701709022987,13.3899386108293,2.69506617304123
39.015743924738,1.42968746008589,7.50965561782185,1.35983381226798,11,62.8550823585182,2.57598466664866,13.298655680984,1.45182806099148
26.7768621781985,0.63390781023086,2.55646833772228,0.365529750488843,26,81.0857999239491,2.65524694875528,10.8715349738999,1.61944937058359
181.41823689414,1.22081912545474,14.4298509711377,1.92745757517335,19,45.5435316178757,2.83698842402217,6.8609234174427,1.96908890430175
37.6462515502151,0.446893808367135,9.0871673303185,0.858340911888673,20,42.1296639058339,1.79937488661054,7.34970273295098,1.76274975497415
36.4700043440209,1.81094149820764,5.82881825980298,2.56523753446761,24,100.265907168118,1.69785248590529,9.30231574134864,1.10603087820953
69.0095667442342,0.891226704755746,8.32571901633314,0.998137023724828,5,144.911002128156,1.15983098031751,16.5383972790826,1.72435701838833
21.0491114443466,0.827641889134056,5.47640431872991,0.828298930840076,10,57.2164795041409,0.879306414060982,7.41554435522456,0.978215436957694
112.270333658649,1.75262383848291,13.9512149450544,1.78841217024783,28,34.3233810136423,0.460143281877841,2.01492465538384,0.436583479630955
78.6065920604757,1.65938023114489,10.1347513673722,1.39298637908243,29,29.810388969107,0.623125144665555,7.09972352224987,0.622962946652669
51.9268474029555,2.49503827528779,12.8242370239402,2.84952320714314,3,27.0913696431692,1.95253085266782,7.50405952699454,1.26186380103052
26.0906476204895,2.41779897832186,7.30464290865167,2.73515953649343,15,19.2525152773952,0.448659253753944,8.22697317027176,0.632920546088857
205.980873011132,0.948551261997819,9.6356390711826,0.611940593329611,10,13.5374311699074,0.410915134929453,1.74756866110479,0.325547202212758
65.9479945589097,2.60545498309146,16.1456404738787,1.4590409652307,19,28.4625067138404,2.83057206741863,9.21979463823169,1.9944196279766
64.160530358526,0.773195097558934,5.12307946857568,0.514871821093062,25,31.2396032072548,0.618039577774835,4.55738170589499,0.557612633289787
38.1602602707034,0.812607680428365,14.0539844431426,0.994968313106695,24,40.4900109500524,1.61871045596548,13.0309999451651,2.69134120692217
27.5316198527688,1.83310901237426,6.74516224284737,2.38745278543197,19,11.0600945224131,0.325778699350639,10.1848028400228,0.649708647803921
53.445599726413,0.463211599925634,6.77119099470443,0.505794378611017,2,42.1545722211413,1.96165533359234,7.24914942091839,1.59548639964949
21.3207818795253,0.673112596899697,4.17474995732331,0.737716437860118,14,30.0978543877295,1.75670283036825,9.98433989229613,1.90190854697511
74.5702445524894,2.09724697791427,10.4031421056384,2.03794841492121,6,75.7839860615178,1.57848545911076,6.99162543609004,1.33087869936129
41.8136155746265,2.24888536670935,12.2771074699024,1.60983238379471,9,28.3270366518455,2.64229882197514,8.92848482691409,2.40773842999388
69.5137110038553,1.46172261483829,16.6061315747274,2.75367498329857,10,49.2867654820399,1.71497681730692,11.6868040420232,2.90155479313453
35.6748795619571,1.96269528095277,10.5254782527206,1.28758919873445,17,128.679195338112,0.99237512650298,10.0307132037999,0.78995919887726
92.4992657640776,2.20124249603402,16.0878477582254,1.29257413869696,23,54.6235097844007,0.891473629285593,6.74450732600306,0.901722125118574
36.2323310047641,1.60948836693911,7.75942806446878,1.36669938635512,11,5.07576241194549,0.315234202117887,6.73994618279413,0.566963482526097
167.898993599831,2.60595863523638,15.7630323007646,2.42445045789032,22,25.8057318139513,1.83360130464746,6.7323170001247,2.74009752110294
73.716591266037,1.42642996485148,11.7560251939492,2.67070556524757,23,6.83897023948857,0.316621592958296,9.90826931585116,0.77238469936493
222.139251625595,0.777258438479784,12.8127430001512,0.780496223895911,9,147.455877061952,2.98549410109291,15.5701757274808,1.32826555338136
32.7054399260376,1.77133133517924,9.39090903171008,1.09678888819455,10,65.5401813679652,2.63503368666668,9.44283742060883,1.16840963151599
77.9308187335078,2.25292871216531,10.5597544163051,1.14996056713477,23,84.9728593844885,2.21410753386927,7.80105937989287,1.43630447292725
30.6652956589782,1.35317194073905,6.99679246603663,1.00511562495292,26,124.233894963537,2.59654224295799,14.221425532259,2.58516392906069
49.1534281535889,0.441309767048628,6.20152480886688,0.550405857615102,14,67.5393939523969,0.614089568220283,5.25385264540443,0.514880205159265
64.5219436769023,1.04807903204828,15.6233601445672,2.20529149814309,28,70.2843071965435,2.07653385449601,11.6488147996648,1.18228668573823
63.286614733261,1.31915499725621,11.028237419342,1.37522026081618,11,16.0346007378396,0.328634039900074,9.90598061530382,0.940220819844833
42.3745313250933,0.734323837141632,1.67431688988826,0.309532024441215,22,65.0560230401914,0.843035627784409,9.99318047691621,0.607718482313556
53.0126465648634,0.832308546630869,6.69889926241312,0.59750280575107,2,14.8353325927704,0.607818757911004,4.74882377594837,0.653132630246912
117.259550447787,0.978108454753292,7.35912697503217,0.608233847288447,9,45.496377836941,0.788148058236933,11.6179876530694,0.800711794060631
27.3757671598339,0.894796199735534,6.5661047362267,0.644415478133196,3,49.7712771144885,1.0216691597005,13.0341571039433,2.44410277157636
165.84611278764,1.84252060135171,9.05276098715327,1.68705830231403,28,31.8285347092897,2.74621986189159,10.3745397249581,1.78559303833977
35.7271166913014,0.607917626371637,9.76747701499469,0.655142404857904,11,142.033177507971,1.65959225367993,15.8911754442037,2.38124171628536
154.876908967476,2.52609622866948,13.4490611347853,2.81239695015455,8,17.386243739053,0.40501669713995,8.02788029303022,0.642688288218063
67.4354488119601,2.55084716758399,10.2126902150616,1.95942278905382,22,26.4478870489332,1.96692207590231,6.8471500337216,2.81502692772624
128.485886554427,2.68625469305601,8.11987477598965,2.84868063750507,4,11.1369949543818,0.363423834884807,6.76522655485632,0.985026071865483
195.552122501032,2.41271040289172,10.8375704480276,1.57009907216947,27,75.0581985842582,0.594433410236783,9.96481727458076,0.627501062040903
96.8448655391649,2.8593178501241,14.8681867514426,2.09125620137024,28,26.0915250354889,2.67216390967357,8.25434034445476,2.07974888128292
41.5442689568797,0.887462453652493,1.77280683618665,0.410095796017706,25,109.35311263718,2.36359383405194,14.234577106851,2.91648471130829
18.3625779163584,0.429553615482353,6.19748068958956,0.90855383499172,29,129.367030860878,2.20607854589978,14.6467027515065,2.53551449054162
84.1330150128175,0.753139698937288,7.63608359551788,0.570944544656224,4,20.1692006836862,0.471822091326223,9.14386502747478,0.589992644505628
14.5831712582436,0.557052831556622,4.68074493803269,0.772517027667035,3,31.0246074960783,0.742627274375118,2.79891578330117,0.50051334629917
50.1932839838896,0.473257365844339,6.82853120332846,0.918549977294359,5,21.577321132306,0.956441477731515,4.34411500855462,0.632843025202634
31.9500699513462,0.878568484788558,2.82364983596499,0.483720046533057,24,29.3560343114615,2.43826402987164,9.02378809823456,1.74260581227795
56.9015465666284,2.73707935029716,16.4351034322691,2.22344172301856,25,189.970876998835,1.9250305711064,11.719293252187,1.3942873962345
75.1971568859092,2.83184146244543,12.4937117221297,1.68283036211048,16,16.4555942041559,0.394674329138973,1.56302273511395,0.327263057812907
35.6988082018239,0.927381353492916,4.07414445512779,0.427868722948482,16,59.9636526000446,1.41331302817208,13.7137927552779,1.71451875451277
78.0295682532593,2.02733955599446,14.6901622900534,1.05217741295701,30,50.181713396114,0.672950005567069,2.36811577056269,0.379412747976576
42.3148282416578,2.09976573153985,8.88409254412874,1.67586349786097,1,34.2235291061803,1.01757599773296,9.47191240726158,2.94325107706733
38.9491697713078,2.81799438303261,12.0189385366392,1.93446280517797,10,30.8845009969402,0.423040750518601,6.6650605776761,0.496234309534535
53.9229999498201,0.965317614648939,5.91262644875783,0.684432097008775,4,25.3631497894837,0.356333707899106,11.397309466987,0.815690311340537
74.1396411490364,0.834142759481867,11.2241961822246,0.751964276460103,27,70.9418386965671,2.04465652851018,13.3157920198425,1.00088475888851
26.4163813285547,0.480194743625417,7.89644238357381,0.715210851772053,6,66.6690083803012,1.93991357893609,8.75836263959546,2.82633053417532
38.1722858884356,0.946164695598396,7.68607301466175,0.665958823814922,20,55.3858393316533,0.830866376514191,3.04755811898219,0.45761531552332
233.230594570631,1.40590873742016,14.6229478676994,1.68858883152918,19,116.056071254494,0.730786849819936,7.3855464169547,0.510202145130098
22.2070327266504,2.73116337103022,6.15995720842046,1.35592472332037,24,46.036967618628,0.915921660899687,3.01547353362381,0.357208580500924
146.759121130857,1.61452609027478,8.59309933986495,1.45751572773313,25,78.0242098893669,2.61546430083798,13.6794475893472,2.70451359239908
39.6380036623982,0.566296491869273,5.27740951086253,0.486020978855108,11,33.3188701613103,2.1843093810939,10.1557776425753,2.01509542595955
86.4736983022532,0.960862661933095,2.70782621636185,0.422015170212276,18,121.14546021718,1.90873657522787,7.43099071145929,2.72631799292929
95.3440090937804,1.5412108461004,10.34879820141,1.80788822948849,7,52.5446689841453,0.724404994700031,8.12628826862782,0.685631127910431
30.4635658244494,1.50147810441488,7.72047185726919,2.38475121141024,24,23.7785823732655,1.31873516349263,7.55523878859174,2.01244974849868
30.5531294440645,2.46902481759587,9.19068123567729,2.61619694168748,14,82.0175121398131,0.798999759052943,4.41127542441166,0.695666940665624
27.1290944333294,0.852776934978044,6.99270044954345,0.688484086922891,15,45.2489806600135,0.886416639448501,6.96632084858535,0.853680042396247
32.7183329246793,2.07744932391508,9.7252486866205,2.5711201089911,16,152.282918534498,0.734202812464966,2.11196348264667,0.324493536961365
4.93922997360745,0.306153401041557,9.4675915981589,0.675926458843467,14,200.002958485447,2.80816998529236,12.185035671284,1.05256674935806
47.1973508493004,0.733126244000537,5.0251098121714,0.54453154102507,24,104.945210816624,2.07490457308451,15.0177314990787,2.28459965250481
139.857553033525,2.52390559987977,10.9394117110785,1.55834271249558,16,32.8147155576404,1.58711839961799,9.81886215115908,2.76398617669719
71.9187314304775,0.585306091814217,9.00709314551142,0.570371332425438,13,26.4697284378729,2.44569921669419,8.05700868291614,1.94190722151816
39.7078787293023,2.93924809578126,7.96131949454003,2.81728880408409,7,54.894938571984,1.54993886843952,12.3760081109507,2.01573672718813
95.078611332663,0.851101991259136,7.62624380578417,0.921315174318115,16,35.2340226510792,0.768106807920852,10.4428519154241,0.888746119518412
13.6868034866586,0.502452245518333,1.48062650614615,0.344954181656382,21,105.585666554356,0.916473745584578,13.3371025707632,0.820227756358666
42.2530519149891,0.814219791105582,9.35670204266101,0.88419710612529,4,169.011429758139,1.92128511562956,12.425843580352,1.83151589269016
23.820266158554,0.56215867758823,10.1018923892304,0.741808198702798,26,15.948542376519,1.00085214748825,5.94612272747976,2.71692722725758
39.0442664031387,0.672168230192979,4.83376647748885,0.443994135027505,12,39.0062560069857,1.45544651117814,9.70804175330487,2.80898406237615
48.9044591958936,2.62685763871366,14.1689926439465,2.70131786797501,20,28.1878281548234,1.22546370202885,7.73808057505974,2.85575879401838
23.7785537709656,0.398095866958542,8.76303141064983,0.657335866825637,28,50.8585618482774,2.16894899595598,12.5170642302633,1.7753036575168
15.261762278315,0.588668381301457,6.82904277736249,0.877063449330295,27,149.724028827717,0.959467342079531,11.0032566322407,0.847841513587017
78.6800831337638,1.47710022576915,9.9343878574191,1.50400033519301,1,50.4433733206422,0.736005739788143,14.1026317922963,0.932810978015415
13.4368431454543,0.486713195820058,6.28218180097263,0.790414449131598,3,56.2879445877022,2.69336096387827,12.2574094336718,2.33216162477299
25.1469486728166,0.889827916368784,0.879566518834799,0.302837542267583,25,56.4874102598889,0.900514022801225,1.66009292128329,0.303827616905634
151.383211807965,1.81849647441348,13.7261889556451,1.49881527790471,14,19.5583774073346,0.54248684693664,6.12163930741877,0.992796733047749
21.6464727726423,0.419555313688908,8.23619185125382,0.586730118850817,13,98.3980519535768,0.871164466263684,13.9401657964273,0.866421248555694
148.101546340536,1.24044390618271,16.0404990887259,2.18482393736191,15,44.4122383068067,2.45595539604984,12.852681280209,1.75921720303718
86.4761094618824,2.44299022561895,8.58647356580044,2.96212098915616,26,19.1970563344217,0.641185352909906,3.38671561192168,0.475453981547784
37.0213315224575,2.93097528325336,8.53273006237463,1.88393029453025,19,217.946182489132,1.63548537833007,15.0170411138141,1.92103607342634
31.3462565931864,0.716154590011886,5.76352542720319,0.873112692960659,21,72.7765693590757,2.91260848121322,10.8075140333325,1.93881854597241
212.583955502682,1.7115509409104,12.6478824110534,1.29868351436642,19,49.1683590114648,2.84608594919929,6.02833326140856,2.18305289399985
33.9633626911938,0.959532934429556,5.66449701227334,0.877451037150158,22,80.2185704095722,0.999207915743541,9.8017641645821,0.754287403733463
33.9931730496493,2.50845616441961,6.53625534027394,1.29600581455688,1,75.3588746673084,2.20531862188838,11.5655489707834,1.13932431918364
35.3088682000845,2.14522634011802,8.82268998066567,2.46640080273192,5,194.914594005673,1.01566718697909,13.6561824143011,2.34846869456867
45.9752574330415,1.33400738920274,11.2526686391117,1.68900740438011,15,82.7824361165554,0.909100221273619,6.94108368611721,0.614638777294688
39.4018522555332,0.868871438214951,9.53521708055846,0.645947845922323,25,117.839313827778,1.56872734527963,10.6449855931711,2.52535996103384
30.1629792048875,1.40297696792365,6.04423777030899,1.99047504479285,13,86.312235900784,0.709841285971054,11.6000066921626,0.805299156886333
7.62559552671833,0.304060336209546,6.15682590823541,0.53045046974488,3,32.3121712468213,2.64802384839784,10.1299356423641,2.66888179768732
171.524857437014,1.91932664931704,11.7317149725291,1.32197443435127,25,8.31832921214065,0.400456966464778,5.70883282240806,0.930897575723021
32.8861360278475,0.4588230505919,7.44981487363759,0.518731659499839,15,30.1556565334939,0.680036124586841,6.59014940928857,0.780762510351708
68.9811594620675,0.775500166197724,8.61799432396514,0.939477534260173,18,40.4140199048018,0.464861904002132,12.2319155659585,0.987208828877503
66.26702901989,1.35534164898881,6.48361696776767,1.5025625459764,21,202.101395317226,2.44967615058054,14.1861426765692,2.08583099860095
31.8713042023099,0.480748087070011,9.86082222002105,0.943062245323625,4,49.3683882493386,0.93289458704943,5.21323637719376,0.615687108817107
54.1850584557284,0.966729542996281,8.36335797497831,0.714462091624822,4,154.058589833667,2.98784807835188,15.2714205620701,2.38472873666592
91.8827888967187,0.854969707698108,6.26935081913324,0.780571018316103,16,62.8874337856658,2.06638126035066,15.5190869056799,2.66639901452227
272.172438093562,2.43526773835085,16.4859298967197,1.71486832872528,18,39.3144317468471,2.41594528233586,9.4409383922961,1.51210230522707
59.9014176285541,1.98007886018212,11.16350036067,2.54945038821999,1,39.9201845613113,1.11269258219409,10.1910791042456,2.17850451277673
38.0975621347453,0.774028916121954,8.0521459393422,0.530637945166835,10,54.9991056706324,2.88403633222774,13.9807170914716,1.0394550759908
23.344335225255,1.26736645336581,6.67665466818356,2.97311159376806,17,26.1661352440202,0.521500529852721,7.20065739178428,0.511647110611434
21.7154615786823,0.897615613919025,6.71514047478919,0.943937236492196,9,22.9283488726266,0.894361829145353,5.42001434432354,0.760269651780092
37.6015421086869,0.381311166568193,11.167587972135,0.691499148374035,18,43.5332474838504,1.39160254298532,12.7046810499799,1.57709321304713
66.7867179326549,2.11002256743925,15.3825954887671,1.16314594366878,28,47.3152286017629,0.600368825415015,2.71036959021355,0.450168921952417
31.9745602357764,0.441292776461114,12.7231816806111,0.768009792883858,25,27.0550773774451,2.16651642729698,6.03242657641194,1.22215695356048
27.401014203918,1.51019697553146,8.41474428624508,2.32612697760216,18,31.8620950050849,0.508461676930566,5.97562174429078,0.731063144750174
49.377460037628,0.770867448515683,8.02569331310258,0.531116092953257,13,89.8703357480275,2.87603287019355,8.76213755453606,2.85256536554728
83.9073501535719,2.09434857123625,14.1005988862513,1.88062133636513,7,107.947738029843,2.49847065973852,9.00779115755385,1.68986226958596
50.1659869795681,0.81702159957574,5.07291822003567,0.490938999473301,28,63.0955686865977,2.76674692048981,8.01174079081481,1.16136102743689
73.0566537306025,0.938942630077025,7.54360036335112,0.532289782544632,6,16.9315697082532,0.866530258080036,3.13519748982627,0.515171506571245
55.9008962272892,0.653327560265185,7.74300744570077,0.760737392201803,3,107.609834463759,2.01837802995776,14.9043734649238,1.36190784449499
28.6173313587033,0.541092171021514,7.59892337121802,0.717170818539138,25,111.830254468196,0.798270031565737,7.10242846349652,0.769392002171725
4.31457627517079,0.32266732849776,4.02704836464058,0.542161781928737,1,74.308337927685,0.997237013763031,13.8494066968856,0.974453036417653
38.4852972569207,2.31196834128603,7.72224405750054,1.99479127907349,16,50.0080569154159,2.29559306507711,9.26444772675321,1.00924128291891
58.1919974731466,1.67752908075122,13.7354221147946,2.56005045949522,1,74.096187481337,2.00676341106598,5.80540974630001,2.22171692698197
113.186845442975,1.84277146809459,10.2196755259599,1.35947879273934,5,66.0809834385632,1.10585683405245,13.1699222894836,2.3467828151705
23.7155782745351,0.723064181946801,4.89949937485699,0.942342799136184,21,35.2666975776711,1.68569539986949,6.87699029896119,2.50640979914724
40.7129700059027,1.35732559937086,13.6962043986331,2.34499348300633,8,34.2490164671791,2.89045992636324,9.20470671228877,1.0924636434639
68.426049536489,2.06279287932313,14.577808665264,1.97997152230056,4,24.0692736950705,0.50104573561483,10.4554562372408,0.707254827681409
86.8357710826924,2.95687048565785,9.88849822676485,2.35004901180879,3,34.6843876668728,2.82876210709256,8.10882856762021,1.54495644371373
40.4178789231579,0.714241727132434,7.43620290146757,0.874008383545469,30,36.6928434298314,2.43054654633111,10.3568051554397,2.77158620397571
26.0850522410287,0.633651198172852,3.0695195163203,0.414487827484258,2,19.6501286718158,0.718484666367648,4.24543346064869,0.720171241079438
123.981904780768,1.00649473779905,13.8399979120499,1.59110904187331,9,4.64592950656361,0.329601989593076,4.44703217869468,0.490695076464625
37.0915050304126,0.438179965429148,5.72706856612855,0.922952088782068,21,62.5293954731028,0.524613064297182,8.69986096980909,0.717022380842744
12.6980626991105,0.300263785868446,7.86413399416536,0.56263563735112,27,176.582038759528,0.597432312401459,11.6603158528614,0.728631230332198
57.1854139145879,1.58992592257279,7.35206368578989,2.56598351070495,14,54.6132439453021,1.56731822792776,9.90710751701136,1.29691478232497
110.024104986695,1.06187050320446,16.6344268088893,2.37378106056583,23,8.59154514689523,0.525544665431932,0.568723102785133,0.301610657992443
32.8567637684659,0.964579996446259,6.51140769376579,0.600127027418581,5,75.3048154306689,0.58386427041501,11.98476596405,0.815248364988958
75.3663861653889,2.61780078691999,15.8380447078497,1.79379732680687,26,50.2227872728834,0.65942047888491,4.69390413479095,0.557883313487534
137.23961241992,0.857240228654437,9.69151176668298,0.789385434671851,20,82.6422791214856,1.32324770057179,8.50744303533059,2.31485997129513
60.6747470778911,1.47816937358246,13.3394028660722,2.9425876907485,12,51.50830237049,0.400819888748715,3.99292294344176,0.398699652379272
41.8514662169168,1.74436759111063,13.9435921908278,2.11504730200306,22,107.107413236387,0.928433206114561,7.40529821935405,0.614626409406973
36.7266120982979,2.18270004756178,10.6525398999256,1.86141137873861,17,47.6770892773732,2.82061693037319,13.1080512643423,1.58645899952111
87.6288024877459,2.85236063769116,14.7577436985367,2.97383933758399,8,30.1591476992807,1.8526881881357,6.13045374681978,1.38086782122389
221.664914963841,1.67865049887711,13.176596993915,2.14418345728575,8,38.6366957486211,0.888316383854642,8.95458096938213,0.607157112292509
44.9446177807114,2.72537025669234,10.6434935832615,2.7351643260301,25,66.2899578734952,1.50300929178169,16.1305525207444,1.94234058330914
47.7985547193099,2.1251031056499,13.0332201898815,1.41641174303215,16,152.467503977923,2.9390964385266,10.5699346653745,1.66651199584814
18.5083576493119,0.791917188605638,2.86963933751092,0.536928933365553,3,223.497360413356,1.89237830353748,11.7885223350001,1.66010369240316
265.728792001186,1.5497758472458,15.4253199858736,1.25331132300792,20,65.8035595502356,0.944508286348964,2.8710023465463,0.48891001395495
4.9469498390007,0.334673375261191,6.32983174297798,0.855377367467482,28,26.0287148707818,0.646593310960603,2.83025248657801,0.381500788238315
139.063565779903,2.4938234869922,15.2054338235695,1.40941941288486,16,105.004286398115,1.44175905780649,10.8935864495734,2.56588158364532
34.1673368796582,2.39776791411825,6.57771382508787,1.93670642856396,8,27.261670662031,0.791914531621366,6.89281803226712,0.852149628332234
69.6020705552079,1.66425924879651,9.28068409279005,1.86766787092288,4,129.4357740698,0.973376360529824,9.33951867450057,0.788154660579141
85.270042697418,1.793916311341,9.83092666056945,1.59626513559892,12,56.7613440443086,2.26040348962376,16.282253947122,1.64386007364302
39.1601994143664,1.74638704120717,6.22449893179285,1.48465104103948,23,62.4425152219147,2.27097445351747,6.84133616523651,2.93857744078348
69.8471086644716,0.757840985337817,6.27197492052908,0.514256352442575,11,70.8337635619653,0.595536164650059,6.72784552054589,0.502564903173447
55.7305098385596,0.961192719435971,13.9248891417606,0.937456856043738,24,49.0069336471929,1.77284339075055,7.44623760729098,2.43880516990991
63.3930701061135,2.31871889899391,9.52617280862217,1.98312072643475,27,45.563170898469,1.3495797834587,10.8367203661556,1.07737695956524
24.7078309381012,0.564863376898895,4.8199323327387,0.753184080587582,28,9.55959017918151,0.435025447864467,4.81946254792193,0.540360714729444
54.4701869460837,0.963385648564454,11.3154603248839,0.685313578819837,11,92.3609124163622,1.86340328795165,8.56624067723552,1.90253691301309
85.8974741182699,1.99744789178154,9.15563798302607,2.77124397607343,17,30.8310513056851,2.48624181800527,6.4402352045314,1.4714514159415
49.1981392714404,0.776215365430618,6.37523161883491,0.767326781997523,30,57.8451260606381,0.639498077105051,6.45677265125839,0.921462192985301
8.64042987904436,0.387986645994282,4.29912952636974,0.468690688296824,2,60.2940059171649,0.962548081836177,5.52451652750733,0.641979976680016
5.73774069121845,0.424690708331002,1.50457668316769,0.394845647237767,5,20.1378084525888,1.45817009075706,5.92584353118126,2.40932157979074
52.5480894557859,2.63576557557982,11.2741575976051,2.46795829541102,30,10.0591184362034,0.310885642120015,10.4673161906765,0.636645774858904
35.637808531672,0.70156627115033,7.65219089556528,0.515898582411797,7,31.2190318429217,0.465498018892053,9.6002664595682,0.838019637374844
56.7534586742183,0.887575548051971,2.70154652599687,0.422125939439728,10,266.817248535052,1.30145839434838,16.2613199427323,1.44489089879765
14.6813121196654,0.51285611072573,6.54116225731587,0.997708727076126,10,47.3418613547015,2.04882665891209,8.21633381629166,1.8705555541199
42.750228410202,2.22579632364255,12.0092780328812,1.94019203853929,23,78.2425927795312,0.714126527576475,6.37672321066834,0.502405948385018
15.1160844720194,0.399755014725575,8.22824041391013,0.686737246299881,3,127.932178089004,2.11259897913509,16.7553715610387,2.50495560764671
37.2008407149412,1.25263045139243,7.19024032911653,1.29345876756961,28,23.7298636660698,1.49352068754237,7.11407832135961,1.80900669350486
52.5585247469037,1.48668962218747,6.23586734697116,2.19903450889289,6,166.570745616287,2.93101203103735,11.5969997026245,1.36740968096757
53.3452741773735,1.59946024089349,15.182320671517,1.59096956537502,22,31.1196650961283,1.19089749450239,9.53035587899577,2.88208689887082
8.32948075755875,0.371194654894641,11.2641735641769,0.994269601513523,18,47.5483867085846,0.992936496174025,9.9448223884824,0.858290842546819
6.73522036951482,0.333433281824083,6.47007718479915,0.528999919465613,24,94.0108863945227,1.3740574228647,8.68643016171437,2.67255992574747
22.9416118263117,0.491996356304715,7.05960057177104,0.497786888405836,18,130.162512028388,0.985926865351764,5.52527872018496,0.598324740287974
95.1718870589625,2.54680982662034,11.58046109272,1.50559925884169,12,124.17521020502,1.61699649166375,6.9400781621468,2.41739832171777
63.5623168987608,1.99583783289638,13.9988932255173,1.07989555093914,15,53.6417987051857,0.557736787047802,11.2411612575713,0.944647873263225
47.8359287112989,1.76352676144423,12.8366306307965,2.17772041084737,29,35.3503684453554,0.476909391709903,8.53191942557925,0.714248503399861
49.4472244788721,1.1809672124862,8.32191530089144,2.90234411228023,23,62.3887536199578,1.88955328615823,9.56962877910594,1.68463036388428
23.8510367465732,0.597567840792277,3.48469750384096,0.402596784325276,20,39.9628342938212,2.94299122328068,11.8374127038211,2.22909609879586
37.2630933004094,2.1991927731971,7.62807577214549,2.08878342142432,15,17.2392051316231,0.865528352046828,3.78922864348924,0.620778643799045
50.0516956374142,1.50934296630671,11.2653450749088,2.8198988862239,22,33.4637046623197,1.49641499259798,9.95963784947913,1.12638111082758
41.4139444243201,0.922466404056372,5.03422974742685,0.457128803030388,28,43.4774415764833,1.32041444569215,9.87393980838663,1.39669024128186
32.0044212915915,0.913563599098371,6.95719582390994,0.637529652694535,16,95.0617635734321,0.522881631213603,8.52732494318813,0.614122126790028
10.4358765720092,0.386493616866418,1.56539001655439,0.320567248943719,10,92.7121702568723,0.638941096180363,8.81809314483763,0.605695021682443
69.5285995768179,0.72650883874848,3.59921096668016,0.380224073027147,25,48.0115068529387,0.607217847749518,8.6763784407235,0.856558009341767
142.200543154807,2.13747457232497,10.4844672465754,1.63861728686023,30,50.1831621209258,2.72039180483262,14.119259665052,2.13512449115264
13.6558673991622,0.383014381738832,5.18802448841587,0.660242165526949,6,94.911283408654,2.14078527628433,14.6635220816818,2.5467017887811
84.3431325596859,1.00028141404477,13.521719502873,2.04586157705033,29,94.0951742451342,0.859261005759151,1.66425399799359,0.361813769847846
92.333113981755,1.13277585191927,12.6281228386384,2.11606736207701,30,21.1368673026044,0.919029494947467,4.83909566257629,0.809566649971631
103.29657037527,2.18545379808596,11.6876240536256,1.79133590192162,15,38.7749154488003,0.603963699820733,1.85343453101106,0.355117514268714
26.8028709950292,0.979074329231284,5.47680319377594,0.580597484819919,20,61.0485141430515,2.61631990552575,13.1929112088133,1.01656574967228
30.3077015714086,0.511588885391869,4.38720837708702,0.519208906140891,26,114.409606417144,0.9181546722695,5.49750803575229,0.460146259783748
136.205531882812,1.67058821927846,11.1407643581271,2.66038642079324,5,18.9314925776965,0.435854025029627,4.85007164347043,0.460627521901251
62.5951250807134,1.92501179716254,12.3732254049927,1.64274415288278,24,129.971338010791,2.17783587708982,16.1371338537939,2.97512085982539
53.913102461357,1.72281078034275,14.2562666483715,2.22319290097917,24,38.1766842145382,1.1009973479303,13.1109880819788,1.28369299464494
126.704631834117,1.24892200547756,16.7948710684896,1.79071242014324,23,198.030177977024,1.61619952843998,11.3099720437655,1.90475118015835
64.3537243244392,2.05458813868666,13.2607324392056,2.11657838467101,17,40.3427206276231,1.02484386927269,11.9220960519909,1.57040909934544
34.4546741266091,0.669741322508314,12.451883587157,0.882712267764843,18,39.1888877785708,0.866853665558879,10.7484784131049,0.750727938976865
156.59295410221,2.92140962979557,12.3059710933052,2.68238759362515,30,6.14222889248665,0.415635893481926,2.61237249784584,0.512005956817237
59.4023216430164,1.71481270505942,8.01855158979476,2.25524263318589,19,81.6489208549359,1.60888474451513,11.5379706016094,2.65136643750313
32.8909509409801,1.87928326607404,9.90941789187405,2.57209626873586,13,68.2624100202988,0.918465256974748,0.780863263368137,0.324144597197361
101.397947827021,1.0492337256608,16.6937978057673,2.00404761753554,13,8.01695977966471,0.380938283870266,5.50623977820397,0.862799398197287
60.999287035881,0.625195456847583,4.64619956246798,0.795820291507513,15,41.7573232577192,2.95970188920346,10.1326839965237,1.9684723310237
33.5654731743538,1.52692996656342,6.80817313861413,2.15278982469744,10,53.2041874087155,1.60847009182696,10.6629002890906,1.54453365214653
70.134083843206,0.864248602925808,13.8986905618858,0.910492450488877,4,61.5992558114886,0.683014583370953,7.65730792534208,0.724799650862227
20.5550676189866,0.702523593476467,7.26829945716332,0.881901168748043,27,23.6462734384759,0.561657912070485,5.63565376093296,0.911577612944962
31.6989500292685,1.14036516040944,6.60906053821482,1.63366956451486,7,67.5717485642095,2.19866647620227,16.5075881280651,2.24280552701929
27.7845955170836,0.607793761671529,9.64231876759398,0.785374304708922,26,36.5407976863096,0.774252820557404,13.2927591821992,0.986040732353687
128.05080126515,2.28692969641062,15.9395158352937,2.2937401569951,22,47.4616186303563,1.58273659817818,9.84191668685575,2.64949312147431
49.7260602094689,2.03386893442243,13.225085122362,1.0460008648087,13,33.8384699798384,0.93705553707204,5.93387721173656,0.987120061287918
186.633957112474,0.9355088286962,8.98680089517053,0.613656477548768,22,113.983450066855,2.96737003853604,15.6003649936377,1.93095352558719
53.6232102133111,1.42134071468233,8.17896996442003,1.10702558505847,18,146.112705503988,1.66287404637131,9.17640818542074,1.41064267116009
44.9476433617507,2.15137247218466,14.6064526789242,1.73513958205853,3,31.9973112571128,0.856372415883918,10.6936176001158,0.878341574795087
70.3139930035394,2.05171836387628,11.5857753026862,2.70796558973397,24,27.044392190462,1.46653738164578,6.18949646383451,2.32599032587151
10.741920324758,0.555700635255982,4.62716553806117,0.718497982311497,29,54.8041992883054,0.915776439701221,12.7334044901947,0.808326298977812
28.3692610137907,1.15753079539568,9.47192615428292,1.585120020587,12,45.4796967707615,1.87600218599713,8.0605692424509,2.33979858693384
32.875309344026,0.761638612694806,10.719824471122,0.892000612878165,4,69.8878120710881,2.25322056535118,10.5492859879263,1.61104259576036
102.753745787916,0.866791961734245,3.71271850017269,0.474343242317562,13,50.1421438494164,0.965165455114947,8.43938444188757,0.655732148874282
68.6934856211941,2.24183219045374,6.64426484926689,2.89855871742571,12,92.5645857057902,2.68630158914574,12.9247986643959,2.37886153598569
24.9376721991733,0.799559573977817,8.45910188857135,0.899497087952553,5,31.3666898721018,0.995965879437792,9.04690442725007,0.88050979124779
26.7829577562844,0.612107104540504,0.717489256900763,0.313935076178206,14,14.7978305573707,0.423172115526628,7.85277891828936,0.582361563296875
130.62277133918,1.06266733089243,12.4429584426012,2.86179671391402,18,35.1099185736898,0.925015960124305,4.14175564810998,0.545339872885336
52.7871046951976,0.712464933416233,4.12785250086363,0.655794757757938,11,36.5084141549792,0.897447771325125,9.76861699061257,0.984896199054516
40.9306473305397,2.14636436647338,5.716604686745,2.76328283480994,4,87.4959959174732,2.19337332342143,5.54773409830036,1.16720939287507
53.7022790070074,0.614666985443266,6.38280455189516,0.485876059367389,24,69.6195498944589,0.814975542540477,5.39820996840779,0.515104207308061
5.46904651253395,0.372566792085876,6.14135339031729,0.872240533634899,28,47.3540875040655,0.524120266963165,2.76226151822748,0.356779155229796
63.6341487976999,0.622472327724683,1.22924898797708,0.316285386407198,17,63.4035170665201,1.10098611314909,10.5170147645863,1.80556671956833
48.8506320194963,0.870729472083666,7.23874183074952,0.776185883857524,25,14.2501414474411,0.488971172849996,2.30630880468173,0.4549021799664
102.012426950544,2.88599569666794,16.0438149239121,1.37502176116758,29,42.2960621665964,0.804930665395913,11.2735277723897,0.757959090533914
73.1483431304847,0.916978326863109,1.97441325355542,0.372141265251449,9,147.353238973402,0.855620814974267,7.52570852541148,0.629473707744917
113.005484604809,2.78966700470623,6.78695986122613,1.46414997774995,1,27.973521019211,2.56978726117314,8.77814684620296,1.74370842151923
95.8684833358349,1.57852010418945,12.5233142772615,2.72971406168981,20,52.884439643777,1.64640123298434,11.5382155920682,2.30015223682366
53.9898019774399,2.35739380876856,7.0997927557696,1.82447570373195,19,69.0878326534374,2.863763049735,13.1443479490032,1.38732996518573
128.670556523421,0.641210955468724,12.3523220263381,0.952530561465101,4,95.7707964601076,0.842292532460695,12.5053866781446,0.783442143949707
10.4505722101617,0.377807789689339,1.65651498292523,0.338384123190603,27,17.6523067299139,0.491326580473635,0.757522359118653,0.300979460881839
8.54672850174665,0.435872461035808,6.92516733929347,0.870375514235567,14,39.2636160091127,1.51984949741318,9.76684454534713,2.95962375941027
161.951271665027,2.58558371202043,11.0639738269483,2.37934860072434,5,74.2083814134128,0.661511035341338,2.69767181658683,0.371418419905265
153.203272359488,0.688178308238354,10.5469488564208,0.870637891703867,28,33.01470134202,2.82486315697315,10.4028752020486,2.48364381349971
41.5892636595512,2.05893902808377,7.74589835267645,1.46244816907862,8,94.7867440411936,2.56878395878161,15.8386500725367,1.95067438016619
39.9116729572628,2.26250885948252,8.49800003764118,2.5584589286302,24,28.871021517488,2.94270665992074,8.01516146250686,1.27868416069544
26.1522992374133,2.64980661448437,8.0447310490208,2.83098413676583,27,66.1289756084511,0.753831908381403,6.36732661903841,0.622102866776749
66.90814470143,1.71977153501532,13.034465891577,2.83920759011955,28,62.519621433885,1.48960603353672,9.96644540951078,1.26499672497018
57.6118797032871,2.50013651694814,14.4231219240502,1.39745814417879,5,16.0267234148767,0.434704074252388,12.6516537141292,0.956149096479772
66.3251523990693,2.67484990336536,7.63184719883423,1.96356775698436,20,25.7584016366678,0.867000755566406,4.43608654759483,0.581165458269944
92.1638258911678,0.718172774731399,3.47804937427144,0.441067304663556,27,70.7609216473959,0.965597505688086,7.64422816425148,0.780353066885578
75.5682932983262,0.418970257129935,11.3680008463099,0.750345334728392,8,23.3331442952635,0.749775995421097,1.92908919929107,0.362685231745265
161.979978455761,1.08238884893231,9.70873092956597,2.61312530143675,4,73.7392184806072,0.89572676049037,2.26018608728918,0.368861195054496
89.3800276886719,0.565556661560436,4.13080451127596,0.423436579787045,27,107.162134392184,2.28350928798067,15.0169531015315,2.8391897397904
111.967806316704,0.575673308157638,8.29938714372219,0.562184422258964,10,161.573367678257,2.47885015790311,14.1928759956345,2.62223298363459
37.1406598160186,1.22376884356857,9.52679143493208,2.25625646726775,22,104.052737344814,2.08173415255768,12.442781741588,1.40628786527003
83.4359075644103,0.77792555093184,8.16339183210086,0.728449592856777,27,46.0731717187359,0.733164029709674,7.52685795674519,0.507309481283937
33.2667619192339,0.629858735031425,5.53828350161501,0.46134025595831,11,42.8678511944125,1.68455356650703,5.43329213089022,1.29638972112637
29.2688958273573,1.17758668415483,8.06083817355585,1.71942264396614,13,22.7333420032262,0.384261030191599,11.5801275852072,0.915973329976399
35.3160914648868,0.483416914664064,9.7330330950733,0.816917687382876,7,59.0957204294356,1.65354601238917,8.26474099401318,1.2695210003908
51.0739733109782,1.99304141702618,12.0891017060732,2.56856661073759,24,39.5450816692133,0.93352076125542,3.39145873266939,0.396276749944668
83.5374678087178,0.876435998587509,5.10818659451302,0.931679549883515,26,46.2198063911434,1.19044970580199,15.4792919279929,1.45142271256684
26.5968927656063,2.96830916734073,8.54048383936996,2.73798341006903,3,33.2481768818955,0.702744630551229,8.54747091366928,0.589508663413224
43.6263180473535,1.43215455313401,12.3035602262758,1.58474842661419,29,56.5192406256905,1.30539747864866,14.9557514612003,1.99059406363294
48.2064420879074,2.83277282328003,7.89199092514216,2.40571035691217,17,52.9715199240172,2.97884475343977,13.2882015439767,1.73992487630579
165.799660433946,2.8190588908664,15.1911910489956,1.85750875971617,27,18.1858152550369,0.456896863915527,5.13142157310241,0.485021837918749
136.287553114384,1.2359814075242,15.8036421674827,2.90943071218251,24,26.2566880354226,0.611046637982453,12.3642941134841,0.932121911118229
79.6629980099062,0.920874301315962,8.34768248299548,0.566873484570269,21,129.380428757251,2.42610554078842,14.442703550107,1.09884571460359
112.819181908224,2.84697732044707,8.6100665865871,1.84209836292721,28,43.3186179381268,2.88757485514666,12.2288608068836,1.62764598509487
54.6956189866959,0.772649745446072,8.81581628178368,0.961249317607619,6,118.354182177449,1.39143188871676,12.7822151659756,1.77773467907529
56.7734784969879,1.96778543292057,6.15816359681467,2.56081851656675,28,117.468280010687,0.988418260662281,1.88771039015313,0.350359696767799
49.5011311476501,1.84668349581892,13.7595770498744,1.24729347221548,17,251.774999208062,2.03601901537667,15.5426481779466,1.47428695175369
28.1901748941446,0.608759071432467,11.6400141894218,0.879856953498259,26,43.3062109565073,1.94550344558435,12.3212613964406,1.29013183460122
117.978486199361,0.668121272505275,6.9356058155521,0.703646390230516,10,76.5772058775156,2.65397726262101,16.0388527555243,1.59540736893339
50.3107818114315,2.17501547877328,13.1934261414487,2.6642197771098,4,191.37564325915,2.71908941431578,10.3137186407923,1.84684457489609
53.4756545821611,0.665498573017045,5.05561929328792,0.571672662813155,2,84.9443065743394,1.7106137986661,13.5300724033057,1.421724910955
28.4900307509196,2.02315012488546,8.87846381068461,1.31865626216303,9,20.843351516515,1.61353804464776,6.61757446213493,1.34107596752759
69.5147832244944,0.721432928111627,13.4571200445772,0.967526028420539,19,108.141317658852,0.59436119232779,11.7413811280818,0.851734890084361
69.3437942685171,0.800733312126501,6.71638594041124,0.92526750187365,19,63.4436005244773,1.16382283651902,11.7057814453935,1.03679498987138
73.4922203553149,2.36215434209801,13.1400264684931,2.79793218946365,3,14.6091999646729,0.308089314888999,6.62604641724752,0.779821162642707
4.55447698872402,0.304510092231666,8.41664263302307,0.678304144418239,9,41.866648591646,1.23193878916632,8.33327569545386,1.48682472129958
126.592938424923,2.02674670643536,7.24269432379553,1.18038846135543,26,5.51253401286307,0.371888814801293,3.38076163854851,0.559534667346413
69.1805879494798,1.86384977074251,9.8700711407442,2.99076089188805,8,45.0876966930035,0.642910569531114,3.1387052704038,0.367555553382036
131.127601291864,0.899513750142436,7.55619421224339,0.876448663677304,2,97.9930495278676,1.93223530517494,13.4596989660977,1.04756293016035
123.746616503935,2.29245814387931,14.3411037463901,1.10269102941393,15,89.5449351755802,2.69185396409149,14.0820048461284,2.3188963353921
79.0480306565827,1.80781730534611,7.6166963190084,2.54334136316713,8,52.2979384398941,0.992677314200971,8.22141534039886,0.590346708858124
40.1472207213107,0.98836752494513,6.9590071944247,0.544639744663634,15,86.397632616138,2.67313987434745,6.64314986961028,2.23252363969017
48.2955287236464,2.24447892945392,11.0212404225246,1.90137431253335,21,84.5567376617436,0.647395314061357,7.96584642602781,0.993767210551022
19.2306808850387,0.542599966695923,1.08208305857091,0.321767214452569,22,59.0742834875161,1.5415506772955,14.9848773319194,2.42226590804654
16.3789557592981,0.43718928266315,8.07256690758055,0.540516274189447,25,79.6891482431489,1.30675689594655,13.0124287717459,2.36142992891717
31.1954564644205,2.81806272696158,6.33111518016037,2.44370382049684,19,206.594183084836,2.70911355605079,12.1344822671097,2.380111193372
66.7038054240194,0.731642007959411,7.17387204925015,0.950404486688515,1,17.4521611204296,0.46800708220662,10.4254372632784,0.979366668469316
49.2908595039326,0.772012146743502,6.56374230844868,0.866649795793493,30,65.0054214013524,1.77385709472122,14.3029037577966,1.77344346205454
101.597812044137,2.52442415403692,7.00330091632717,2.2600544800554,4,71.1684569003146,1.53085365405746,12.90512098468,1.18221422252791
70.125677407219,2.25553863149281,11.902560173079,1.89648263352322,29,66.8179796989916,1.47446558497268,8.93720361549246,1.44499382272308
119.341751868991,1.72517078185423,12.8131222085113,2.72492988899455,6,71.0815694562458,0.865258988514898,12.590427741502,0.96403133089058
27.7743561759527,0.514717705291728,1.47675720862325,0.314995227835936,20,41.8733326008501,0.636662414318567,3.84290492866583,0.43225712079528
64.999426246886,0.603813878713257,4.47836835517406,0.625065248618665,25,18.1888788616624,0.482112179675171,8.99025264700558,0.782229342999695
104.280128587647,1.43670487038914,7.08972575656261,1.8070782333239,1,37.1122926951059,0.862268889527703,7.02319669231974,0.605796694180094
42.6193826237447,2.26507316285107,8.79543098123335,2.01393135047065,26,10.3370288184836,0.363757389733887,11.1222215814135,0.7263380682695
77.3294556824805,1.5734336515821,13.2269301928779,1.43003989952856,8,32.3100069361929,0.7049987572748,5.1409649450877,0.612505342176323
32.090593500895,1.67432793882569,8.35686016758707,1.83715362692627,7,66.4274117621927,0.90493066525137,5.95871681136317,0.769111051372019
41.2504263696392,0.927201319295146,5.38479639650574,0.951536594159626,21,12.5395141455482,0.432030327946204,5.55906474694851,0.631058425715842
37.8598915746787,1.63111892655762,7.53849951525248,2.36921991409784,29,59.2982191370545,1.26874417534976,8.01277623968614,2.44565829235196
62.571955828748,0.692299883765575,9.62271585498748,0.678604013304196,9,79.9970093719924,1.59528288020932,11.9644988239822,1.95186333529123
278.670081712833,1.56711245347316,15.3770730657545,2.59635324578388,26,7.33042460392446,0.392783173531976,5.51247483137611,0.823890941016704
106.53387865006,0.749032455147705,7.31266389409913,0.635959321758989,12,24.3578395407286,0.490432937875676,6.89018764672989,0.721501657488092
42.998928211223,2.0503905852923,6.95660005377641,2.35530332693489,11,149.913013641432,2.44197085875082,12.8491594205004,2.70667949087323
67.1782756548872,1.82359368827061,9.2760195590376,1.14238725255651,25,125.060237495097,0.738948098173737,10.114454079176,0.872758298561485
117.033737046964,1.99243912016023,13.626341460448,1.70888687562082,18,105.908194947287,1.08223872777621,15.6171566888971,2.66373064410619
23.5319262055984,0.905295214196559,5.89751637863359,0.817891768903117,30,29.5986703522379,0.448009930098556,5.90887862300603,0.519406012556184
10.7916499120948,0.495193078424923,3.2738575770313,0.581118786953157,7,60.1905049525978,2.51718476771309,12.0881868067161,2.42066883578074
25.3124406608456,0.494335896887694,9.7502623595789,0.693471280294225,25,35.0108013049246,0.855108815918803,1.29325720605168,0.321760125451508
98.4080477190186,2.4672482588348,12.7945281919015,1.52664823682222,9,95.8673597951108,1.67733663869704,9.9379848164306,1.89684125013647
17.386034396956,0.470859679942005,3.81197426074949,0.415189424573351,7,37.4623764652048,1.07629333196447,8.62581161081243,2.6233070298466
51.6914263268468,1.66144501084217,10.98804348861,2.58463220550366,21,54.1373260885935,2.39489189782161,8.87069239574448,1.74779129531441
88.4767322824552,2.07189088988554,10.379521606791,1.81476896190463,24,15.4389135872549,0.406032499162182,8.4493847205177,0.677805452098311
58.7730058373336,0.976282377658247,6.09738159625928,0.753827152210445,24,16.0190384852676,0.502192193113046,9.718347956103,0.982510764795768
116.977190974942,2.47711178299729,15.5664071487099,1.63645028087184,1,107.85188325666,1.56858648764039,7.11317852270956,2.4820014553813
85.3316529964906,2.75986184319142,8.32954414488077,2.09689203629288,18,35.9025047344602,2.74110567531262,10.4814852702848,2.92938706922962
80.5246106877518,0.652756582166319,10.5839912115252,0.736331753756065,8,98.7042049654093,2.08374591804796,13.852095668448,2.77730271565165
83.3441244567518,0.81712737516188,9.51564530263493,0.725527183686227,15,72.6425090758136,1.97304098426794,12.4386669150544,2.53091859644326
17.2174347941399,0.697612616975499,0.818654290662701,0.323984184442143,24,90.081490070951,0.721526669223639,10.6918898443335,0.981925227991685
89.545396249666,2.47619293815369,10.7764404628802,2.59275554459556,30,77.0042491662648,1.57599098184265,15.9912785982562,1.28027768896574
64.9482083715204,0.676470562703892,5.82932370957412,0.529694634961534,6,60.0991174931832,0.980752943731108,12.2265483330765,0.794990848908736
33.0422973598466,0.354124917542239,7.53597668317482,0.610423835514314,8,62.0315239182979,0.640960539372758,3.59421089643001,0.41378537913951
42.7618949711688,0.749330035288891,2.78867798850295,0.370260292500793,16,19.5127038888836,0.521024531128602,2.25148708054539,0.355754475335977
56.6535687423268,1.77587187696186,16.69497248504,1.92342511006932,24,47.0419669249781,2.45409047538213,6.50369568693753,1.11039674901664
136.878543025176,1.79753374593196,13.422445996214,1.01560040459195,10,35.3812553556307,1.55066070305575,5.94541193694266,1.7047629275131
43.5585888277928,1.81903795704315,12.4030222884403,2.52591786432597,15,50.2025983540621,1.93060272652709,10.6251522275673,2.72860115785779
12.7431405708113,0.392210586495727,1.99594379379969,0.340078463307502,23,79.2629519134838,2.23914241684952,13.3427700292905,1.42095940566762
110.530007925765,2.48096720094888,16.6067978888071,1.76243955448191,20,23.8995956341608,1.45134826122615,8.01481797919129,2.49644178901851
16.7171240980259,0.315498826843462,6.13509862237852,0.806443190432614,27,81.407770577008,0.765457112728553,8.85389823645948,0.868427799619934
22.8382504893182,0.396118385583805,7.37088967191488,0.624251947390616,10,132.778407697945,2.62034327161277,10.194875708696,1.52690751150541
105.324113609597,1.93354775835259,12.2665565445212,1.94251502742517,2,48.5895673543006,0.422974320164715,1.9503037456776,0.321465044453282
7.76137421529024,0.332146037358082,3.92820998819905,0.472970633700183,15,46.4100710279337,2.51255380745232,9.79983775544508,1.59824054952329
19.8717815586016,0.439594691584971,13.0507756705903,0.974883641304934,30,94.4958782352156,2.92761497432839,13.2074814944786,2.89208964036387
57.2876444262596,0.707824830533166,4.20062149235047,0.4016343865648,18,42.778093298471,1.18715214532133,10.789518128213,2.50958012156304
195.309425033327,1.59793136609085,15.8304616041542,1.86744382260115,11,30.938015256628,0.474201818950936,4.08735759310013,0.431174974251492
37.0964644914048,1.81261661641568,6.92487711688787,1.50894932836558,20,68.3773494066238,0.994110408522928,1.19610561911655,0.300192330882482
34.3879818452739,0.517766392064438,8.82226151623059,0.714325904064278,8,247.630501528622,1.6999456290898,14.4904760634576,1.67322510556832
46.7230948200869,0.918805820187939,5.63850997304492,0.450190739024612,23,42.3039781640957,2.91822443204799,13.4019265237806,2.91896745295738
20.8618279638806,0.539150576183987,3.34521546806504,0.424059871473271,1,70.2204553529185,0.480974891773103,8.58566216417838,0.970052628929669
185.537276767339,2.36918899070356,10.0705579574856,1.0267631412144,12,37.3367115493726,1.8588463860573,7.57515255003924,2.09537995864316
95.0354849647634,1.60899623453517,16.6248939920988,2.78033421440215,10,62.4867016623409,0.899850989737133,2.27516154402671,0.352053873674796
58.7357819448819,1.50257866298323,11.5620232171277,2.5505060536401,27,155.040968961014,2.14479281839173,13.8081883348523,2.28495616086703
131.261905148972,0.970838398324261,6.11261374582105,0.522799438681777,30,5.86157629210421,0.357569519807837,1.74258816059219,0.352435231993284
194.952080266801,2.36238443246407,10.4488375333419,2.94935710577338,8,30.5803788847261,0.49353039319755,13.2768831037192,0.927016798817295
51.4566132129613,1.92244223488695,13.9723386492343,2.29074951311866,7,4.82921675760036,0.371767826066967,5.47507775149141,0.906559764257195
17.1906144112976,0.953620779392048,1.08005722768621,0.354030431514136,28,40.9405751841054,1.71870625642859,12.2616735454464,2.70333099297489
23.8682672168449,2.23148747995894,7.06536597469027,1.38191444967234,28,32.6407085043976,1.25496596470991,8.06710201013689,2.57406579207692
58.6179404953769,1.68882074744133,12.854538253771,1.33343596152869,20,80.7344028458271,1.98985024439907,12.8030360100436,1.55246290320387
20.3572312564488,0.454997847284604,2.90698874344419,0.488785812958976,30,22.835328195092,0.502663401305414,9.38956632610901,0.682948396304864
47.9818129713649,0.671369344617349,4.46483614757674,0.576187512466296,26,38.7494080125108,0.681504458820513,10.1099651229808,0.925818458423405
38.3073668225623,1.49347521738693,11.4519172514651,1.35722848666708,20,24.7686443983425,0.492981264254647,3.90608680037998,0.582978162702217
32.9968968064671,0.603001057854955,9.18081538832034,0.757920444264668,20,118.562373502523,1.11612804164161,11.2131470429725,1.736143338618
39.2465931382337,0.76155244524564,11.2058815809068,0.828187944883499,23,138.531988047717,1.62232086173071,13.1090376893534,1.26407301545139
44.1202031665216,0.579350191757701,10.9993765240834,0.688738840162249,1,270.243686245012,2.76636133394523,15.2951247787926,1.49122865875243
28.1933586184188,0.614387162119564,7.54607758314155,0.569154821724707,25,64.5856761598431,2.21020824697793,5.90199119597361,1.61804442876841
61.3478402042165,0.82509415405417,9.94691368412032,0.849331089323361,29,148.900232030376,1.23227505832704,8.32212011652118,1.70936673953438
40.1050964833534,0.754351796542027,11.3445386853497,0.768141471544695,23,59.2753665448198,2.30818101095477,8.81618012399064,1.06033660699071
71.8949107353156,0.631896568344954,12.9471485130943,0.810278257993759,17,27.5153773244613,2.02608854537771,5.70834449606932,2.74165335198862
52.9609646791566,0.847134848438089,7.24293163475967,0.924096948365778,12,95.5620004661016,0.993510392911339,9.83083926858941,0.714922961679026
28.9367690986776,0.369478097330877,3.9218280769907,0.533164921013738,4,71.5066150930233,1.36219956010607,6.90182095091585,2.94784040810677
131.574957710824,0.863230510713422,7.34682554018303,0.77064740186226,17,5.15344322405993,0.312338359853059,1.92055184169801,0.367705271995761
42.1903383939706,1.08310295601606,13.1009328165547,2.35201417303016,2,45.8085993334855,2.99513889386863,11.733913902079,1.11509731762828
27.6587291921017,0.472955755606242,6.26334889812088,0.503317331454988,7,42.2563434242901,0.666865639077165,5.4443134759264,0.56290558195249
32.889205486948,2.70044453404372,8.1866732922766,1.9415713997531,8,51.0366630046294,1.53040324998511,16.7074610855098,2.94486846283442
107.812152455724,1.79057208035105,15.309174559894,2.80112133142053,3,213.524376669683,2.91146071731899,15.0119372020809,1.35236999739361
50.6018680934288,0.720457920423665,6.33292340932093,0.584055790679076,30,32.2848452829194,0.802625650219676,5.58121908695724,0.654038634257357
29.5422457334486,2.21454714503194,9.22045281820376,1.7384655160519,3,101.292573874337,0.989808268470623,9.24764056114863,0.767618807339049
35.0880227044628,1.08752084644434,11.1317081279167,2.75744239699726,10,8.02196363645659,0.356819675464978,0.960032235793913,0.307590115061142
110.166540907854,0.690711927031494,8.8683589087488,0.610406585835185,3,41.247676564229,0.497965845384383,12.2158962582077,0.934670958089609
24.3434614700184,1.11225555145991,7.27604363162994,2.75282131894406,6,31.4771087920483,0.782404302194508,5.81564691098055,0.503434652873759
24.3464355103781,0.952543512162353,0.77586707045266,0.32705684073464,21,31.2778340706139,0.394739782740418,10.1964755751519,0.687480906743096
118.40084005634,0.836695872411117,2.98590861121487,0.441270653580912,12,53.3106920516349,0.86171238838559,3.02650621686311,0.541640508464663
49.5000982820424,0.834060786868052,3.502187050869,0.454392959621541,27,4.99100056311593,0.317882376918059,10.0000878352723,0.923693049554702
129.994699998644,0.849622556107082,8.40506156719007,0.705782956128507,5,33.6261544049176,0.826044478604364,9.92386235883884,0.924688592658745
26.1942528260468,1.96140568854114,7.4160964842097,1.01774339286869,6,43.8154783780723,2.66875481212637,10.3960259382076,2.04787739025478
169.931911110626,0.809196190747796,11.4469736749071,0.798843374820179,20,58.0405148425321,0.49494542608681,14.062435270734,0.975681622198296
41.9364134809487,2.21578956219689,7.66646010079068,1.60975260105225,19,59.7324333137391,1.56634841558165,6.86217838946283,1.3567337567724
169.203204130352,1.21025830144222,16.6510662319129,1.96125236291648,30,156.980825210238,1.77918669674851,13.0881379689524,1.98915116887274
49.5391587546548,2.75147035637839,6.54304658807109,1.76191413100848,19,91.0377185958773,1.08752872768422,10.8059505313756,2.27044190164225
113.797365419535,2.77943502737166,12.3016344620895,1.33397524442283,3,37.1838646090047,2.81852808056563,7.91595623966363,2.51247858974008
83.8332510540321,1.07300484699987,14.4587419116506,1.7527343009596,15,161.363499005866,1.14030965177375,13.5935434264045,2.51519940089443
63.3289520711658,0.703213536846013,5.56316517485649,0.602641621493322,16,111.983346664318,1.8609346424007,10.928534745123,2.28121949437604
187.141722844684,1.68465409680595,11.1610459354519,2.08747962409838,8,249.766115024404,0.93851956783718,13.7615376548613,0.953775100406756
121.228932532796,2.0151504905055,15.0240759950569,2.86530081643521,5,94.9581483044873,2.81793749027395,7.10745297010662,1.11112741669189
19.6385160489041,1.68957599223938,5.7302431381656,2.52862891076592,25,54.6875484152446,0.817775135237411,6.63967670828221,0.554908226978421
22.7035882319464,0.541689111075202,3.67828714941489,0.59953987735292,27,51.4646440412415,0.497839294122233,1.27811173561523,0.341755227761129
27.0314301597387,0.679530136059189,6.3141815223305,0.736935143374676,9,56.4059903054471,2.55028612654941,8.72241242696346,2.00172907120824
14.9375025181766,0.616271404669908,5.47174522451388,0.772765244035093,13,167.847948110754,1.01687216457897,12.5554725180477,1.7011482710998
13.5307832834642,0.406368459158477,8.76622942808725,0.6858592960559,18,15.3053200345533,0.55558309487463,7.3503646823495,0.890519558668225
68.69530481282,2.07728781398207,11.5381281939586,2.08379041605036,27,50.9732247684752,2.53962361792254,8.6074584193101,2.32992773907066
82.3970202195868,2.63639813708226,6.80778345771014,1.88191822791298,15,67.2678070038768,2.4376606080647,7.4787352638107,2.67576254945938
95.2719219837,2.30669549031701,10.5359249851962,2.56249369540853,10,99.8231669074674,1.76271149144314,14.4912290087649,1.0948911991094
10.1386813814541,0.512009345677889,3.72986204234455,0.642370564486649,4,91.2769186427452,0.889521041619627,14.1838459788214,0.920231182833422
71.7398897010455,0.882730782216717,6.90724898566688,0.741147603110818,4,113.895538097273,1.89513545903589,8.77094860248989,2.63749582100572
32.8431466721481,0.592834099515535,13.228393065465,0.981712710893843,27,60.0348968860134,1.46616633385371,12.0918992248766,1.28960768110169
75.7217565781783,2.94233640093018,15.1741406800407,1.24361680454526,27,14.3203391014716,0.335785340049108,12.5254817814578,0.967970743947148
17.9056680684015,0.365160964145228,4.48357202132566,0.570222423472571,23,120.096586070314,2.84408818872506,6.09888275797526,1.16510509786282
42.6661867552632,0.721044412205495,8.60618667766574,0.739911636583801,24,12.5565902999491,0.416671988731492,2.8507752608434,0.390845005501963
22.9205604381019,2.11651578534887,6.40855088519104,2.26617580997603,1,22.9266588580687,1.62381073979889,7.20464198522882,2.61153691553772
27.9957558378709,2.65356289810436,8.06789110994506,2.26796883476083,26,17.1136355457542,0.599644511597632,6.11395802637355,0.644098408341584
63.5880840409477,0.835499843530436,7.24116638974963,0.896929717028998,5,49.364521042574,1.3061316674729,11.1322629578538,2.78628575644171
62.2338773111724,0.823550179734894,5.20204393429247,0.488959362968296,26,29.6135902118256,2.92688717443557,7.85974347981831,1.8635241892115
40.0202542979529,0.707668930662007,9.26395107507037,0.931667092800025,23,62.3447399789895,2.96790708206094,9.11541861678431,1.01552877231442
50.7465544094594,2.37548714264587,12.5378103165643,1.45517130840148,29,28.219545572737,2.25040319469319,8.46349942213878,2.36821825196511
26.9914568605154,0.755003936348044,9.57026441906616,0.950683203530847,5,21.7919517329836,0.691169701077684,3.48501180781081,0.437813535268684
31.6672374082677,0.576699977274943,8.95291691307626,0.664526802285561,8,29.0321356858404,0.37811255910197,8.94052918030451,0.685497950057046
46.3237988327017,1.25736201290105,11.8717977960894,2.62251242369346,19,172.795112542023,0.625362247944798,4.02599984168149,0.398284139248121
31.4116126180528,0.506842777664182,7.63649902796736,0.828011841736758,24,18.8801905692961,0.487880695207342,8.1213416628197,0.974995188357669
150.386977751385,0.992049461567516,3.48730342397974,0.434769205087791,26,68.2055294418328,2.16793364862716,6.78568422213826,1.3890338822274
137.022050593172,0.858704134079857,13.5331418979251,0.996312562400852,15,26.7577590269193,1.65166517784955,8.50654275793687,2.5111772659405
33.146522058172,0.396312499556504,6.07845000112737,0.61830530212015,24,63.2732950156941,2.60299202140709,15.023996814353,1.79954014757536
25.3272216327329,0.733771174257653,2.95612940620831,0.412496564849361,15,21.8298699158226,0.926261817177992,3.42811843914447,0.572731784375378
259.691937811128,1.69360659417681,15.2807830579447,2.42012033850707,23,22.7508365243726,2.02261426498417,6.5542834382802,1.15529352626016
87.378850142343,1.06269743129246,13.2151834071902,2.1674152559306,14,36.9998350307822,0.588349591898274,4.74943911534727,0.439170712144188
30.2720133396873,1.14242797634329,7.47128666286367,2.0540882809602,30,22.4314795593477,0.960830550909975,5.80430983554944,0.699664190549185
72.0683112038749,1.80511429670122,15.5035134770035,2.98204551380898,13,29.9015573418737,1.33112786897668,9.6935754466418,1.31142705561272
34.4946685537614,2.32652063979632,11.0712875832313,2.61610920418471,18,84.2733875773746,0.802609110240667,3.29117655561833,0.369188846526945
4.8835543974234,0.370422968703984,1.19951670979725,0.352605849350545,27,51.0934166619342,0.937028868509066,5.040533193133,0.752827951179174
9.43509361174323,0.380435704436537,9.23496099858733,0.790933143306079,30,28.280119939559,1.44754933201373,9.52263253169545,1.98855172524208
163.660195911727,1.73449344708294,13.7093846129879,1.79038607378136,19,63.8918894465476,2.14622054898094,9.26671132403407,1.3813990857759
40.6335183724695,0.945716289488567,1.62401985007944,0.311775065192645,19,6.98896325897921,0.319002443006603,14.9116093408882,0.999405697135026
53.7209597949966,0.721809510678757,8.33223870887737,0.926617783140534,28,31.7007328832979,0.768915196519179,5.93169080774846,0.518711276003697
22.8851643069881,1.18599246125774,6.55627295794842,1.79374534636718,8,10.3173861638343,0.364569282406238,7.50411511394053,0.66229494168221
175.945655762446,2.42661733972843,13.6960902237807,1.77604272046775,27,44.9615640436319,0.757292025755201,3.01427970083763,0.541120499838484
33.644473002375,0.465308789192662,8.45992774466683,0.568109848712587,23,19.2095582987852,0.379536515557379,11.3288622729365,0.989786710505372
23.591176427119,0.741016962778037,5.76276802847566,0.996189115648852,21,227.563622117187,1.01195819000398,15.5491605977193,2.22371340647115
8.68810580632229,0.33877478412951,9.5356734094288,0.847428224989364,14,33.0048519760895,0.910121618333293,0.73468132812339,0.306943384103777
130.685164490403,0.956419713276763,12.4004043393958,0.794601972813534,17,71.1072888403192,1.23886776781641,13.5818091245574,1.02151544191715
76.5681333568391,2.36023921927163,11.1812764600972,1.65842039021615,23,100.272674243968,2.44928833730447,14.9663798034058,1.94388445720266
36.408427328311,1.57181673387521,8.51973652295285,2.72201954586305,5,45.2104192472017,0.894246885305583,13.294345868007,0.848545813255993
44.1507223827378,0.428692010515418,3.1464962366683,0.38764404860399,27,46.0554003878723,2.08585766685187,6.35308460012288,2.55693388146917
35.045611546604,2.19257395687181,10.4079052047473,2.42832883865041,23,43.6480273004257,1.197101882857,11.1952675548164,2.45684408898048
44.1302878725575,0.855219463531455,7.56940301423761,0.566450319988321,6,35.3576954617957,2.18168001068007,10.9839474091385,2.48550540684087
49.4616940189639,1.98653046209421,9.75505212420905,1.07276891069765,6,6.53214942560049,0.333145260163929,9.97686205753503,0.896544625354697
18.949180365988,0.393259094738907,2.19445275372518,0.387096354929216,29,30.5433139522184,0.919516735435918,3.63609043079606,0.45375375014025
46.0749029480039,1.96400281299461,13.780340724038,2.56288118418762,7,69.5617628916981,1.05306270713803,9.04058291060162,1.43890777594096
8.88606041072398,0.441342530248369,6.29232310909462,0.874106368471613,26,62.2232967605146,0.987681363957944,5.29871236693357,0.787739185360539
22.3673210631459,0.794166306216419,4.91911544864626,0.570545282621122,27,80.3207755943888,2.16809236727569,16.2204470077486,2.81691457663746
11.8313342615523,0.398471873237589,1.47827720957151,0.389467712369261,3,27.0314739216523,0.636126040836164,7.31184600422281,0.694133204479654
63.7105054387855,0.894853079282647,12.2247383766258,0.764769682606644,23,178.133058024208,1.62362486846971,10.2695054720286,1.33717831884852
57.5479934860471,1.14931204670345,8.86483123518474,1.4522719374462,23,60.5172333684666,2.59382284356721,12.6849503781862,1.69633999596002
41.9143734619414,2.94334877050118,8.85345136507547,2.78621920813875,29,19.81289518436,0.646203876858566,7.08044786000859,0.817005717058945
20.9499353354973,2.81859922847315,6.95568865130269,2.67908209604261,19,129.33354317102,1.657409783633,10.2954575780795,2.91829533344093
54.3992400300824,2.00675099291798,10.7495876984951,1.83894337180274,25,94.2037341418586,0.659932174593768,13.0117979185103,0.915645743198775
122.85221488344,1.79152440364451,9.58970201028255,1.90955597348518,21,51.177288753733,0.505983374876625,8.31283325092966,0.554840112471397
75.3591403969368,0.762003965607656,7.54374946364325,0.518079043546921,16,30.4133233855442,1.02324037308796,10.0706145552317,2.28806031701355
27.6551009814584,0.667826485616668,9.83516450000839,0.882653624006705,28,76.9288756963279,0.75876491860986,8.12873649524727,0.581459743329404
42.7341219035085,1.66829217245749,12.9265370353083,1.89277641345344,22,18.5655933273178,0.78388015563548,5.88294742658367,0.958370130465881
149.692801493458,2.78160838883936,12.9586884416682,1.1639852523137,25,46.2926850071528,2.31692532464217,15.3074571215953,1.88138089364483
100.782423382027,0.824586179658964,9.07601988945553,0.901996929179994,3,47.2330548317838,0.805151766796946,2.25792355173862,0.453381128075283
4.63283503346224,0.306209004577022,10.8930841312641,0.850372633942314,27,119.870917410175,1.04995141396002,14.9164114956972,1.1400362995813
122.80087741763,1.23267428885647,7.6654925447783,1.62894527364258,2,28.1043475222434,0.892267948039135,1.33011412767201,0.354140416043984
29.8371566225154,1.59178280212109,7.96453278729674,1.67481603738453,3,3.95927581150382,0.337342212911282,3.18192061809269,0.469789918567593
8.70450441391613,0.362069766098356,7.77514258005833,0.917776533037136,26,37.2024925436315,2.5597579127665,9.18194610375654,1.85187402459674
20.8275411967019,0.77727244301274,3.34245169105497,0.492012266787516,18,26.5581444269843,0.595026148236778,1.36840909562903,0.304680742252805
20.497327645855,0.811192191769733,0.887809374656803,0.311850125764926,20,30.5479876432238,0.898091401014544,4.52489810683873,0.762506405759141
127.016595511573,0.99870191430895,10.9081621867253,0.840769381389742,23,19.7745698315515,0.449314741439741,6.55127420501966,0.856966978137644
112.661561781848,2.80408090227293,9.97733421790374,2.77897066221631,24,8.60146541763902,0.302156104998551,6.25214459126093,0.535950924187852
42.1869906850231,2.67257286772661,13.4143869660864,2.30513779912967,27,34.1093973795029,2.22743276872433,10.789576843372,2.16746123922613
37.1700468439413,0.847468385934926,7.5026225244487,0.947560693202758,13,24.8876785572954,0.628088792671615,4.31775075984749,0.491295291630509
139.408720865084,0.912029360856451,7.67042612693627,0.539931655535874,17,16.3923001020234,0.56610186366188,6.74573402268836,0.770946897467167
11.1467612496391,0.431440394863896,2.97956803209072,0.514543296806802,27,95.4979412448975,0.590942328330951,2.20570224505608,0.352599827617814
49.2990693786885,1.12437449588595,8.80622579653936,1.09569315803052,28,185.455665696326,0.791543476834539,13.7747135459176,0.99139695885504
20.5901967694613,1.32969755655244,6.95195304052131,2.17841591132126,11,31.7093253749981,0.472946841672177,4.36076478672844,0.463927837541126
17.7999584670111,2.2571042851311,5.39672837379385,1.10935583912085,27,19.4846002474586,0.45412965710615,3.28241461331373,0.432341786979196
149.9027542417,2.88084588468473,9.97599002860908,2.01636963957855,7,53.6738589122421,2.30700463177092,12.6170861360947,2.84534643778981
67.0253191857509,1.24429573117731,11.4661202651107,2.75858104881426,9,30.8369647799066,0.40411418770124,14.067226983778,0.909884488905278
42.6713379332006,0.732428272459807,2.83582415206069,0.451718214503884,22,42.266807031556,1.64221640543705,10.6148572249884,1.48899325145964
36.7444923746675,1.87465217211821,12.0674263753436,1.62601779050971,3,73.5003979698234,0.877821826852626,13.0007454102636,0.991853540231106
11.2056767755112,0.395013632576358,1.0536590860285,0.305537515938518,23,113.679117312826,2.07413450258652,16.6342299040288,2.51768253458707
125.739927101908,2.83946281106961,13.3038576028464,1.87289952096704,14,155.692704348111,2.44595941666421,11.3151087160571,2.98050088880731
100.658844964211,2.44188831926543,13.7284740429754,1.1253420522672,24,17.5948644432346,0.512026939122767,2.60868830591876,0.488726146669176
154.320429704345,1.77523668636278,15.9157262537223,1.53214611980749,11,10.9650201256473,0.431493786814852,6.03452775955277,0.621267855206138
15.5025464432601,0.41769185260427,3.65325882451005,0.589370767220566,4,34.0625026446904,2.64641576297438,5.67223444891721,2.614074352374
52.0408072040513,2.38738042150535,11.5294184908622,1.38927534072114,26,55.7143427213212,1.36456655326249,16.0448683416066,2.78210278862584
29.6978998762784,0.502642929456147,8.41125027207429,0.633264097762135,14,42.0427392815678,1.27476924449297,12.5698411311954,2.75337834047652
46.5443595315474,0.462910546894981,7.5397454025469,0.914354569570455,15,15.0834031679752,0.396758820689659,9.89560997952147,0.907767887178859
34.2815662723906,0.387890186798582,6.35883316656103,0.571254633961073,1,12.7951143081645,0.38874659644693,10.8659304386405,0.698501743549865
25.1463909027756,2.6636426573914,6.89716465819371,2.52593801051648,16,21.328552707039,0.494740494958035,13.9715467270907,0.963279165665298
20.3185014901741,0.988519743460734,5.18937958940876,0.697783541167923,16,227.734876782038,1.52506198973496,15.8669073242364,1.97928075837196
34.6601615598181,1.51090071929556,11.0980822500784,2.06361090743474,10,62.1258029272552,0.596451737669131,2.2452798862898,0.369511600652667
226.21867978556,1.71477531829223,13.6875412504998,1.31491475350309,1,39.4634857649803,0.3851590037975,8.37331559208384,0.566626763207716
112.328948437766,0.823793643910936,12.0785293910703,0.720616885216466,10,16.374897344378,0.441212291192792,4.67093301560532,0.756259261706746
34.9635797055571,1.96409215217334,9.26154125788621,2.00749750401631,24,86.2658898214954,2.75682292029647,13.4404508819081,2.19882755984306
119.221372322468,0.978776716526293,4.32759334332165,0.446294244030636,1,19.2613230992096,1.08933763625822,6.64341109938112,2.0555653364662
58.3929051998372,1.01623372200564,13.9214713689538,1.98125899869675,21,50.5414650890284,1.07163587482179,13.8613381871408,2.03816921456767
24.1372470741953,0.53635652178557,3.91861270048125,0.443131744312196,17,36.0504144935642,1.319875296876,8.62643158958838,1.47904994614934
40.1267371118918,2.41854213495832,12.8192974118554,1.44722467684234,26,42.2821580213424,1.55333641099211,8.85981739739564,1.55962596573105
21.3985219965679,2.78488391086944,5.46539876693258,1.11437169325496,22,29.3341160818318,2.20807443467238,7.40006843528687,1.67509976569074
176.023992017983,2.52083968370755,11.1417101082697,1.91184618591521,3,91.425634513727,1.43788142434569,14.702342668252,2.17992966623492
29.2824839661069,0.539890525336897,6.4700864090347,0.743169681372794,24,164.717454033018,2.48075731564657,15.5508661985119,1.70981715701878
150.396659210161,0.876600674102528,9.17849586282881,0.58839010126961,4,29.0291960872707,0.998018028935128,5.71342963068132,0.692390723852942
46.5303831467629,1.28201371008744,13.9995135103323,2.36813116134378,11,176.909591524762,2.0587548903968,16.1062797689132,1.95802566076113
120.563803928579,1.40895958999305,11.9763834856785,2.23759474169883,19,22.4801879342779,0.77687546731892,2.0763698867933,0.385628603769115
56.2065093076291,2.68141519812412,16.8890550102754,2.50720720540661,17,47.5125534420272,0.6951051790211,4.39023623093279,0.594541968632351
103.767984800677,2.54623329413268,10.0511032775553,2.17893930626465,16,151.90923028669,2.51398393043378,9.18888467176624,1.79433420992268
115.819942597839,0.726290526932178,5.72645930890182,0.486010554842524,5,2.47616163321925,0.324088770241464,5.2745040152915,0.945209121705846
49.4811264681805,1.09489391881716,12.2572366151627,2.19754401560877,9,22.6836632640686,1.10266107806978,6.87405053793494,1.74888442290938
85.3959194113617,2.7013809689347,15.8429138938151,1.99414028214424,13,71.8531558242841,1.67787628091987,10.2624882488476,1.38709323173154
66.3422583624006,2.96926774500884,14.8963784589099,2.00422443132226,21,132.215351210024,2.13350985707045,12.7562760613399,1.95738705870784
37.5877674614936,2.87084954960427,12.0869249428402,2.0171043982286,21,55.5283482234556,0.556703156953086,7.11430327577934,0.544463115652454
81.4031939197229,2.79791675603835,10.795927341574,2.19176788748971,15,111.644415878133,1.46265730237806,9.92707193907278,2.87468407695637
46.4892060509226,1.82622541315395,11.4231475081308,1.50049416867949,28,121.93643258433,2.90790532800898,12.7010664062336,2.72708233306925
87.4595529526887,0.569256245212097,8.7132998344195,0.58306281139569,3,33.9353450687106,0.809619825425278,3.64233870211954,0.568671397361192
47.3344792942648,2.81527182225338,12.0974284239419,1.33199711535038,19,162.271987215387,2.60921982985252,13.1284050490021,1.1970010108745
23.4515172067311,1.84526447576718,6.02864436524571,2.90273565221106,20,56.5752199918478,2.52296331551848,8.19285480010352,2.84860185943631
67.3570365446014,0.984263036205917,1.2642683102886,0.306235572680786,8,81.018656584393,1.59101504945113,14.4446307689896,1.48622061474678
104.985489008981,2.60134993914371,7.09001191717187,1.82965687445805,23,69.5114751413392,2.53478188016526,15.4937237694857,1.16865587189588
27.4067348174761,0.532368972084394,14.098349281209,0.998078213364762,27,8.77614434326853,0.414786674208423,7.22811767121828,0.730379129194337
61.567526588317,2.13616023109403,9.32954630101594,1.74211842869484,7,25.8051287401367,0.822073883204898,3.24852804693222,0.530520560569593
63.6812531178707,0.975715233467793,4.51275062552911,0.427060965047512,10,12.7388856171974,0.313390877639984,1.08919602310782,0.33468456482164
126.116688799,1.68534760560465,13.5799744122983,1.86469283072676,11,106.106257479566,2.5806939361004,13.999023783261,1.13686278646905
55.4104259898619,2.89229793666581,11.6474296114896,1.44622537790075,19,59.4415889408201,2.11133258340668,8.69189200362621,2.74787674835545
169.75021131264,0.722793726152065,4.15794137821391,0.422377275760128,17,72.4374904484966,0.947367039514017,6.28157922647343,0.53824439957307
39.2871149252466,0.513298946159046,6.69888541625954,0.909880220577042,10,115.794753587826,1.17141356606083,13.1011258105062,1.00179718100091
32.9155604569011,0.547085352369095,10.7246361360489,0.845119924471997,28,60.5597286016623,0.613019321100387,9.69731587063811,0.641165769337726
24.9934503503557,0.87648905762965,3.78383412242753,0.645886137232039,13,68.8612312896782,0.760392618598842,4.37617103353564,0.69121034966364
61.0206381980587,0.618699918193195,11.8011690473768,0.785386971077166,26,173.542232828283,0.839477985857246,11.4362300220667,0.887713103587109
45.4259826022421,2.43427556784376,12.0780705851119,2.69723054664943,5,18.4734782803411,0.468529025227222,6.65265248960094,0.805423690689352
65.0032369075751,0.795041333467243,5.55054253365204,0.740648671872629,3,156.199119993202,1.02752028849878,16.3120631413292,2.81641734563365
31.0581905810655,2.10766357907946,8.94392676689877,2.10134669065503,12,65.2191601342632,2.96712765532717,14.0325458486336,2.47121453419494
40.2922916674218,1.1984690986487,6.99036747117422,1.4080724760803,24,37.6047628527609,0.365177075359727,11.0594114493205,0.904229065719625
38.9442708427163,1.2584769676587,12.6746047837115,1.15725314951762,24,63.3924272177961,2.47345261298663,12.2050449580157,1.81152776390495
148.526205014305,0.951832207785492,10.8456107739629,0.669747680053112,18,48.9365908217392,2.84505680235389,14.6821331598688,1.3075058282848
39.27940199621,0.601813245861072,4.96825709840477,0.495079726481534,16,79.585604816247,2.34181702669081,16.6774004640824,2.90689409646837
34.854449358962,0.80643932500549,8.50398298590514,0.653875717161788,20,15.5612183095734,0.303090555233163,14.0837248082858,0.944720650878983
44.788418999942,0.574544330061148,10.395331159241,0.850394354603331,30,64.2884048800371,0.903489180829917,7.73119047440279,0.908911749180964
145.819015041699,1.27829710778016,8.05145772994296,1.03523540638642,17,30.8562689672271,0.592832362134583,5.4671468928629,0.524887089173309
56.9884410615574,0.600781031440387,5.13449980694174,0.504433456013013,17,37.1107740021561,2.69920540914715,6.47709502917819,2.82666548747766
16.041385782671,0.535410486768768,6.37520403961171,0.677694448988095,13,60.890746090359,2.76347805375404,16.553089650144,2.6437685581936
92.4891113868332,1.59428483247725,10.6620081645425,1.19626640920191,10,18.0521864475737,0.350519338656331,13.478686350562,0.868245362464661
47.1048694275459,1.12614268220891,5.89610572757612,2.30049143252746,22,68.4928508313681,1.7715206308052,13.0331672299914,2.58257367057408
92.4005199715299,1.15394000599844,13.5390048978086,2.84635463025193,4,129.407462144452,1.09286228004026,15.3731461930504,1.45879123043516
67.4560389635181,1.90387958393985,14.4313499847975,2.32822146489684,2,23.0235383001828,0.31739818552993,10.0277332692298,0.7948966705235
46.290758606406,2.65678874879644,12.5526597215786,1.14188610932439,6,16.7049690915943,0.607113207470229,4.08661722885156,0.523572717000226
13.7165748103801,0.405931547209899,1.75435586182926,0.390285258542936,19,78.4124655227509,2.63672580900031,13.5397599807333,2.70961071571637
219.033653755106,2.95201951483735,14.4528424570972,1.12861720765439,9,133.58875751224,1.25568879484997,8.93876036312121,1.52398922355275
39.447370504111,0.745191862603938,10.4203876068607,0.878300976098473,29,54.1307282899252,2.952839488735,6.4857931829108,2.65445151745095
40.5628375644081,0.772892349679417,2.65103124903,0.339081877549129,4,157.729470005183,1.11599386632752,10.9356326035541,1.82780564123062
25.2451077243594,0.647782981581205,2.77234730472627,0.437781209302146,8,96.3809804497259,1.46375751441339,14.4944900110133,1.92946441897043
6.34573234546067,0.301638984108642,8.50886161638525,0.964154403990722,5,70.9205103917993,1.93194922275345,11.7863905164948,1.32430388815847
4.38320246068352,0.339895219704704,4.66381631064235,0.589161340290683,16,46.4429479675979,0.939532681673557,8.77087646793558,0.661710545544965
20.4798969485276,0.760355325975081,3.95615679128748,0.515251978951059,22,20.5916734480349,0.489877335906713,5.10743060482509,0.761072644700163
46.2940194369528,1.55358392298611,12.9771931417983,1.07584016347012,27,64.1109738812473,1.62939106033314,14.3903489484059,1.73853814122512
53.3882074065198,0.65841225543173,11.6515482591081,0.732793707893512,6,93.3253185035209,1.74763651912364,10.1879322874955,1.78665699177036
45.8736232495465,1.1232385517693,11.1588193128793,2.37127370598622,11,45.2916284711201,0.473425498500818,1.56031035290936,0.316774488536479
47.8830313967155,1.60388337150262,14.634640396199,1.46843172082853,13,69.3672308644587,1.05869895609056,16.4721807503045,1.73774295750693
13.4220082391424,0.482179355618242,6.60830744252543,0.664762964595524,8,21.505284384585,0.600798798973395,3.92476274817578,0.637931458272476
194.770976369624,1.25215434723073,15.3410094985908,2.32935354520183,2,100.293922962284,1.14562258086848,13.2886198839788,2.92807750978668
137.367793237642,1.23163602943231,13.5614323091677,2.36347695778995,5,96.1229028977566,0.848412337012382,4.18095701822252,0.527878056300685
44.8421657557238,1.07138462937893,15.8960732574724,2.6225240964384,5,9.33477381428621,0.416166246063242,5.80658116146225,0.761391179375172
27.5891226389961,0.592115246322495,7.89446912309021,0.633940906655588,12,37.1965257294004,2.09954136336697,10.6109534948502,1.1113885428638
36.6340961916216,2.73262004827582,5.98393726361387,1.58330194308751,21,111.18371881318,2.47498560411821,14.275365578923,2.65826409827278
21.8714337808967,0.628763922312926,4.91686130969079,0.605978974216304,11,33.3305861648864,1.0296238879772,10.6132801734005,2.03665589377224
109.873975805493,0.580122261451871,9.06132117845725,0.562346741131829,28,130.569160561614,0.66636096808629,6.80539025769946,0.579334963983987
43.4668608801794,2.05532744203327,13.2358627809142,1.50085762389739,19,56.1427892380659,2.55955356659258,12.0283884079223,1.14229408309072
58.4874778121903,2.78297398318543,16.8811786689851,2.16076929693313,7,16.6217620776187,0.51577658231385,1.09269490320115,0.32399506228816
39.4969369454415,0.61896784565811,10.6294546756221,0.799578376247531,3,33.3943283513798,2.46308247863685,7.85151767408954,1.62168763005171
143.181815680749,0.844801808049905,10.2105039148852,0.889227780191905,30,80.7686362521353,2.23168258919844,7.66447368675844,1.98511163566853
46.375741038107,1.46367988569175,12.7855905049239,1.09243812473814,26,127.9096463083,1.78048041617261,13.198633854584,1.66394900693631
42.9641059200352,1.80756209080527,11.4599280066999,1.77903241240071,30,49.8335713075846,0.57127135239783,4.91701326588294,0.457432332595656
9.11680599435039,0.351478538676106,6.80841621625581,0.801782698868609,28,15.5790304849411,0.496420590247381,4.12312629436469,0.599815852314562
177.032059758034,2.40201961918966,10.5495800114997,1.46828574376194,25,65.764375660746,2.60102702813845,12.5232272991814,2.31942427795693
4.82336859524551,0.320075687134185,7.35641110565791,0.882897513057997,7,86.2672767060712,0.850892968229508,7.07186035902721,0.565517293990972
45.5663441026437,0.443824584528417,11.2162984449015,0.930523425865317,3,47.3534002606847,0.675138493219972,14.0034169240557,0.992115632851403
19.9389251243323,2.0589030236958,6.28360492987815,1.86658025413425,11,22.6897772727782,1.47104152785325,5.72324142066493,1.33569843817072
118.981044940814,1.08316790632742,8.21337682566332,2.31660868610052,26,18.1966437965077,0.439790387674525,4.11955435664477,0.399395259766549
183.996464977235,2.03527965203366,15.4426888657669,1.95602386330676,16,74.3711234623632,0.964250376246745,7.45315769956334,0.610295719557434
87.9611538107924,1.78348386483898,12.7475037630185,1.78642167656818,10,43.6503504226835,0.692001052976411,1.79114592227628,0.31012148405254
52.4815270424882,1.05985403110848,8.69324989884839,1.25203453036155,3,30.1191831901591,0.958782577097786,6.53130783692699,0.844747661419886
22.4569557833422,0.647567054463944,6.54797970805646,0.635010708905816,19,30.4122116183135,0.359466023799598,12.5765887503749,0.78346537612926
86.3366613994885,0.756661760096655,8.72443744050399,0.580311952595649,27,33.1517982729552,0.644206928117513,6.9691251604053,0.805017304798658
3.25942621311909,0.306434699845596,1.66653281711964,0.357529177032886,5,100.879376019461,1.04813703817704,13.705222272959,2.30049519231004
8.5982927778305,0.335991915328857,3.1521271576078,0.380762158399341,1,58.2885334774814,1.42829010583058,12.4390864962596,1.15500639680118
7.81564529773103,0.341260124528671,11.236163442599,0.724055442242756,3,5.85326748786956,0.303215661718381,6.10348115669114,0.757864013696763
67.6299454865649,1.45859809699029,15.9042569123458,1.70123235887943,2,160.389695489456,0.956823308470564,6.97623466340411,0.512335760744036
38.8279793314066,1.14659549658827,9.46225235429185,1.41610286651473,3,31.1623201526699,1.42612393580288,9.17558066924238,1.98302188067033
66.5126281507489,0.887587837807408,2.70077051989248,0.43219990107883,5,19.3521573183504,2.26189963731111,5.77981309202835,1.34374376646737
22.4410490886158,1.2182375905026,6.07324240096946,1.88574395555293,9,115.900032092717,0.975386608947191,1.50228119564111,0.323680085411416
73.8814852559216,1.55641872290047,6.31628574384576,1.84958765142113,23,52.0910124349593,2.81516448453443,6.4535652611005,1.63248458749911
30.3079738896378,0.440258109523132,5.10276752375859,0.706818238505717,5,118.258422468201,0.963779016978621,2.86387254916855,0.367468466292308
261.908841535419,1.81122691305673,12.7577035777271,1.0232401568885,9,40.4726702230584,0.806136932394845,13.1485304462599,0.839948846952463
75.5917111108435,1.39023790214511,9.27608687000351,1.21157864397463,13,36.6011509058424,1.33908768721726,9.01129632739133,1.95373558662672
38.3564432934009,1.60423194126392,11.9468486556305,1.77771700636772,19,33.6923468000739,0.890780615119481,3.63049386393117,0.627831313154032
171.602953036646,1.45674669080029,14.6649776122,1.90606471865164,27,54.7897388508128,2.06973915473279,14.818880165213,1.6810376481177
10.2495245729428,0.426162473191556,1.99171777602102,0.364537471549911,5,35.3719338955796,1.40177177142197,7.97723193121723,2.31887123650669
129.698069320662,0.914960323990493,9.76654312687194,0.700596369564858,4,85.8143455666615,2.81528881193216,9.06305474570761,2.82304856063763
138.880215112454,1.04036371253339,15.0275534781641,2.792837956537,25,77.028599216608,1.17128920392694,16.5778104382297,1.61050583525739
90.2050629605819,2.15284003514507,8.17810004204033,1.40237703437878,28,145.62934303219,1.42302735866635,11.8952828967066,2.90315970576681
19.7246124242711,0.547088727842073,2.46385798104365,0.361238179841062,8,106.20295527151,0.712193824069866,10.6268445529756,0.659617297296015
25.9552354599106,0.671060678612583,7.24749126194908,0.909815094520106,27,148.244744637413,1.85846286411105,8.24181491601045,2.05150207303179
73.8733098841354,0.890631875561359,2.57144313215752,0.437526581097413,10,15.4646554959053,0.394466178508208,4.57261478009517,0.530267309607612
40.5419876325747,0.686495284420142,5.05488465289352,0.641109867292134,1,39.8850461761267,0.534594210647911,8.58014931783874,0.618402325739382
49.6998893850963,1.95064790897647,13.5153616615857,1.8092882685981,16,13.0563646665526,0.48387610412448,5.47322261048826,0.593183452003775
26.3055913799975,0.641604139142228,8.78180219424523,0.865643103558505,17,31.224674808186,0.474759102170993,7.38223563083186,0.598457950696406
61.3473309622827,0.642710766165649,7.95105341015176,0.63236298904567,20,41.6897333669739,0.713932670507908,7.90455066104575,0.547543985751011
96.7897708492741,0.698339562488382,3.74737748390742,0.375445923965937,26,10.2666840443535,0.405840218095999,8.26912711468239,0.8349268726716
48.3473703943871,0.501484539550522,6.84051257714452,0.59671123338994,19,147.488377122344,1.22394992329412,12.9814255161254,1.964344674702
42.0124806508605,2.28380684671993,11.1126202852707,1.69828462129394,12,95.2586585447477,2.91317058936645,8.35905761970898,1.94857585484952
33.3947685722707,1.1183847430594,11.3076228799954,2.23865618328135,6,65.5546999689212,1.97477638163552,10.8989293435895,2.08106992598762
28.6229040541233,1.77218727999692,7.59800740235908,1.2422125852866,7,35.3766004452225,1.26620836310702,9.51279782542058,1.08517173729245
51.1520780307082,2.17528391298914,13.7127894690194,1.76918813901611,8,57.2091331828375,1.73807429412635,6.48107016070826,2.75067433452254
152.950999590987,2.87614083866101,8.67767324427533,1.09118862555527,28,109.901292829707,0.887901565635547,3.4352690767612,0.462695553479854
95.3360212454256,0.990317499258246,8.86468455743461,0.864445312873485,30,74.4444924461324,1.90669542871037,8.67607890609964,1.60358839321528
25.679105222592,1.0335062210074,6.46638444155042,2.77353468621108,20,25.2953790791706,1.1722126616098,6.44121472099359,2.83574926885591
44.6579842275222,2.57955964673098,11.6376238340768,2.42763622921683,8,16.6793429550388,0.648180635942572,4.74312037264151,0.811258536949651
50.7851548271151,0.811358732100523,1.26163231264963,0.31736004300869,2,52.4691538749105,0.631898853681508,9.75435193785781,0.857293981785932
6.58678584202616,0.40634174329418,4.49891247033439,0.678247366825243,7,59.9309884236498,0.822154793302744,6.55859592101126,0.694246179409861
79.7065913654627,0.823115368811512,3.85386842150452,0.412132108121234,2,101.79932989505,1.8526387628695,12.5561082172692,2.51703335803196
10.717031012612,0.371933642897407,6.05055288367372,0.51046151587311,17,62.6331976243949,1.4453001963514,9.31385251264683,1.0095745082071
12.1938072933608,0.482586393566886,5.00885830070352,0.887378833319708,27,75.5776357621888,0.980936934288836,4.72776962781376,0.531140977903309
166.234886865007,0.656370580520972,7.355884000805,0.50314640889179,9,11.9802185715665,0.331011513353797,6.06839427572753,0.617463329961089
24.3807997786782,2.49232703726231,5.63736760230302,1.29287512985623,6,90.2123897341072,0.703643141396322,12.6088446771218,0.902902019981598
156.175432666509,0.737459312391057,9.66887268769045,0.861774034233569,12,15.1149458631039,0.406292624115602,9.24998225523535,0.867649690453014
80.2109864325127,0.61085246499161,11.6193135494163,0.879172189881965,12,88.4167349343815,2.20753914223174,9.75311662505626,1.87557240651358
36.0579834183342,0.933177308996398,5.43592590751504,0.503032852509892,25,81.6300102260301,2.49841749595657,10.1204291790895,2.88247865700682
105.885372201401,0.919332417675657,7.33020480651645,0.693637651730429,28,5.12902044150771,0.309269598464798,3.49872703505492,0.389974450169249
107.157445474391,1.07600212130924,8.62902238605637,1.08406236443048,30,34.7758098354205,2.13283403364857,6.2080112173115,1.1070865526821
4.5711510340557,0.317417438898755,3.63256588676417,0.580428856932291,5,78.5994287475353,2.4243035001891,13.2883800367226,2.50890235528348
26.8215936388851,0.603390982199848,6.34368702458527,0.51980302245787,27,62.1839582258432,1.44495622080472,12.8060448151747,1.00878373360027
112.525958697472,1.07349290586441,10.597478154411,2.22518022257112,29,76.3066614620242,0.669115596423956,6.21394859318594,0.494774638089186
6.53184885251808,0.398728024244783,2.0168797873377,0.411992779093603,5,79.899893843558,0.754844716217257,2.83609070535512,0.431247395391505
25.2295142746266,0.709200348792418,1.57762882594695,0.341314321857068,12,248.586912379781,1.33662631098367,12.8821387215976,1.08208349750097
38.4927831416201,0.659483828571714,1.94413643610752,0.380120280532569,18,21.1457623981774,0.959578801676807,2.09199116008319,0.407079609800754
126.142166587574,1.30528692717096,11.4577302343386,2.67502692009898,11,196.217998703446,0.827254663087136,10.8584039130898,0.670723129460371
8.02166533372506,0.342135859915523,12.1300341484989,0.844899076618227,23,23.216633472409,0.343173457052096,4.52662271807718,0.594122393445513
70.6251271379379,1.28890562869844,9.87179908383124,1.70987625438966,9,40.5135184089715,2.84124038126806,6.156064480341,1.5593794636479
51.9610804978238,1.94732297652829,11.9572987468253,1.27848691183455,29,96.4270702315354,1.94074511660791,7.918429481958,2.70825623191795
22.4130018359374,0.646856078522223,6.3514937825846,0.640700046467296,6,43.786073395427,0.760995153335196,11.0704233817764,0.738572791753658
50.1405855247724,2.89644715855256,12.7562299955185,2.62119504525234,22,85.2446970562977,1.71441744750823,15.9540836199447,1.76776439257386
91.5304955191916,2.6123231788909,13.6248416382932,1.06366748549019,17,27.6913141206755,0.937475443549129,8.11404738321502,0.94817801165112
80.8115777744456,0.938414386094312,12.2259592770522,0.818576351546013,8,159.602233144293,2.23994562550784,15.2896786454558,2.37604282343355
23.2865059428002,0.929011616927758,2.74861897502927,0.425549473464438,3,54.2519615561479,0.531739963444335,2.40288417213765,0.367521970656844
38.4224851390375,1.10561841469931,9.846097764423,2.35058753230767,9,22.9170109303682,1.77461698942486,6.10902530458825,1.04344011527554
19.8122602849516,2.20433305735622,5.63594670198726,2.49789291420438,1,55.5475376456569,1.29256034906088,6.17028114699172,2.16175822982447
103.408014484545,2.39853658706328,15.3225704144809,2.66806469867598,28,51.7326312864698,0.584417729416532,9.50455889121071,0.81882701175
50.0730752457525,0.970601278531253,7.11537092570677,0.938838988705403,14,28.8811551868268,0.900407412038343,7.09850544794435,0.777131594788481
123.073279414258,2.9503426230241,14.3156149746218,1.86854843071953,27,62.7093115790247,0.771369881162058,10.5095995189208,0.755145238534909
72.5893712562368,1.25355062431444,8.6182198273396,2.51366116286518,16,14.6700176826026,0.334913821336448,4.39072638532977,0.400447184099553
14.8760664596416,0.421842840747475,3.56761458993994,0.456887078760111,30,38.4450579756616,2.04738359781192,10.0590577851289,1.74868946926871
11.9350896246342,0.364490284224029,3.50601336040968,0.440915054919978,18,28.3469176650212,0.493399049916421,4.25632146331651,0.608583480144087
123.699179965884,1.57258058783878,11.0037718986395,2.07690384822226,7,102.662463877531,2.05871799727386,7.9162205998891,1.18772869737671
95.2515380613738,0.876208409701446,5.21731100579618,0.579439390992705,15,47.6475608432268,0.966818834034393,13.1362905996327,0.831412721235887
68.1103503936085,2.82613067091817,8.25148524547672,1.463465079964,5,26.3441827721243,0.785592790595119,3.23607219883537,0.524547061271106
55.1521584354052,1.4357789894646,12.0730783559236,2.10648632530436,22,65.8461909283361,0.688870158826224,6.48201300652902,0.569574915175675
73.3797818034136,1.0580504526126,6.63908810519462,2.84070776932569,11,76.8443902537805,2.13075217784576,13.6100877182945,1.72287491472812
131.118911145723,0.990497686128028,9.77240573175442,0.661500048325984,3,106.110050371327,1.21421314499995,16.4016349119983,2.11263942188184
43.5778750865063,0.433175391448263,7.38221247794329,0.785766110463219,29,138.530490254547,1.73710330044292,10.8960882437826,2.13730900310969
52.2581872814199,1.24104701543221,12.3657023326125,1.71281052101794,4,133.346281113463,2.34380274652227,16.6831511838294,2.11991506269175
53.7490181885886,2.31199326384083,6.10085353952693,1.34006553917104,10,20.7932225246683,2.0848760789036,5.98355002131533,1.52940891497921
30.9450096998829,2.57790771561807,7.37454879921379,1.35469519768084,23,100.332656083371,1.92593373625662,11.8930931381195,1.04229750213134
38.1200097068826,2.57520258582146,5.81553506341845,1.3633971388387,7,88.7066677964246,1.12636601320883,11.9910902239839,2.57321410749753
12.6431065700277,0.37382889286558,12.6582976184753,0.991653551882127,2,33.3078564623362,0.737401609308895,8.58274364802028,0.711223481430382
47.4778269003199,0.658102526035529,7.82542844312419,0.683225129066474,7,265.491492665675,1.88869838618045,14.5203424356103,2.40529419696926
42.8039431975653,1.00064229844019,14.2736699043246,1.1117468200567,4,28.2643249899615,0.839459574182073,6.04385431385869,0.90658467288522
86.6493046253122,0.933740235310188,10.145747767237,0.722158095350985,25,32.6843317772871,1.07294508150566,9.1336216075246,2.14606363116369
62.9610391910704,1.72721535547555,12.2078509169237,1.04984637372741,3,23.7454633766731,0.605552723856161,8.18994641233947,0.903445158246779
51.0524781024796,2.07507558202713,9.3659232065968,1.2008103861719,23,77.4026504843252,1.97154602114947,15.8263450337036,1.97201845869235
17.9717720206495,0.417226681876991,2.801617483096,0.369182266995387,19,28.4925803328235,2.38317967020084,8.08341843381322,1.64946010531017
130.904111960039,0.825531205471886,8.04185046585439,0.534088122793383,7,20.4515832990206,0.347426317258396,8.77322460838463,0.810128737373895
49.7225447029228,1.65956329899616,9.44127926186512,2.00983450158947,6,75.4098337189196,0.80869757016692,9.39975244419536,0.644354111013472
115.160959580825,0.934147973439879,11.5997689023295,0.911314040943299,26,29.7051179818536,1.17420167354327,7.8156180004017,2.9305826683924
66.751228280974,1.86626551887833,9.08800499498709,1.68503214971637,14,54.3727403424728,0.715364377819987,6.49699727110865,0.508440097401004
146.611925481387,1.66450242559115,16.357736733726,1.99723356520409,22,49.2782379527423,0.93147681153448,5.62334104283932,0.555591890847133
90.8125694221513,1.94626736467783,12.8893702900745,2.43889193681929,3,33.7600940115843,0.775177549025741,2.78844429087345,0.439983733000416
36.670331457586,0.574412816850141,4.17853218551283,0.400984504335135,30,140.136729265669,0.70939473777545,5.9844350626581,0.553439670147047
172.548739167801,1.95234995274972,13.8600320906711,2.94510063579196,23,38.1406082980224,0.685777391478165,6.61494874288548,0.681855963598567
148.192846574599,2.88300595465011,11.410306466115,1.01698069906735,9,54.4901264281331,0.880429332167782,5.46278188820162,0.549881176915574
14.7072601735097,0.596753876869581,5.18421607674985,0.75267926733567,17,25.4754404267144,0.515917118224758,7.74427724912339,0.741541628447373
105.755184263498,1.25369677206431,13.9298796599261,1.32254293575295,13,29.2984062572821,2.81965360472924,8.38600151480891,2.04033474238269
37.6601296928103,0.996281041294313,5.51437601892958,0.655975157159634,28,34.6890538200396,0.623260661857684,8.16745635536481,0.732564990717173
69.4665513677195,2.32618811008677,8.98631094372655,2.79551470149623,30,90.7432871518677,1.02392671124569,14.1534248293412,2.65449324805727
43.4046363018631,0.851060455112557,6.69271506227876,0.588192741722623,29,190.803640767738,2.80103296799534,14.0750192008706,1.59160411973283
76.8005572594744,2.02357117298476,11.7630411012503,2.87240372115282,8,23.0457036507653,0.669445827926972,8.05693867561565,0.769846723059363
32.5356618107183,1.23326231852888,8.80662363361445,1.74068200101829,2,41.326566165402,0.702645421242537,11.1184761169175,0.899178883290352
36.3609884735856,2.52050950408952,10.3494389745416,2.34651548197379,16,81.9800255461086,2.78055835088984,9.54268451107007,1.42808671492078
209.904893450248,1.16209838231353,12.3169056686986,2.36971818352332,26,21.3955642828283,0.554121488441107,3.11931533164705,0.420385105310478
45.9969120261357,2.51418299406996,8.88798132453072,2.13963973645624,25,29.1768128185126,2.90800685860487,9.01450186686369,1.37736891293565
5.34072175416282,0.326719668155001,5.62581120233112,0.706138577647999,27,115.058373625208,2.60456052791625,15.9119895193741,2.8191875453095
100.454712937977,1.55991342687642,13.9862477613074,2.60841069519861,3,35.0744462802733,0.996080841807305,5.80682834187053,0.978823080454184
54.4761584889951,1.12028902199818,16.5165024051643,2.97006112437362,7,5.43143813471705,0.309020528114689,11.4715948388978,0.870872823610305
192.455951057347,0.86631387689013,10.5093233176693,0.718131073291128,3,96.7383596219526,2.56845430357817,10.3470178450418,2.30127588380753
110.2648586988,0.676321063695539,11.7634085386443,0.71028753513048,30,47.8501267576842,1.80956380955114,11.0772619988644,1.18587822729419
90.4690853099803,0.625798074323841,1.7579520073367,0.33926289049365,28,22.3318221988582,0.811367654035471,3.70693270589622,0.617822287275314
55.9798249729025,0.872323720344143,2.69227292050031,0.344275830211374,28,55.594249067239,1.02074760874528,10.9206869287533,2.39775832681565
66.1230290116259,2.44374592236319,11.6569408245911,1.03588982452099,14,44.8243417877815,1.00099344299191,15.3684808150684,2.12422471261669
120.481263999664,2.34437050641828,16.4993057692462,1.54502206547351,22,36.5440965046045,0.601053644407569,8.66588109224245,0.67720690223246
94.4378611770426,2.79681507292883,11.0309458454554,1.82623890853307,9,18.2251298444089,0.506052545327836,0.847209871844302,0.327955556361136
19.8117586499607,0.435137947437736,3.10610094772504,0.381260803941689,29,33.4458356187792,2.17938911759652,9.78946713985309,2.49448313053966
44.5861293325298,0.422540487615281,7.38167348558696,0.744215283911396,1,29.09395960971,1.31321452064783,8.54908619823661,2.30467794785788
76.5951996183186,0.741683347251566,6.31096026967318,0.675395507952381,5,45.6121791412806,1.6405998736883,13.2356449283999,2.26645743417302
12.4771119395808,0.464971640149544,4.16180228392612,0.651770833139059,20,28.3425633215732,0.522431714560889,7.79715461531183,0.569342340356461
26.1068434976092,0.557302575419136,12.7494281265245,0.825359122358547,27,50.4138880760864,1.18868941833003,13.7197998326487,2.625083244534
59.5691534910999,0.492834899245394,12.1391928609767,0.913763363473919,16,68.5454481605876,0.954042486066222,8.33094557914949,0.536498128827279
17.6347512387646,0.636548161974314,7.0898656362835,0.956532711014701,7,70.8416535675517,0.903907803512837,7.08748111991307,0.491594823325026
146.537576727214,1.12155183992067,12.9795967000649,1.28745912947845,11,25.8896531882017,2.09925830692197,6.05799031179524,1.1022623737142
13.2356580492522,0.30790995484798,3.08529750246432,0.441384888853931,13,36.0025643236468,0.888169829696852,8.18815431822257,0.806112517744441
56.959444351286,0.895095989901492,11.1248432911425,0.668503327074508,2,99.4688421807189,2.35646664728246,8.07100721283398,2.87227206230489
33.4045252663106,2.93272996654971,6.5180968178766,1.2209383631338,26,14.5698075189211,0.625259828712763,5.96518378053296,0.80291261770467
29.8560475629947,0.556741918599873,14.27710935742,0.971940713460833,10,25.9551236058414,0.747155332054934,7.12844353267078,0.700733639942647
83.5155543061195,1.16431816107531,14.8499395725372,1.33649143684851,20,146.75215116955,1.37614832094422,8.26188932564265,1.41903616670498
47.2851156129006,1.01090730806987,13.3810919066323,1.13008400826401,11,64.840044843205,0.813102398953879,1.45198447691122,0.344750677958649
29.5750339607771,0.797639579778621,5.27560146856688,0.574633449069719,29,68.2963547185423,0.561993421124381,7.15459273686992,0.658508307963287
13.7379929967397,0.50017198278496,4.27113560727976,0.609543002614665,21,98.4289770762623,2.78370222864342,8.58933200823639,1.20539716806942
40.7041372058062,0.965046300259028,4.03394915790404,0.507508440314098,8,64.6205698341347,0.495410294517956,7.203422963705,0.845665654572166
25.1419809573984,1.29990499806466,6.45038201530473,1.71750974395939,12,38.4948728379526,2.61943713230078,11.3371935953431,1.56500622259206
24.5263018829616,0.666656936422342,1.73954819459856,0.355138126576764,25,47.2542143366092,0.884465639812767,9.19926253440796,0.772649299134892
28.5428603528744,0.721655910467076,6.61900361120472,0.590761758794782,16,17.1471629771993,0.444758515192913,11.3560728052741,0.737389850180916
101.657504307905,1.90371762907024,13.1964007264869,2.67029015230791,5,96.5715065569346,2.31052368973571,15.4860457569548,1.76509434888732
24.581411265088,0.992065928078639,6.32792934886136,0.706757664263911,15,47.8811740623307,0.932113951045783,3.1005205066021,0.370800625225706
10.7154072783435,0.446424680358822,2.77753442264139,0.428063153515415,9,47.4827214365511,0.62356018418278,5.31654968893893,0.849679617054753
41.5501619132233,0.921137848896929,7.68709263767132,0.877705353140217,6,29.2074529274273,0.57322205119999,13.1807082331768,0.941098961212981
105.0527346893,0.865240058606525,7.68046626366462,0.531983411177381,11,16.3950385182775,0.511722932026017,1.56327788176722,0.343664408331363
44.4979029562742,1.04867341439561,9.45829144736816,2.00414119804,23,130.465633921235,1.80897251369153,11.711842392383,1.63579234238382
14.9054736892093,0.615621545029612,5.05368795868664,0.796084787298755,24,63.2853501359983,0.914768914389146,4.00856600842338,0.513260295630911
56.1276376895132,1.08505626768246,10.6336650303065,2.1092499638385,26,129.08992690355,1.5111086953223,10.7318723984176,2.85276450675255
69.6806003713195,0.894964765415312,9.30496484390914,0.978686160401592,12,57.5626925008003,0.93298346654712,5.73929651643685,0.532778733164037
161.876252552462,2.23719834014806,14.1068307507713,1.27933053381781,24,36.5801079435584,2.81078589784257,9.59844656995885,2.26808637402214
35.4261262862976,2.47705280545606,11.4690220634161,2.07903173732047,20,75.8404598540558,0.706054733039896,13.5142790380435,0.954768260310698
118.601493013853,1.86160972591288,13.4448586665725,1.84042050189039,5,66.9771011563521,1.77875972301796,13.5957257885839,2.82039044553527
33.3463120624307,0.951925826358529,1.1357837920832,0.323315717174398,22,182.436184213946,1.57947367230916,13.0941534369279,1.66590174442855
13.2135223830425,0.316432658617135,2.53399849829275,0.434604411186021,26,67.8663360604374,0.970375323546597,1.40470384519445,0.300583678083718
32.5170128376005,0.60343461034096,13.933788063856,0.983425736058379,16,159.682962120606,1.8523744137475,13.4804120467924,2.47303155153068
26.0586061754753,0.425032190779198,8.12656730329256,0.880806187212871,30,118.645349366727,1.18177220927942,9.52821436508007,2.23108778963951
66.3063846551845,0.737393485845297,0.980293174806003,0.331022172889299,19,146.779243699404,1.20060775960132,16.1061578176083,2.195449195465
53.8171661132691,0.513163941487472,3.20805583753281,0.359448535920835,11,47.7199054033989,1.58045382029891,15.1536597168561,1.7968997756785
33.4723937257136,0.536881102681031,7.73430935041179,0.618385641395054,4,176.226354742945,2.38088102675501,12.4890585143458,1.69822619032281
6.23749815698288,0.347717607561108,8.96183156435672,0.972334945404489,10,63.4920907984323,0.839431586179985,1.32618261232332,0.330885359550428
29.3526486796414,0.679295708098727,4.84143610300726,0.60359277777134,9,64.4092380817912,2.78988487650898,16.4870422190616,2.06254082625036
10.1081922353774,0.35443305044201,7.49351647956687,0.889267773765408,28,48.2300766533541,0.996537000266978,2.01387226419914,0.367752424546899
52.3411621605767,2.31039473205968,9.10783882361194,2.45099681479583,13,32.6098112030196,0.9528719788352,9.05998834623735,0.804803881777688
52.0401448594411,2.49018288259272,11.5338498691708,2.09989497203958,7,45.396082998349,2.45571413255599,13.8284815179623,2.65277591829629
30.1119313859612,0.696051317405434,6.04975973784414,0.584876729510309,9,41.0968693681433,1.55024127432809,13.5924618658177,2.47949754449557
26.3705054943581,0.434450803518032,5.39212122537609,0.837260337459335,25,81.466898059853,1.12506828396342,12.2178555532337,1.34664830253295
25.6671226549123,0.669032995642052,4.06357777712157,0.602559005174793,2,49.9328292816024,2.07005345752961,10.9224290302962,1.50213036903362
34.094279333773,1.98160038528331,9.95303463746871,2.38670284120194,3,49.1146222333407,0.885229999691809,11.9607023882522,0.921244306990418
24.3706346188818,0.750006089769982,7.24600560508538,0.893954581704427,13,98.5300715144171,2.90849544988681,9.36350144196738,2.93586247573879
70.3716200209089,2.87786442117709,10.8583694107728,2.75675917347805,23,122.300574947947,2.58496895718783,6.71905103968519,1.07428326029389
64.0272571491756,2.91641017428618,6.06771629026698,2.15883937261702,21,52.6237578226112,0.669851341967455,9.13646014825226,0.629857578483194
60.2490208085971,2.6950300979396,6.69356766004823,2.90466363723769,8,54.1094592359409,1.31598087663103,13.3260320017959,1.44486039146623
85.0209582483768,1.68724337341207,13.0794793193552,2.99840821958366,15,36.6229443978423,0.61458675869221,3.01559323450816,0.414609975957234
51.1426963078033,2.65953103362196,9.23084552011129,1.27447011701905,23,59.8999100238823,1.20188778454775,7.67748359795292,2.18286240389991
39.9357508667709,0.500798178312339,11.9400789164018,0.807319396575318,11,48.4733893636631,2.30999327590463,5.69501758163191,2.33236239362571
25.5328101832416,1.36215331445798,8.69359929343358,2.29051247209161,23,68.5626863452232,1.12695362035083,12.0474146929908,1.66671002229366
9.33658309785364,0.348185603249282,8.78732532118718,0.932821880191334,3,69.5907226013679,2.64961405438584,10.7647138179382,2.24271256097003
53.3285471813666,2.81886850310544,10.4087183129126,2.99618088391035,10,58.6248379681961,0.850751638985353,8.73581091468765,0.942906071258406
19.7324553451688,0.741204362540059,6.25082945627827,0.929741959846057,22,74.6296206920593,0.431393236535125,9.89365401329954,0.69506270925381
74.808733870197,1.43452836184289,14.623312759458,1.68605985479125,29,83.8717408441691,2.05857713741319,5.83335599259778,2.86507099472746
161.629879916162,2.00960166914957,12.0681602470892,1.09265712374382,24,164.807939142433,0.749657458032803,9.45306108200029,0.811269847350977
80.4412347677008,0.965467324499781,2.33594245568844,0.348897421972157,5,50.7528235034611,1.89838033027091,11.937443428724,1.0799578402166
14.9283982731829,0.868758649619981,2.95041960811096,0.530232158352633,2,25.29761243098,0.877439755303441,6.84100166171638,0.924631028651949
42.7582138554583,0.51542112945082,1.62502371413944,0.34269360063814,7,56.9809886172173,1.14497552857593,14.7155464958596,2.80765488169822
40.8053587109499,2.01103423302196,13.2792338819341,2.66954232267092,3,96.6056686886797,0.793170826746495,11.0008021521244,0.670360905072896
56.6380154846935,2.28806734945768,13.6177847122114,1.30715307497253,15,119.547457926418,0.571330817061109,12.8278922626846,0.91292939218845
54.7185892765617,1.3331769748999,13.8011735278485,2.1540954030578,25,46.5646272258494,1.52851487503488,11.3004826106949,1.30639803690295
69.7647013373588,1.46845191261919,9.96866811615302,2.63510242055393,20,46.2599469320552,1.86457713042185,8.58230454496891,1.62734201735256
70.4693375081908,0.999977417983609,8.82386716591906,0.555424088564008,3,80.9774544707222,0.659468154782375,7.25617101989661,0.818384120808117
106.11785064194,1.12658307696257,12.7436040122961,2.63066011047764,10,87.0913890669582,0.96241442815479,1.81561731969458,0.332888834858824
64.6708385246584,2.28816605276957,12.8946199417752,2.36987791942332,7,50.0710610809171,0.613662023773549,7.93095253088789,0.984636448039382
17.4969004530524,0.499800685589004,8.34510004295699,0.945127421938787,23,17.2976983201827,0.73574189408584,4.95855534106897,0.835826667119919
98.8355879492727,0.813297402136528,8.36080069911851,0.566968680418923,18,15.5533993857448,0.640827638658542,6.46365783847936,0.986942583787891
46.9052461556189,0.548083281273977,9.33214235226059,0.849882028637115,23,27.4363938239111,0.810133016251344,5.19650339427806,0.713415826390889
105.819844156345,1.68114894897497,11.0433813191139,1.79392680727932,1,138.11437972562,2.31081764674954,15.7229741714412,1.75586954077182
89.258037151367,0.749426270149177,8.82068752891757,0.700197230967318,10,51.2699056891486,1.75481979612018,14.9274862103886,1.40599369044056
72.4470166033666,0.850498358910309,9.07651224316074,0.561054051132047,9,62.5080474338132,2.57055024813923,10.5005660075601,2.94093417232304
38.9494386169473,0.640196942038725,10.1253676609081,0.699617497903536,2,36.6881591317166,2.82812380377096,6.23530656800164,1.08772448684226
19.7550592344807,0.318385312263833,6.37442797657908,0.654422817357965,4,6.02324388843989,0.411261584269419,1.36267835674095,0.382307465915052
144.982485478372,1.25796624840197,14.8605720936451,2.88385331028606,13,52.7413666369324,0.49761611338393,13.0876600985723,0.905587069088988
84.5260484604588,2.85111115343045,13.5515848218588,2.58856905570828,2,50.6738131505938,0.754287177912793,9.98923002881797,0.637222976617782
48.0694311575802,2.68142079207419,8.93790354316246,1.46319051221585,18,67.7322152000214,0.934102542269113,3.62395303734604,0.487352408280167
39.6771023115388,2.83269070285533,10.7399917459927,2.46983774121074,17,15.8748957641869,0.359500076211346,2.81227636993205,0.38837255571713
91.2556546093705,0.785654477115145,8.81338596223318,0.707527234291821,28,41.7310852814264,0.923472769922843,12.2676038238959,0.937383360161048
63.7779678598193,1.30328550787458,13.0321604575322,1.64243356184013,22,113.047807020904,2.0359141996938,10.6828344470892,1.02343316660265
10.0697455459337,0.310993496912003,10.9253097116544,0.715782715202868,14,29.7991498494011,1.0888613154569,6.86438427184468,1.31691444144121
66.275096813954,1.69772043001738,12.4473794141511,2.45304748748473,17,61.9169218470593,0.815526245972984,6.53569002419809,0.523028749317401
61.8929892000276,0.994611420380614,5.08185219520135,0.615445995712022,18,95.8188615151892,2.98971493882889,9.55852563405056,1.57000835898251
144.365978266793,1.78080326047552,12.7626891367766,1.1655095425777,13,49.7822595670793,2.80209660143798,11.9276244311191,1.95222041286326
112.200189910514,0.798022646772386,9.3670338214082,0.938660528749326,15,14.2395276115442,0.465471691128463,8.38610559068103,0.936229207896048
1.98168705885357,0.301379885546786,5.31722913769325,0.906107098229422,17,158.57258780758,2.35218546998819,14.2504824574563,1.34326368574917
27.5795051620428,0.34820662305088,3.0737747467958,0.385097899310873,2,65.1866017731481,0.464058194432661,9.70200089330505,0.786823754459463
82.8214792872968,0.786308502429106,8.99465228914772,0.657749391684917,11,38.9925384741538,0.713890322760998,6.11708286139176,0.652322945944825
215.122633099052,1.86905478618735,11.6135409458069,1.9590697255337,4,30.8898447025072,2.10591238392149,8.67967303051069,1.07863443806944
119.399924861707,1.7055810924863,6.38780947886561,1.79991503767571,17,184.91380786735,2.39846662790076,14.9029291881701,2.63348307232015
29.2122268268431,0.564638903688084,3.85904608669391,0.441368590545093,3,24.4760549363749,0.444953379141411,11.0972440446641,0.840120694338619
22.5945992427617,2.74661174033724,5.74595763987531,2.88992613256928,7,52.1339196795788,0.748624214606474,5.11452870462992,0.44809775747348
104.607803194961,1.96677789221752,16.7194876040132,1.63097043321103,27,32.3706708423895,1.20514694519946,6.89116521209563,2.77168591101867
64.7969290227158,0.877576434312954,1.8392576455263,0.411483076220736,21,37.0500289498464,0.55050069736497,6.67379876480136,0.566267284714098
171.88380570501,1.96635844672208,12.5399286178366,1.33403063867908,26,44.7559309167296,0.570441894127644,2.95979654160538,0.370237401549213
76.6725268978117,2.70972600206325,7.22755803831288,1.97866328976195,15,135.200234604046,2.86513246634482,8.47159571799858,2.80852316659074
77.5397848166134,2.20996524026459,8.46343168913319,1.33796828815682,21,52.1031745445589,0.919282375135482,8.43837488444131,0.536293757815363
36.3533309048109,0.938854413332656,11.589150581053,0.947200965872181,21,43.1080905529871,1.64647441975729,8.53015495990647,1.88528117226643
23.919064006695,0.900355157256561,2.42418373987141,0.462141548923997,28,191.550952328841,1.34084445961235,15.6795688524954,2.65267133960427
117.04790574992,0.888048154881884,9.87178179561662,0.868831991800534,7,61.725673365922,0.865675287932558,7.81439963222852,0.624627146305599
86.0117874130197,2.59367127780465,11.7881626892098,2.38815702297138,27,171.727141126285,1.94675741113625,16.6423005854909,1.81728312779496
53.3974576410544,1.33163363178,8.58462354229885,1.43600535659896,23,101.644939301792,1.2327583735343,16.1497911153749,1.40232674292458
3.42138047058279,0.312578909715863,4.36029340015681,0.654828034038073,19,52.4668934585027,2.70053947086088,14.3123528107999,1.45473945170973
35.922620908735,2.31383898231957,10.9666073157523,2.37101349300129,4,54.9067628746001,1.23266392655798,13.3663620838142,1.47898016063559
64.5546504838727,0.590588661972534,5.45890737734425,0.634745220648008,4,15.6214802831955,0.362370679835545,6.10606934269422,0.70807328686669
92.9751192383057,0.935066948976031,7.10280070250559,0.524324052667868,15,18.648548792887,0.736454616908213,1.66818964578661,0.375676870692769
38.3675278125695,0.778545601799601,11.5548004577632,0.894425734027539,27,100.237171108452,2.53227374801214,15.3188014530978,2.65339681625304
16.3286986775979,0.456437268070364,5.72384645995594,0.5546701010918,22,24.2435130516201,0.443222750926905,2.38735491114738,0.334904819654299
194.290527401799,0.943025759313562,3.84797210149012,0.406578555343345,28,39.1842179651375,1.94265834321885,8.58872390688813,1.0881494406174
178.251813956671,2.50912829233246,15.6231763066333,1.15035499704388,23,63.0980299513816,2.60296411518047,15.1255783736101,2.96278905816657
103.169463270113,0.925968593601443,11.0925628074761,0.972313642275747,14,34.1975036368574,0.730596808864719,3.02434727304451,0.382467262268791
94.2595889104558,2.84001263612828,9.41330509799635,2.19848419838752,25,25.9025343491251,0.76131841370084,1.70343055839091,0.38580015560949
43.748493713671,1.50238228936948,11.882291868674,1.52351612679606,7,17.9826700626924,2.39834080871747,5.78848461576561,2.87255671612861
43.4263371257208,0.492177884067216,12.1532336493084,0.883766282226395,21,8.54864796119601,0.438178685299022,1.69814326785698,0.373118047204579
112.745061678305,1.56067542571064,12.2390320012211,2.52383574574865,26,36.7570466541377,0.670496281767728,7.36360658847804,0.666061726380217
39.6932802826847,2.622871241508,5.84193738086498,1.57239488973243,19,54.0065528245558,1.38608673734423,9.74529290105458,1.49167968327571
55.3016212935544,2.36707656760759,13.3694975009412,1.03699154380415,26,35.8297606659985,0.986691654251968,9.87427318668653,0.905614145685844
11.3122453571053,0.338828709928696,4.30658820851767,0.683113519801675,7,37.0230379859288,1.72780861121809,6.52424331780427,2.45916008331576
9.28201362548825,0.350972215487069,9.47986137680637,0.669426861768595,25,24.4969637902211,0.727394412724394,6.57676586201159,0.85427562280592
83.508043468869,2.00697491766374,10.55040868428,2.4112582087682,24,115.655401175705,2.96866291660826,12.5441357040538,1.59065501346109
14.9167941156925,0.469964254859615,4.93019049048143,0.702465909345161,26,7.04843947397135,0.39609220124728,1.92534749792988,0.372695765413909
58.1727928435369,0.597531571109044,7.10244345980725,0.559706702487715,4,22.0327461586988,0.975541949750445,7.02174543847562,0.901134583995633
11.6085604725286,0.387285145616704,5.39588056579395,0.480485784625616,18,19.8825467559528,0.387397059208531,1.84961761707345,0.336608157853984
106.135192253657,1.24135533785004,13.4260071524701,2.75719329699258,20,140.179489003575,2.42529779297892,11.3840492589117,2.97859638771135
287.51913792323,2.72861821550596,15.9957536928077,2.12222582203834,15,46.9812098291754,0.690233231033594,13.3803958472863,0.928527022462627
26.7351512644121,0.466991198057558,9.85965987797061,0.729204005479131,13,80.170219398795,0.90826530652017,4.82292759490076,0.916947818768027
170.592825042359,1.08164394961775,16.0947658150908,2.51971150173759,12,91.2151284043119,0.622269555003746,5.49832893963103,0.535877335037162
152.262465386629,0.650658435700478,5.82584545623547,0.448286098136814,8,46.9971297704247,1.06454847234845,11.3818603343223,1.8793734598902
19.495513935168,2.58744500597705,6.15648834534397,1.56509530819672,12,83.5822370119553,0.83595238731082,12.4414805417898,0.881635377236805
14.4103332386473,0.447854976584058,1.64177347175941,0.366081268070664,24,37.51491335731,0.756358664386524,4.17103040831778,0.446410640488187
53.3207867392418,2.4506731934856,12.421631596821,2.02128251184325,9,119.409076288625,2.65124529955282,11.4755257698663,2.64054126038086
30.1656169231163,1.48520981729184,9.64811223965011,1.52371901671934,30,95.3464694254371,2.65050460702525,14.8796235249688,1.03075645079406
65.1171633670158,0.623254694496441,9.16482062330014,0.568934592785468,19,54.2691379636629,1.04661179280589,6.84258292230708,2.37680149322731
3.47143149732844,0.336465286363097,4.99377544781026,0.894160433539567,22,42.9610018732487,1.86634735287394,11.8739211401363,2.22677779891038
55.2482186723348,0.868762506222916,6.11569142484072,0.588711523669563,27,35.1793071731968,0.819659284528094,1.58305544728346,0.310638416558905
31.8952641371058,0.520355019928997,4.38842862719039,0.477314767090637,16,135.013431452883,1.58745750111844,12.3978071780884,1.63491523310362
6.62393699208484,0.46351184863514,4.93971856732295,0.932035146346795,4,45.3348848177578,2.68422163421267,13.7883714420298,2.5923724959017
154.214809893843,1.79182454526609,9.98972393178138,2.75859936521086,20,75.7107718860761,0.859095191939343,6.20728773377682,0.570602468646865
114.821562492024,0.942555284612699,10.2584216422251,0.825350300355678,18,50.0227933201659,1.63947421188216,16.4922875927348,2.09486574543192
65.7838033361427,0.972427641575938,4.74150445166848,0.774563046474001,28,99.1200669755366,1.52717533609651,15.8347232582805,2.97016253009086
45.2606517050635,0.429215522972711,8.36321222835063,0.62431958366558,28,8.8080994762656,0.413049052635232,7.09073832777158,0.855180116854944
24.8285911002016,2.4800751449771,5.62648841568712,1.6312983582221,8,38.344408022317,1.32343120285645,11.5571456712742,1.10111516230574
34.5645965216169,0.605642371221525,5.03395588192049,0.673001137021471,21,88.8552899018031,2.00424690447235,15.5310856158855,1.36233766276954
65.6296610209794,2.79572743431553,16.104673420902,1.6916498045837,6,121.276977052084,2.46417987740833,13.7636457838442,1.73797035849308
30.4550178660535,0.6321969929783,2.02559384595909,0.368606047022531,10,35.764961381796,2.52373945779726,10.441177313322,2.5361494163622
49.1961573468271,0.683902408064648,5.18813387927558,0.4908349845515,28,66.0011394884049,1.57299214767856,13.905351076582,1.8578842394034
53.4025193109302,0.450774359599209,10.4724549409029,0.822092462121077,6,115.181144758627,0.981672625160742,8.43722255590645,0.834007051183382
83.0792640072342,1.58694043396863,10.1627587608601,1.7298667424067,30,152.742625981447,1.4724891816604,12.9446138298945,1.19051161685066
67.9337629112792,1.31731116263988,16.0899186109193,2.28915655664682,12,24.7892644798621,0.539982594632765,11.5253448875087,0.726520028960293
29.6165457682977,0.983889275037247,5.52957268056355,0.700110609400228,3,14.8517025704185,0.440871590960939,4.44139622305998,0.455773297256827
27.1036163662605,0.988365883266195,7.51773831441353,0.770776089559669,10,179.89027108733,0.765516665461788,10.9859635367035,0.665323650614924
57.1144773763624,2.74764605996163,15.1167445910617,2.19080820533325,16,37.5417159363428,0.350300911641365,11.8869537081187,0.921525555942292
83.1898003083555,2.54097319496091,10.9532049859228,1.49730080560771,29,35.9902164642656,0.910122206366307,5.32642235377089,0.987926279842588
3.81646376828129,0.332321681204322,0.859530899668503,0.304301931704323,12,8.1754550883613,0.428842591295111,4.6473989407959,0.828160885103622
85.065430374964,2.1828130820262,8.91702276731629,2.89996783015815,19,99.9771700024091,1.2835599140896,13.3236411224489,2.15541959768994
79.1501954515644,1.51105668218898,15.7764096996682,1.41629992206863,4,39.617858257067,1.90161136743942,12.7471211962089,1.53157551130323
49.3506050365249,0.713647309901582,2.06402007309382,0.353669368720936,15,20.8869504511609,0.39874110209364,12.9969342052021,0.812634280494215
8.1181997958517,0.357312483248707,8.47529882003173,0.780523956261955,14,13.0182142795591,0.597580958046809,4.33711265112152,0.722862477045103
166.18778338437,0.632883830504041,10.3515579853125,0.696761757498579,28,79.5041994009391,0.46222654523915,4.12321135296977,0.408244632498989
76.794766788404,2.18082400711166,13.3677182531614,1.13456120982606,30,174.91637113289,2.40359154216491,15.4713921124653,1.14432015672284
83.3100166460015,0.992433665759573,7.17054603903095,0.508783781548542,27,17.3453510186478,0.484574674483811,7.7907790799084,0.722848289318359
11.5735074996762,0.521929549248745,3.1015403225009,0.508931591743113,26,40.32223221408,0.524133518715769,5.60211370578807,0.743954317233096
22.1264635812911,0.654082992285925,5.74253136100007,0.686787173879123,4,106.795793485178,0.799266752882049,12.0239778551026,0.845668922727968
20.8493785293117,0.444555897616672,4.6041373247992,0.408297791113031,12,24.1327319577161,0.475595936898651,8.42829553542461,0.550597913564856
49.5094269099979,2.59890706999483,11.7792253194006,1.52661516849603,20,17.582886968111,0.456168249438338,7.64030036413804,0.622063950430306
158.499504980742,1.60597611609526,9.70813946427512,2.70526125927525,15,23.6409004882395,1.72470539554551,6.091920530879,2.37526420139287
53.369584508974,2.33488422719755,14.6339264174466,1.32517980881322,20,129.153494906874,2.00791589371247,14.0039211170232,1.67473594286636
39.1445985998431,2.72688504190728,5.70777623512303,1.40026776841449,4,30.233782959828,0.8771359451389,0.739629466558231,0.321052689359959
112.690050829078,2.75814362298131,13.7452786747928,2.39130138485142,21,146.490878555181,1.52987137106018,15.0638148729674,2.12751440605966
86.8408837818695,0.930505710641775,13.4207305620964,0.870740682334403,23,14.8048752897129,0.787282322152663,3.03900189217175,0.542976552372403
21.2537662893484,0.609862375158832,8.12236812887812,0.981156636519525,14,31.1947120760752,0.376834269377571,6.4706916416324,0.545137389060317
193.182891521236,0.983582796540809,4.90204299983957,0.470492797599594,8,98.6068073525304,2.0955768207945,6.71589942147077,2.05395216128205
42.5581632287153,0.801059913324231,12.8777388856115,0.982577086413107,14,51.95319382511,2.93015875750774,14.0573914398563,1.02532078797902
42.132543540998,1.95410470525397,10.7821068145491,2.41560477408987,17,66.5203923967412,0.660449959442534,8.4626243748346,0.868682229522044
109.94111856583,2.60299164813098,9.4682747699786,2.21141408608587,23,24.7058647063569,0.665962614575025,2.83767304925046,0.399048029490977
12.6827483832631,0.491397803410067,1.51279274308828,0.381069962159641,24,114.412731694415,0.711689821021008,11.9011997431813,0.784858391683935
37.9460313697418,0.686435603059607,11.9848842282002,0.843168145576876,20,17.7794903611805,0.437224953121043,11.4408062280973,0.764944436874031
12.2570790235617,0.369464600466362,5.12409166676046,0.613326720075948,8,134.643034441986,1.69772409392631,16.3039647583785,1.82185098505537
19.4982837190381,2.97226812317651,6.10826288965101,1.27276982991889,30,63.5002517038501,1.78287043904528,12.7294931317904,1.37272591964095
285.876567477925,2.0992949624146,14.8867435338537,1.48793958941978,7,100.397657898086,1.61157411465558,7.16340718111165,1.97407332863487
13.7531952580469,0.605539332557005,5.35645667076313,0.721418784392259,5,93.1194970756995,2.77017651729336,10.0916634566689,1.38521999252216
164.186596281321,1.84300322304864,12.7784438821915,1.17802040661498,3,6.92251443916436,0.399900610715685,1.54221953028723,0.39275557656208
45.7934622653146,1.56258723029147,11.0915844215515,1.97704722289636,13,135.629426813853,2.02965931952358,8.8235745835879,1.58141589547035
33.6730402184411,0.518091886929982,7.22224814253144,0.656684757041964,4,45.0984223802536,2.7432334795107,13.5296312380018,1.11060898796257
12.9935276707027,0.393477488159017,4.91767189653446,0.421694164330889,11,13.6624073234037,0.331320443733748,12.9699322111713,0.98242501164555
84.6726819273487,0.968509965760222,14.6316776928573,0.952324136052325,23,20.9470999643481,0.69726483451487,7.12365591499257,0.949362194613026
73.3426214789968,2.86327652452917,10.454375457334,1.39056643163137,25,54.0907670965517,2.02282097483471,12.8163441287353,1.73161000569021
96.7900019774493,0.648338440073118,1.95628862270036,0.344446539592885,12,71.4713039128611,1.28556821991444,15.7136039243388,1.31244371439459
65.2019352664049,2.70742957766079,9.34127157034725,2.08207749660444,23,143.151594809466,1.84999935686963,10.7683010833218,2.37273543463038
128.423071896795,1.00300943863198,10.1221737054357,1.40059635333949,26,79.6868484984104,0.855825468656775,5.72901623177695,0.439799938097975
31.4642390305618,2.87730612350854,6.0237632631203,2.28695726647248,20,83.5793918309513,0.938165159683559,5.05819941447529,0.953913735586157
79.9979360509151,0.765837770983765,9.31453794244107,0.886950465956279,20,37.2792085655456,0.531602691920291,2.1687968340755,0.335613596026789
148.935800092735,0.927907672715705,9.22955853565443,0.588565654481789,4,59.4163860867598,0.799246231021371,8.59298520444684,0.766692239346097
50.5391258716744,0.650896745133405,2.96323324945706,0.361384734766671,9,33.9830269867733,0.707918846049795,7.82902338002145,0.948012769951712
152.785870869643,2.4725311098349,14.681901027531,2.14900187407118,27,76.059577992533,1.2457439790498,12.122220744158,1.80577103136097
31.7802802249516,0.573625604232608,6.3981598903932,0.85668034146993,1,30.7304252507853,2.26677783305697,6.16999599425255,1.06220300607219
78.4195794300903,0.972435359557939,5.49618223889377,0.476046821731528,2,30.997965135008,0.586208873661598,5.10075896919794,0.571120766045192
106.682815489784,0.68919132647662,13.4922901302537,0.863024494112508,8,62.1071570961711,1.43416487171389,9.65838771855431,1.89665392228546
59.5821925370355,0.603753114426543,4.82075901467134,0.694162157742129,20,81.5901750230135,2.16418304748291,14.4791930219566,2.79731353802507
26.8464625410422,0.807392693781509,2.32571956336428,0.391315542514505,29,24.4345924088973,0.662112323404503,3.30686971294773,0.442947524205941
68.7978961212242,1.64934835681197,13.6061671545476,2.49796989346317,22,41.1115003839262,1.40182052612594,10.6477824995875,1.50376257689868
63.8231038657753,0.732281167481726,14.4836562373035,0.955617244403251,20,53.4959465490932,0.426973337539432,12.3805870939194,0.909321693034339
87.6223986397071,1.00059011459128,15.7123798856408,2.02611852937593,1,24.3366300489911,0.724289986513213,8.34228029580302,0.832693423136198
24.4698126667494,1.59234552371531,6.55491432544515,1.20718129820494,7,85.8311757857935,0.884359926658969,13.3441779118679,0.860444471883982
22.5580384297214,1.45627661929601,7.6336746183806,2.61825597322879,15,48.3930568864795,1.95383386807149,6.68583764314772,1.21362688229571
97.3032599887854,1.97117941096952,14.895147204293,1.98028741483478,12,70.0859689551225,2.69955939902838,14.1196966171941,2.57664557454903
64.4971126135208,0.417109117791183,8.88993200769603,0.765399977657941,2,112.126136571084,1.07086850738698,15.4429998129621,1.33971769148865
158.650899485392,2.60916205949222,13.7676139900127,1.19207505299542,4,47.7178433217345,0.538454185298317,7.60519304594511,0.917697426466399
104.405226232256,2.77895508039353,5.62963930771584,1.37493918637225,18,51.7689301988512,2.71303582339729,6.98130757650555,2.04202349979917
184.230148673264,0.965895436880145,8.06282971772594,0.663241591475944,17,26.4959771346439,0.821713007308252,1.27556586416785,0.34960201025945
28.7730950489525,0.628537642546704,5.82844218700369,0.966863309001432,1,78.8610270243205,1.70033474851538,15.8308138168879,2.18568795763471
60.2757113867095,0.783980633899829,13.4436415817645,0.820211994665258,28,62.5384389265666,1.17936242690659,16.0163249383049,2.26103450278962
8.69117160001634,0.34347255007242,8.48122779471256,0.868916877118042,25,147.423580993831,1.67043695558528,14.7236916129106,2.23112093897464
39.262571225638,0.408328459697699,12.595232435881,0.920116840115905,26,102.187405985931,2.08699777733788,16.0799639197358,1.77866441150955
119.551882337192,2.12681744390061,16.8866595555442,2.28071141752634,3,12.8504526926237,0.573478597481731,3.20706156791575,0.484448117718936
9.77689873345437,0.424607859343722,4.93313189006155,0.753620684784049,25,58.3098530348985,0.694792764273408,6.20206183552973,0.558715461238319
43.9220385891826,1.41075405862752,10.1883053706367,1.23021119830453,4,60.9708413313176,1.01618992793245,14.0178005676977,2.14755016714053
56.6503265732287,0.5204444855916,12.3975991536234,0.962782436519303,19,38.6868352743708,0.458829903966416,1.93402988602774,0.440956460571935
11.1883886479554,0.355516989695155,1.59544796787357,0.40113877874745,18,79.8285697643242,2.02429542600829,16.2159747885376,2.81589959071027
43.1387529336488,0.392942985164941,7.90396389094732,0.931091831207305,15,52.6070410719122,0.376150577410636,1.27738972263461,0.300195421257411
34.2481357199038,1.38826424517393,8.63243567551495,2.14937687387978,1,19.4334908278079,0.46660232223631,12.415293845376,0.889115952609525
39.2369810201783,2.91885092295783,5.95335288191723,1.08927746707103,24,31.6351067066518,0.540265071007793,13.4345599943563,0.98769032853483
135.277326611252,1.52131286946346,8.70747435254392,2.26539939216205,23,70.1871898167199,2.98785967053583,13.6971496068295,1.63290712329093
32.5376534634633,2.99064280860385,9.35605840246794,1.8881807221139,14,26.4071122749581,1.90270193725278,7.96373789527513,1.06701540235332
165.627787782794,1.45219380013409,13.4759536614471,1.33852224419504,10,34.9240099425463,2.22128701420053,9.19597371805142,1.45212353040214
37.5677408787768,0.505302377978373,1.51440413536898,0.369759599774879,8,22.221424530973,1.08391691105068,6.1378193306267,1.70451419962137
104.590397961949,2.0245436282019,7.58053615007087,2.07989198407233,13,57.6368171206806,0.683765187051904,7.87811362952485,0.541724132816935
4.49002156564558,0.310806556679414,10.3291899676983,0.977644096538507,15,69.4625586265783,0.881699164476038,8.3383741828346,0.688006440283339
29.0181150243799,0.703714325212043,7.03514519104631,0.763094554321173,26,53.8856818784256,1.46946051491588,16.0129062437025,2.2266074910182
20.5655372395126,0.826456750564418,6.30156580699079,0.814929282275496,29,79.182250848626,2.62652022802734,14.4425529539913,2.57738806440547
42.4011371616482,0.736216153276075,7.94030447231883,0.904419212185866,28,40.78972392071,2.06704150864634,10.3974534752332,1.60237740950642
104.48299495491,2.16909018589989,12.329255818326,2.40113042445645,25,11.4048024547092,0.482181882058927,5.34149046927378,0.986614280522133
69.2725964709132,1.24181223072906,12.924620512314,2.95358330195101,2,19.2115400304085,2.88679622055186,6.01460771376091,2.83030487477026
39.9600430554279,0.900106983924781,13.6948384133064,0.995399617225148,4,49.072195014222,2.85873925605949,15.8541321149914,2.56271470032683
204.004253313275,0.844742989527041,13.606963543369,0.929121205773421,3,40.7764715599092,0.361726421330074,8.0066566970324,0.571002392758908
51.7037486087349,1.53351026790767,11.2562801781965,1.78869474463767,3,62.0928017052202,2.22879422139265,12.0656964471516,2.2367046998011
61.0331733357178,0.881231390292377,3.33660303685052,0.553660556952518,7,82.4599604287064,1.19712923287886,15.5007068611522,1.94230962002448
133.100177536127,1.79056979970518,16.3078500023972,1.78373027038527,25,38.6002123498058,0.694720227986858,7.2217871123958,0.519519597580518
90.356162109621,2.04618784967858,8.93841644259586,1.17697540994262,26,58.9456862124229,1.95084465149215,13.9265953367292,2.17009885138271
67.6961742607269,1.37436661271447,13.9805746018913,2.28699231196094,19,26.2328486949325,0.742400928727742,6.41024925578801,0.823509609967701
52.5078119317932,2.12308477653379,10.4847470703795,2.63405759757303,30,69.4698136225144,0.77878851810182,13.452207412501,0.944898624552246
140.184097975922,1.04056858312163,12.3076732929381,2.83806194462125,16,47.3552128819952,1.5981938386647,5.70480868765323,1.78036293671767
43.6021252373508,1.05768775524917,11.7671455607161,2.90208605810109,26,275.950536677139,0.989553372097983,12.3340977111393,0.742480754206746
35.9590035611088,1.73507005001684,8.53984763195837,1.99464789661753,17,119.731302490712,1.40237009227601,16.5269594438279,2.0353324285495
39.1663693715064,2.99640982032601,12.5728151667712,1.86974137150812,8,86.997196340662,2.36858246315193,15.6634549276356,2.02906796954232
72.76612761372,0.816254546268431,4.98086284558871,0.419722821703618,8,198.505011856123,0.837963660605277,10.3578527319153,0.759192805133034
248.311678521114,2.83905840237638,16.1465578546919,1.33795221066842,27,67.7131639161261,0.66070452396658,5.79671851711049,0.5880693459191
48.9552937553385,0.675097504663895,9.13255994733595,0.735839779671682,28,93.3989217197513,1.52475253206277,13.0162894496207,1.928567061432
103.286984150631,1.04045134488528,14.3643670798853,1.32402395294841,27,102.4355464282,2.96052027111791,13.7196029399857,1.53503216636488
24.0917525883802,0.408631456232164,11.3347720654705,0.990872082527101,3,40.3042784317033,2.35535532292762,11.3281029858144,1.4486949110278
116.110415173181,2.61931172684171,13.6397833392807,2.21825857150161,5,84.8114638024669,1.09613112293891,9.75502951306905,1.16304773222765
24.5803278237419,0.41082346159453,6.00538933502439,0.641549308958145,24,65.4807542129037,0.972757802901767,7.52481052297929,0.95374885285302
42.4939563024641,0.961438469703906,3.37244134734507,0.384692827219107,27,12.0912794271823,0.525967245545664,1.7829818288998,0.408178565689238
116.202943010439,0.847676679246984,5.83258334858969,0.58123853599692,22,53.6904829095323,1.77797935970702,15.2250424311106,1.37088177159879
65.7709565374476,1.42103683989406,16.0764802209189,1.50491132220065,21,48.5441608330073,0.712575205800546,3.64428119388066,0.501128348826776
143.631377444476,1.9204055973381,15.2189050510239,1.58251669357177,30,2.29846934678867,0.311218660598544,4.56593989922013,0.812828621892158
11.5656391085337,0.55683383134983,4.94265209841052,0.732208235173885,6,69.4457291413437,2.85210434656493,16.6555509955561,2.01064304877218
57.6265199862812,0.86654354686483,1.58531805537346,0.384500005386462,11,9.03398494669727,0.343453591988901,11.0943948700583,0.971268312472664
134.555807321338,2.5840322909661,15.6256561194471,2.90667831165963,19,28.3837998871833,1.66343401866978,5.58840180097748,1.25313254273856
41.9046175089051,0.725282694147158,13.3849341791769,0.951497458210791,27,34.5672771195541,2.12811119093135,7.16484157260577,2.19455480662363
22.5393501926096,0.678789665355752,5.29270025045441,0.555259736109529,10,13.6866957841502,0.620693959044074,5.16804162517468,0.813368112652602
29.8926076716329,0.792631505645292,7.59002963174897,0.804333446013118,10,41.4099543975544,0.677198849745418,2.47264002326818,0.416996328344494
10.9428486283207,0.47005013419226,6.18207348723975,0.695836429026546,13,57.9916641216729,0.629282735688011,6.33615206194024,0.835289176858113
27.1096355502609,0.605200819112325,7.74170641169307,0.844322876551157,30,58.3963022050987,0.853387309295991,6.14148718887009,0.470871953470548
43.4859364715209,0.519793989958929,3.30001938358379,0.554802517953132,24,128.738498280919,1.89678454663841,14.3125592892068,2.49726158217218
55.2798429905669,0.878856320244081,10.7247062203094,0.95823604444443,25,5.64551696441754,0.335120491690869,4.82328754397362,0.735697404002389
103.522303401243,2.35274163401269,14.3017528041095,1.33149128240262,28,63.8778368710909,0.796271018071381,3.83349168703418,0.388726715503241
115.314857459722,0.860068819528789,6.46950529082162,0.625086749379813,29,29.9291791488117,0.757809367595718,2.46386021240862,0.35526959352916
8.02468346440881,0.367530557236251,2.44955686276503,0.40390238334745,23,175.794195428427,0.730785630655698,13.0477957130092,0.889509194251499
90.1580450365222,0.763301550385987,10.1598975068486,0.706715048110748,7,20.0020418829065,0.500117117960969,2.70021053643608,0.404360419497719
191.907315170699,2.3867790616771,15.8528422711308,1.30988828864839,12,13.1172068679077,0.497634945119403,6.17219625936843,0.717235022972443
45.4175442833153,1.56417560947476,7.26007046740848,1.17292078823272,11,180.95196278883,2.58814787408747,12.1440110750245,1.01104612600408
38.4368675459075,0.413518892071133,6.01678794198681,0.520420425827343,25,8.71667057490686,0.341447691809098,6.17507128066016,0.57978892200461
57.5879593258489,1.38871109752877,8.48602293753264,1.8898317952695,16,169.780517007716,1.7564487462177,9.97324134430598,1.92787303710904
20.3920881278636,2.61209686368335,6.44751902151555,2.04822794247626,16,98.9495441108939,1.97630617495011,10.533877996679,2.626345551475
72.5672379994214,2.19201835172626,13.4711521254431,1.94537350370002,10,29.1930687547815,0.64115764036701,9.65016822941467,0.97088506003007
129.177199007727,1.61685935447444,7.49078009904632,1.60976378788214,6,50.755468964509,2.95013893585275,12.5076299168348,2.40663859017779
163.713095026217,1.70395327647409,16.7263811394311,2.23033795248794,10,67.1567753576733,2.03411272588382,14.3188202953883,1.96316182752165
25.6023654321836,0.811670555865722,3.40114542260174,0.518144991339251,11,82.8507394637335,0.610824058696409,6.17357644566635,0.503408857239374
107.247801205022,1.39275930610392,9.64719417604334,2.63039786857681,3,23.9052539582806,1.53130897982096,6.10747029262789,2.11738689977941
50.3659748556509,0.907716001072682,8.83994478001441,0.570121589230201,30,30.0070408635028,0.502192565140793,8.89197737009383,0.830161746183814
39.0128604398268,1.01267260266407,13.2541744763706,1.89577054921503,20,58.8293662259212,1.12280795118078,15.6555526152542,1.60450194800428
61.8728005723049,1.11042513755935,12.1354622327674,1.17417478851902,8,193.921207903211,2.22264402739089,11.0750887918951,2.4743092509969
44.908475960682,1.07728553604497,8.62525666086946,1.78701815223572,9,49.6635731580594,1.13713770600705,11.0938881587078,2.11560328768066
49.6699615343729,0.805884008903149,8.91150303643875,0.736482327394815,15,101.473687758646,1.01765410091714,9.40634627632172,1.80432733322614
80.0459838841856,1.98367983555681,13.6125742510109,2.0518831014496,7,19.2904255104933,0.447173888568219,4.30933518763508,0.435980373529968
9.09410949153052,0.30324140031011,1.4016735259296,0.358276303372166,22,68.4135314811197,2.35687804709595,11.9375946645314,1.15074953163258
39.0993325574085,2.68123890964009,6.92145137093109,2.81338536646916,22,124.679182172125,1.29350908634067,12.6780877408881,1.73318138412018
21.179295488884,0.473389022606132,3.19186397040256,0.420129798994878,12,106.186522029609,2.11772036808831,6.86241389769505,2.49243429674553
46.2478246692157,1.85137921672995,10.9487284333832,2.1922720176611,13,19.1791443142679,0.727790147996914,0.712650516670356,0.302953386031629
55.7957951817971,2.7078235808642,12.2538788125041,2.41935153740231,29,78.673928166583,2.75295538079788,8.85140222287751,2.3917818201366
36.7292987804497,0.885929112440382,2.92251026677086,0.413912738863367,29,123.791735084454,0.97420184300255,9.1819982444407,0.566777596638242
56.963904969624,1.25198995615816,16.8941981599143,2.20337260467593,16,66.3017830737174,0.676589499544694,4.54978472479306,0.749833991547041
61.1278959527405,2.53466534560118,8.1498426729812,2.74326082806511,11,32.0238023191369,0.719791622578628,10.0494423916772,0.782799241677961
76.5863932878777,0.591715282414434,6.03777138667922,0.752994832532407,25,105.070876075283,2.95691140920735,15.2764221955376,1.376282015089
94.0097590337622,0.996766258822739,5.78337742688899,0.904047933507276,17,118.495819309289,1.82878923218247,9.36107781766367,1.56925870711809
5.14795947627425,0.322635633561824,5.57625470741245,0.502859787278167,7,8.3535868143947,0.35032095995826,9.18756867742768,0.716465296397036
23.8092506813865,0.360841402318143,10.8456400029343,0.922116662904573,27,71.0880268890617,1.29239039817161,12.8498676363352,1.0958903764062
272.470853164487,1.91828352923544,14.1078201361822,1.01323980917643,19,31.7783107650382,2.05049672405207,7.06951291275828,2.24745900884101
39.3366183419374,2.63839605471438,5.84911148725468,1.32135433221026,29,136.412527032846,1.98508518336447,15.3900877361276,1.84990695684046
31.6190815157999,2.27398594545092,6.03281758490168,1.86216544981346,1,10.564142083783,0.390063469468896,4.85320278736568,0.769290042700181
149.65585084475,2.45109031434081,10.6933660101151,2.08861894512846,14,83.5907851795181,2.47664808577164,12.8308695764637,2.98838652334832
173.780178325645,1.13432610310072,15.7371906436647,2.62950378692061,29,22.0530176936266,0.494479807158546,11.3473565981655,0.907157903496242
31.3723298956496,0.527685033440335,7.95143383177837,0.683854738174348,28,79.7336103698668,0.740335902836813,7.07018644605209,0.577609078075345
15.3474911244489,0.820770877500757,3.13120437614715,0.552495673388625,5,12.9358274884613,0.307514533313369,1.8350278141797,0.404405340000712
55.0766299717774,0.626590054510681,8.32953369076845,0.572706218217162,15,90.2560400356247,2.17768716354523,12.3698579691078,1.96636452018789
19.1079769599175,0.548771099627631,8.06377130495528,0.961652517530457,29,58.0746663512578,2.70967505439132,14.722097759221,2.85042551595775
205.498346138181,0.940845835760932,14.2313279933484,0.936428388227789,15,99.8753834201676,1.47821931901727,12.3427560468088,1.60408020124993
30.9175481187345,0.638995571442838,5.37618830792116,0.571620624961244,26,142.110704217792,1.84971639009108,15.287246339545,1.14763778428588
196.592666891856,1.43509579549564,14.9877320810024,2.63773663884815,16,15.3192122939,0.499771760112295,6.69356743945498,0.672408666940319
75.3466708250924,1.71865260472438,16.3763817576093,1.68839636172891,7,33.1121772334051,0.656104234044765,9.7949340749609,0.605257367871671
28.617162524477,0.814148208003473,3.76936790798176,0.62000621593439,3,14.2006923167386,0.74252110276124,4.47964160575529,0.749234751567707
19.2163515763137,2.14607881301062,5.7962284481097,2.23480891776715,30,119.719528847045,1.29469066409059,7.04843796350375,2.10111250065236
20.6230305605287,0.382674124405799,10.3226668555838,0.849853752539806,9,85.8370539935188,2.67759067698429,13.286316564766,2.66160964831088
7.51555029522387,0.359438343783972,9.15014294885664,0.749634941565924,5,23.7088456136974,0.583723164615243,3.70217358381875,0.416970242534066
41.5535072755805,2.77800114469562,12.3676629923062,1.45355179669154,22,84.0806971955572,0.561884617131968,1.00490766102069,0.304413484434009
81.7307681545499,2.39399299916238,11.4520528207435,1.79200677973751,22,38.2961322227947,1.90090049314908,8.25387084497924,1.31438445394736
55.9502294809349,0.892093493608639,6.97101749026732,0.963995150677153,17,188.967523048429,2.82193301996013,16.3024260693793,1.36439719758927
97.3714277805365,0.776260134487328,5.71472252712781,0.458328464172354,11,44.7141294836063,1.99859819196716,6.13250293189853,1.12804506481516
18.2689107144203,0.926234147391055,1.15145329700339,0.347081375784349,25,89.0879702786348,1.61313803168003,11.1303809245663,1.09123408597791
40.270989427867,1.2583498153575,8.55189685328464,2.61082174969871,7,12.2389344117132,0.414457887042939,4.58815817981097,0.73053370738392
135.785499590243,2.81600222232979,12.7620119804018,1.11440240291467,12,60.9802381854419,0.624050679637357,11.8127109414692,0.76939075784944
51.1479326183753,1.45371124505846,6.64914351819553,2.50856012992566,22,157.711805023401,2.04034543642273,11.1841389715068,2.90705162897922
7.51130281418263,0.326106900960433,5.37363438697985,0.524698693965477,28,46.555336686413,2.70049605285861,14.7414552914603,1.37633245025503
86.5467366718193,0.802725333659412,6.6893620102405,0.537435120713882,15,55.17274760668,1.62492431378489,14.9199806082744,2.88356810008405
10.9634948308616,0.330581577935549,8.52770084501986,0.547484006773663,26,92.7508181496299,2.11257969018524,15.6172553471735,1.24042315683025
98.123231460392,2.79637026087704,6.1426415929967,2.54517925989993,3,35.0472315255408,0.90355183120971,2.02261801787347,0.366675027670634
23.8659413922014,0.4953699971094,7.83682743539098,0.988029299550282,22,50.2333870898336,1.66689340338021,15.7923912834538,2.2570348070649
40.1119254017824,0.862184548609133,2.54047806927932,0.346207189834308,23,24.4592799698644,0.700355220816557,6.51985159186494,0.700869042780719
6.79074646104297,0.327254275533105,10.4750774171631,0.861344022821348,8,114.479053162551,2.66008259207439,7.89476668093841,1.64900505995661
60.396722980668,2.65707510970004,5.94108081925489,1.17533920889361,19,33.662625230407,0.90646488049526,3.47363491172306,0.500295677412765
57.0805819870415,0.611315961599666,7.95932246436362,0.588475162628879,17,51.001197180264,0.47012889426864,5.90231938415397,0.560595168230321
47.709528106933,1.80786759763248,6.01836119350404,2.02212954060129,16,22.9377131945205,0.660576520026856,7.09527472873374,0.67585787353518
35.1712595890359,0.745958692139407,5.50742222967035,0.531042126487075,21,7.53703429325674,0.385095179190215,1.6708804021608,0.352316829273923
33.2060827474648,0.781443736347901,8.69580219763898,0.770710070117769,3,33.7126204405661,1.66765604010191,6.62872600791797,1.69572532420715
92.3501023398982,2.9625007729505,16.134429180157,2.3390657764895,11,70.3532787679757,2.06374659683464,9.8068546654515,2.75862563272761
9.17624131658808,0.485767040134585,2.66429215986932,0.466257257769163,7,29.6783933963001,0.574123114433936,7.10230823949625,0.652645644061181
14.9596444429191,0.364436995387365,7.74967581337993,0.534402225012032,24,15.8446711449694,0.302112132976555,5.82239740795431,0.68658364136302
21.4771070862214,1.20025781670124,5.93648648065161,2.04827599782255,11,40.1253339175005,1.64638450175667,11.8651738311496,2.07424346184239
34.9021853116056,2.05442671857645,11.359163177994,1.49325093219076,22,32.1006049482498,0.482051343717191,1.88830651316024,0.38028518558515
20.8424260801971,1.7113065996508,6.56010413959769,2.08376747648476,19,58.3819001409916,0.449111389984506,9.79445771452582,0.743068438800701
42.6131017400149,2.1164869157998,12.7770143163229,1.89771259872386,4,5.34111698409013,0.338146538562936,4.45465123675636,0.492181155140821
56.002508540544,1.21997955192956,6.82906535918757,1.83383093427456,9,86.2296748333041,2.14589551143435,14.1930077435351,1.73508671882985
115.618204289469,0.876212385438572,12.4301873090458,0.918056192982325,6,26.9159758971184,0.633642523249947,2.14636220295961,0.390607471122083
23.3695719144619,2.09524924939575,5.94578814492213,1.42604051263442,22,87.3320652859668,0.999664557909398,12.2526579704549,0.788711735837393
22.4357515585594,0.91838027716156,4.89017439905592,0.624491835423348,28,3.2959796895608,0.326367313072799,2.63538903390486,0.463507317496405
8.89611980694045,0.353448431569161,3.75694308148985,0.42266544578119,4,48.694558355867,1.25216039500744,16.0225099210007,2.13901598336858
26.6014034257372,0.52537905249573,10.1673292028259,0.65269149042598,4,140.061481788205,2.99789239574937,12.8090500435382,1.75233345900703
22.189503249424,0.523650755510117,9.66937182615154,0.973956876017696,14,6.88245588462358,0.377694222623706,4.13815543218517,0.655748019038126
43.1570634724296,1.70821201496095,6.86687422616268,2.3649462760507,28,43.0117317302763,2.40332134562901,10.0637055202266,2.51612643485186
37.2097172034082,1.10673394812834,6.66312713880515,2.95894162579909,4,55.3432971608138,0.964395623481585,11.8922029728724,0.759347917017532
12.5399496173596,0.392648385680463,8.8005080486282,0.571863366931156,23,28.5456287262912,1.66656594529973,6.40291186285649,2.60374085624349
59.7132366598707,0.685355069906052,5.14062981340665,0.511027290287517,28,70.3150830872897,1.42874759039235,15.0589033028995,2.14463838027021
83.1041508681477,2.03188809422654,16.2595753430393,1.46679614817973,18,130.929498307546,1.21085609864651,12.274973536951,2.83263923099277
32.7794641394193,0.740052182864779,11.5391753485639,0.927939343726147,28,119.848655704724,0.951045627117692,8.1314363281098,0.790448144013142
38.340650996945,0.415238093430852,5.85064572841659,0.463067164871474,26,39.8426184662166,2.00691985847506,8.92230199813436,1.16486308956947
63.5096227195687,2.44793061235391,10.8612123747692,1.40244248918073,22,5.10949633103006,0.383175240624325,5.24711991448664,0.84060475312434
78.2200996293775,1.79842277067033,9.4230656578737,1.84991557950568,29,29.7333588036001,0.750740349153122,5.87335787102487,0.509283367659801
75.909360038672,2.8809242203138,16.1126488338148,2.13452109234983,28,17.8726493182569,0.496616543697432,7.25115660827703,0.711940059533933
73.6766868601473,1.00527766444429,7.83429538578554,2.54054392291421,6,51.7354190792966,2.06099865403623,11.5737218015164,2.79255223528899
74.4006114859519,2.71046856185411,9.83538534278804,2.28290032789801,23,28.0968950764743,2.85200134052249,9.29359940137602,2.95599791093158
29.4298845021356,0.869127528613931,4.53966101457603,0.523798533065248,14,91.1774496875785,2.33370620134176,10.0760882192564,2.52264051071778
26.4126085849495,0.455685370587638,9.96811327619729,0.641409741768113,28,93.0419928591094,0.936633158088961,14.4195590785833,0.926064087514859
51.9466358317421,0.74896140647176,11.4260007006256,0.844210833426098,12,23.7004729018347,0.422131876292301,8.40843233272415,0.809918764549804
146.477868491237,1.69122360094778,12.6896089792059,2.99390885150705,4,73.5509198951041,2.91284170009551,7.2288093053259,1.03249001757039
33.0144808543655,0.492328508493275,6.76905034672542,0.49977836647127,1,96.0065848181209,1.72206095676823,16.7847872244249,1.70928665956052
47.9966395033358,0.513177538959687,1.68312282049871,0.32660129139705,25,87.032477246635,1.91863688127843,13.5034943326436,2.4406153171779
51.0813582728729,1.51763962860065,13.7342684318055,2.00068799547755,22,33.9329375061774,0.456456569386794,5.8631041569294,0.909516101471638
44.6822040102039,1.41624957695326,10.5251428224614,1.33270809320913,11,35.1786105201685,2.22531132154546,6.09301138169308,1.75213163709421
70.3092243597139,1.50282545449994,13.0855603457037,2.67833071357523,29,85.6377061465651,0.518477992815103,8.98449042579544,0.57390081743092
41.4314771413878,2.29375556801373,12.7874998933643,2.98921386338513,3,6.91982927264195,0.452698690871868,4.22374358971657,0.720450963891778
5.84511367306245,0.388091518910198,4.57744927499393,0.84135772553412,29,28.4979009225754,0.796139093442668,6.76622026227491,0.954840651495075
24.3803245960693,1.06527332711148,8.27748970878987,2.31352946145849,7,141.779337331294,0.65629815681609,5.49944495375547,0.474465206071491
78.0252165852712,0.500710579929944,2.41549975221694,0.33563951551231,13,96.1344263219569,0.939872825590325,6.56781281273212,0.59006321966871
55.8553500912415,0.966763547912223,12.9399707151464,0.887001534970488,9,4.24451838397224,0.361406798812071,4.97223142045099,0.906352207037554
106.32204660507,0.885752825794523,7.82253933271635,0.543285645471819,4,31.6606038577491,1.02888072315984,9.71291719188915,1.03560393242635
48.0326351041035,1.56948090071838,12.2324308556208,2.71784986513538,24,21.1014605369978,0.427395909692786,9.59537868045946,0.940819530938674
184.829883111045,2.51415104194741,14.8679888829923,2.67127494064995,28,79.0367383755276,1.2159689258142,10.9696141138512,1.66804699934268
49.7451101083402,1.00076025856241,11.2132647576539,1.5027476188593,26,51.2155925709749,2.64593116584854,13.8682161641705,1.53358906381602
77.1349071960581,2.86826364490906,15.1351179399845,2.2430353262277,17,12.7873240984598,0.360437713424516,7.13294006743085,0.77505592509739
77.3502836009727,2.17969158501698,9.69043717316334,1.70076632798307,14,36.8926866166443,0.508579880607203,6.04931605519488,0.539196158016576
12.0466275444458,0.429241343414199,0.959076813874782,0.310906770322627,4,31.1092632706521,0.659057832159473,10.3105739460925,0.815541873733046
92.0912037968557,0.483235956069419,4.70799794106321,0.410385146315474,19,30.6486737435473,0.555954608121456,5.54718815132924,0.61519176790213
30.1946494123335,1.95765607901577,8.96895142317121,1.19082309008182,25,37.4207588223619,0.830677938212003,3.33583970341521,0.385747620939449
39.8282362398794,1.00379319931671,13.0660163470384,1.17711754633984,12,24.6599670811366,0.489722091981541,13.7761857468632,0.976620966816448
51.5388964031875,2.3311103566731,12.9087833249486,2.37254295708621,1,40.8583953192118,0.703054083775138,5.8572780218114,0.603358124885663
121.076291165058,0.633944485988985,6.8165162342199,0.522107359710506,25,29.6636540592454,0.736028806404974,5.32949513590743,0.579440986523127
38.7162998798699,0.825028690806012,7.13343610460072,0.782661555527062,12,218.069140078627,2.82974244506295,13.8306525675626,1.14108972900119
90.2855298494988,2.01863671431154,6.45573717020985,2.3173088461485,17,54.6005991885634,0.869665523647873,6.88503400654358,0.56057435885447
44.2906688698427,1.28079576486031,5.70750673703562,2.02364882432865,12,100.649729874355,2.7754051796767,6.08738414842786,2.96234434103487
99.7146712933619,1.64618295412979,8.68753653359354,2.04274915136159,2,38.8662125073309,0.573661629723003,13.4416720578059,0.911704039421257
65.6595722612426,2.61857482438795,10.7445713881583,1.21603622165703,26,45.0591130091127,1.12257139745348,12.7922007275732,2.22453870655561
23.3987514595086,1.08406953439007,6.18609571508374,1.97765877931267,26,44.6496568175036,0.857887833882305,8.23199076703822,0.676975044114936
19.1231396499455,0.358460062219257,10.4594836125718,0.690873467106145,19,76.5667957291898,0.761637817565179,10.710039021038,0.85847745670552
156.10803671422,2.32074137438259,16.0955375096392,1.43107413290975,10,22.4205516859382,0.93218282624913,3.17815306613447,0.577820851142784
102.516153355974,0.532285512590488,7.27903912202771,0.558286399372327,25,61.5949539279264,1.56155150227407,14.4918379907687,2.46314417427654
74.1704179403907,0.715165978330878,1.89518888390881,0.32257094008047,14,8.23874181384951,0.358480066626629,5.78368410599118,0.538623224513507
44.7757111217947,2.41243694192313,5.71164834940402,2.976284652993,5,57.832915259956,0.851850507523213,10.1956116948753,0.763111033030023
63.8803255215155,0.554040938431314,9.8695370911215,0.829226738145377,1,73.8911795947558,2.76550657461214,12.3213488957491,1.82045062880418
17.2006488769178,0.798022441108274,1.57608930920332,0.405109228263522,10,16.4820279828674,1.05629493076056,5.79960171397322,1.41793575215157
47.8770527306836,1.50715383305068,14.918852523917,2.60571010754973,18,23.4048419744781,0.500426596469458,8.3972904885537,0.816634885402292
249.580780969629,2.90507747819201,15.1199443222973,1.12098693673677,23,72.148905055158,1.50145979300504,12.0200559657585,2.88864337326913
49.4168611339348,1.17050966244489,12.734579453656,2.26559254199136,7,45.8315239213574,0.552972747770032,12.1082115703779,0.912209574873637
13.8853328840656,0.480548255692795,5.12852631789326,0.627216599617596,28,57.6856674613897,0.523933206416658,8.22533651720238,0.605857107192301
98.0249480115967,2.91575026158963,16.6010364021863,1.79795772250822,9,77.0129043871286,1.40841820850687,8.92148011527213,1.39976370613919
227.219013191845,2.77674928683016,16.0593311776566,2.26832440520875,25,18.4093059061936,0.690493025587737,5.28427930009745,0.838961477657662
52.9608002693505,0.605861157951491,2.91409515383116,0.455407576333883,18,73.1045213752946,0.445395750559693,10.7740631654107,0.83268609844936
38.1707548702271,2.86765446085988,6.01421849668979,2.20824985059131,21,39.6145195628875,0.478334943075518,5.56488653418621,0.462272322563617
83.652325164228,0.799720713907796,2.53316156544756,0.342372869564156,4,41.9785345445357,0.938934939394339,5.90421796991808,0.767868427520523
45.4508397681028,0.822374097161999,1.40557710648184,0.304788469612438,9,30.4275075688081,0.932525245125376,3.26512114287874,0.515022103050982
73.7921400409858,2.38104839498261,10.9000461994263,2.87772454561447,8,78.2028336440397,2.72999472530914,14.3843556321036,1.60077826445911
30.0500054884929,0.652757050807257,3.33859185249892,0.439535613253378,12,39.6077905308165,2.76409405701092,11.4443828749642,1.31943838593698
107.218960938021,2.81620537733984,16.8591232633254,1.91845825426853,10,105.671986772787,2.84229020506295,14.5651382063491,1.72836638522321
48.7565474546095,0.750732904435143,10.5633811550385,0.637778524319347,7,45.7527021126569,1.39130344948053,13.2173040036611,2.96704270628295
74.3526726294828,2.09674962488694,7.03768659025262,1.95535050057403,3,129.782274490537,2.97662503136274,13.2427816484431,2.15393183657879
52.2213881324941,1.1478352724954,10.1716062524088,2.09240757387152,26,99.5234014091471,2.87945938958455,15.7971906296879,2.44433441735963
53.0328442371053,2.52061809834478,13.2290767401941,2.23295601088996,8,25.7207555066919,0.553387687021544,7.75117692841021,0.736062055717404
61.3663250635961,0.878234270300831,11.6103902639743,0.705041032933827,13,32.030329016992,1.95928587898328,7.54612437670032,2.90991482165531
9.5124947938684,0.310706045909664,6.29395180366681,0.745979245791221,29,206.787496396439,1.94869201610889,12.6624734789173,2.10751954717827
6.37217186208073,0.361171351511505,6.71530110466266,0.639617626856404,28,51.9231931620284,0.465091739599649,9.6350561729562,0.744001236743136
66.5812114998415,0.670720373179164,7.44502058165745,0.657920912558906,2,57.8518102601021,0.414842832509467,13.8408824513107,0.920925566107763
30.1589300075199,0.483220144267111,3.86796219803637,0.380853282124291,17,39.711051790952,2.71675455627319,12.9889356504334,2.36531558432168
36.8568055476223,2.45537524615829,7.58975539219505,1.56107243526144,27,18.1873079092811,0.68391721809113,2.96036345208418,0.506341649184199
60.8715370777973,1.64767117878201,10.0212071275666,2.65873705759225,17,32.8371781420131,0.556392624303907,1.39683708178022,0.349673448925337
101.431192834839,0.914728119303966,6.88154109521937,0.659908787209931,12,41.0373743813189,1.33867026070773,9.10689963726066,2.53390123089751
43.4486136226654,0.396622632098807,10.107051189587,0.726751600332811,18,41.4015023395073,2.5517778464833,6.64995710805733,1.39381559475066
57.8551919303111,0.856564334576543,3.96723300473042,0.465058709036213,27,50.8269541820505,2.31238147940283,11.6461233650478,2.10388763102995
75.1808481998935,2.06205826385736,12.3430237161216,1.1216090744762,4,19.2030918627218,0.477310380544208,1.81837433790524,0.323685384211038
155.669184047746,2.23824781480338,16.0242605149753,1.94758430683267,19,45.0126434238574,0.613666145661842,10.4437061315441,0.989628015147238
74.1874053762581,0.810860131335598,1.90944836717011,0.431212769358995,16,160.783836137423,0.934121251811139,6.43357484925217,0.476532061461253
72.5587403747534,1.79555222362484,15.5118891169543,1.46080095756902,13,83.0834518891335,2.0463287089488,16.4944845079705,1.44085055531773
64.4000255316064,0.87910544922473,2.89749384184324,0.354582863438215,26,45.5786978857815,1.93435523063915,9.6305844062315,1.20426273298993
50.2945188157557,2.89800367344466,7.56068282191574,1.49857230847801,22,35.5551757920447,2.17919110242117,9.37661781969664,1.58972956651701
13.3993222421123,0.318853607223391,2.97375457685635,0.411628315482904,21,46.42086108437,2.89946316279748,10.1727160901949,2.46477126695978
19.5670676594801,0.392485477816874,13.7510463627363,0.892552082381392,7,66.5641103575409,2.7178142554409,8.67945888731152,1.31879920462501
10.7046159346196,0.392213752246615,11.0451559297456,0.875036568324798,9,52.0251043174189,2.62472932793572,7.35606711654222,2.07335578507523
205.139821600857,2.44801611648697,12.2803851773125,1.74181402974591,3,30.8070801214459,0.597160173738513,6.85907310664726,0.769236674066366
13.4798842565893,0.538870519491483,3.09829568691218,0.546622897940413,13,46.5101506575866,1.98497285864746,12.3941969077444,1.62015770643085
17.247454085427,0.349878104343449,8.93657223835473,0.973069834572088,3,95.4223408371535,2.68181891027611,7.51826131524332,2.95875245263104
76.7075303874,1.90872797610424,14.063475964366,2.55466937381075,26,6.09447890218376,0.320201242101617,7.36018611476442,0.51639836513253
117.991288137424,2.91689839727733,12.4409010943481,1.75493573365788,24,12.8401276799782,0.317138778012904,3.32331115082488,0.510620243832683
51.7946444918455,2.23363993909565,6.88137344432,1.49026062872399,27,3.84955245902021,0.313914272274565,7.944948745777,0.766630229276374
91.4943535489153,2.31672219114875,12.3124919453157,1.54246477509153,6,19.5322027326105,2.80333395500364,6.01141468552475,1.25862929404471
138.176844674026,2.72647196621935,9.47984521825547,1.15726903622615,1,27.189490947538,0.954179855063257,5.10360422932064,0.813907638759741
24.6221591580792,0.40365641797596,5.61707257553274,0.483213069789726,7,239.999000486369,2.03635187234142,14.9489589266606,2.12458656513683
9.29006813729875,0.360261558572418,9.19046517947103,0.833254113687256,18,38.4254947681464,0.92526985394543,6.36852949130422,0.522480583982468
59.2122276774797,0.969494391040432,5.49299536321433,0.433959059924246,7,22.8531180088623,0.448835260418497,13.1674430507101,0.996161191421282
28.6410596341155,1.68378185602828,6.07218569907207,1.61535677559496,9,39.0235794560296,1.04079156518371,8.32049921036783,2.96929877295463
10.2717442476905,0.423453597319092,8.43629832942005,0.782782665095111,1,32.0818478264029,0.79666878384007,2.48178097632132,0.371405474424231
128.036302197428,2.28505204600597,12.7886166174593,2.63665780420653,24,36.2323880023358,0.943601687142698,1.34647485183175,0.300646486750476
46.8131662359392,1.23939784811444,13.1824741251854,1.38791186912301,6,90.1574919799734,2.22149406620864,13.7297159558217,2.50547578539773
78.3871183110596,0.857612803010567,11.912978258538,0.822673582447606,13,37.1568193906317,0.872233013348487,2.59912422198922,0.365387247711399
73.410954970513,0.570033003769739,10.9934039925207,0.822985507221955,19,15.1688815791248,0.457371609511809,3.90425977924715,0.567224223431834
43.8572407219482,2.43793397196649,11.1995239024429,2.60674668136051,16,140.106652227927,2.08202445317668,8.74744168341608,1.6918703568667
60.8720862841796,2.12195616668138,16.2522887077535,1.42537366991598,27,24.3801471357174,0.392147929700228,11.543546512449,0.771378385380746
145.68533014987,1.12066239413789,15.6363407800407,1.43502745349259,29,26.2233949679301,1.57165881935753,8.01054963225717,1.7301966000351
48.5221253910538,0.912956695940174,6.57343364700585,0.822967838429203,17,140.313356558688,1.96513403637381,11.5213963943015,1.48002525850172
25.8037076500251,0.885322360340405,4.2673509892899,0.616454365358706,1,97.4226842754094,1.61498484323979,13.0736215489589,2.34828393690933
21.442923878479,0.687135621043286,2.70692493088591,0.435125126868689,14,44.0689320966467,0.820811249628961,9.99486148677526,0.668179031827313
78.0476398984436,2.44253934667601,11.6150806078085,1.63824452803888,2,9.41951560568349,0.338426995720719,12.3554781909239,0.888789431392714
98.8091497320338,2.31842321384217,6.73471173606519,1.22496902329164,13,7.96388452977988,0.324868636316776,5.48294893227302,0.486091381622858
34.4457427312613,0.496203046484218,6.58099360742088,0.621775391121547,2,62.1450436393104,1.47691099121792,13.4001290428053,2.55177271051192
43.9381167758034,0.598231530583597,10.3110307666578,0.852797965920926,16,169.371242100693,0.791089255133278,7.08464601967401,0.547278829455706
49.8982059491727,2.79241028041209,16.0489924402271,1.36622273736286,2,41.0688329745775,2.7279451603896,10.9571006817273,1.44032870006841
99.43456507399,1.68799788603435,8.03665896579562,2.08454287043811,16,45.9425098204739,0.852197620214633,7.27605284422113,0.495031574840608
190.030596921563,2.27970349229199,10.6372272750644,2.3438500375937,22,44.0251039993818,2.95322222487028,8.65748231874621,2.97641753472428
145.880857197639,2.67217947172761,6.99652729487846,1.05914147708934,9,57.3616279025515,0.88891516356445,10.4523435501866,0.90972546038505
100.824455771288,1.58684175963259,12.7844654560851,2.50996302739832,22,54.5487496579428,0.840077720890197,9.98989862193235,0.991384364384012
77.1020764505835,1.79074466875229,7.49252975662903,2.16007146496641,8,67.3442194945949,0.851193519826172,3.56223276200965,0.439342957410201
20.5964619567097,1.24292398215626,6.93073595793348,2.64448740709151,4,73.081110907725,0.840225548560218,2.67790399216228,0.481743316738892
56.7375833908859,2.07970408321558,14.6528392297352,1.32553418565271,20,23.4727297360999,0.538170613199825,12.1256965983673,0.845078365362233
10.3544034888016,0.320809586378418,10.7122291263674,0.687545186365022,23,50.5034431781164,2.87372300829628,11.007589595796,2.44698955425274
19.3247155741046,0.379452962030379,5.68540132236357,0.50270190854674,19,76.323517535182,1.89489972623303,14.805865146618,2.20858374188752
45.3615320021932,0.564330820116547,9.27769057982776,0.730269139519238,10,41.2766090134856,0.657978060764572,5.80786579384246,0.716691950773247
152.425883286463,1.17707615897349,15.6792285005063,2.88378995489809,14,25.7803912557668,0.637855277961446,8.92233318458516,0.756950178847175
160.535373964904,2.92756146649747,14.9022903402888,1.86062714004473,13,90.5249458115413,2.45351483104104,7.92391664169713,1.98007483317292
35.1805581298197,0.70539648408626,4.98354613612735,0.809139411999563,18,45.4121720904217,0.915641768667529,3.37532184011756,0.460279675470778
39.2881575534065,2.25516779504845,6.36316607937889,2.04018264623302,15,34.8611910876688,0.673070595276079,10.802738468395,0.964577499164263
30.7984896708694,2.45238135087708,6.90532043863764,2.25831781810003,11,80.6358509494858,2.14348296587574,14.5331435134405,1.33911960234241
20.4496745711311,0.361154619212225,7.10337288548821,0.741815349168137,2,45.6838823804358,0.603463213572977,1.16606776231595,0.319262972008373
40.0801554094095,0.932019701200441,4.27217011958415,0.436727377721313,28,113.80157659825,1.84789570987338,10.9548559985858,1.23290946741837
106.774499376163,2.23898299188583,14.7598133048471,2.57314450913952,15,77.3337728815794,2.82732165633349,16.6730436216921,1.95871927236242
78.2122287388974,1.60782439803503,9.61766359841513,1.05305380881441,14,3.01262873976871,0.303042519361138,6.12707353069926,0.620758542287764
181.78881044875,0.761514239006766,13.245829883329,0.813383597611094,5,95.5599165690749,1.55038157075358,7.0427612687943,2.64735932373845
119.125841984772,1.76533558162488,9.02336418255587,1.01415393938029,12,226.60094101819,2.88643740686623,12.0562894524271,2.59436525205971
120.610025703746,1.17770140493835,15.8464108111406,1.22874635218464,18,213.856818433801,2.92021236749646,11.3327530311667,2.73479158823028
38.4167553986348,0.604612772106763,12.5045246463821,0.87571433729476,23,19.2645278227797,0.531320001326495,8.07166305669236,0.642798250623683
48.734031315664,0.93785983353154,8.47933994232102,0.635863897310979,16,12.1124069390541,0.360239248322038,2.22853331196013,0.350434404667987
26.4644361122539,0.767801366454433,2.11845452243589,0.35848706649362,30,75.5017202833706,1.40119677799781,6.92478767633045,1.24754198067876
46.0622567915336,0.903069071924949,11.6255281103259,0.893924939269244,20,17.958068042379,0.368467241785293,2.77911829148871,0.466181891066738
27.4990423278319,0.918110635671066,6.1780526618312,0.646613282192017,23,52.7208747608688,1.13499232703464,8.3533041057487,1.20115272393456
39.0861653589296,1.89960453456008,11.7372924674407,2.28674132217126,27,58.6242468572091,1.45497072048879,6.0563217995253,1.07334086496596
32.5555648209185,0.433091866130907,6.71211584874439,0.485192107443248,16,98.6988890643159,2.46877775934679,6.61300484241418,1.23838387378102
118.7790365868,2.37458431690992,16.5407815241649,2.02831225283526,27,27.0533147210669,0.999716594234822,6.53943106813409,0.647850148801977
22.6200288923618,0.320337378697674,14.1010759512768,0.893749292250685,14,79.4192957797124,1.38305237480496,15.3330346306344,1.48071283347971
56.2466756379665,1.1900027791641,12.2068090269981,2.89115810787632,15,3.76435255524606,0.30800933423116,3.57709208769259,0.528938225156195
48.1752857217457,2.77207788968407,15.4618858943591,1.88305676497047,25,15.0847809862943,0.361845094270543,10.7757906707661,0.698030560109929
12.756807838856,0.404185241789244,7.54645188267683,0.743755045922091,22,70.6354524063982,0.867130470446814,10.951410522446,0.715372762348585
225.051794947873,1.75886990209181,15.1154754474246,2.95611491810709,9,55.0765493333674,1.30337746805101,16.2320842680003,1.63425623343976
161.199962390103,1.39572136789245,14.1824592931903,2.14396517484683,18,18.5421978522922,0.306942980540513,4.70467581843185,0.449479569834864
18.1852838596138,0.489183939390239,1.56345565095147,0.401237014155541,25,38.8012650232243,0.533049132530904,3.42144511022953,0.3712771693978
81.1127701676893,2.49363147172296,8.9848429110923,1.5394231966102,1,55.5695253080842,2.20470808469964,7.61191056840897,1.64709811807938
34.6047521933889,1.02695939205333,8.64407662272579,1.01089601250392,4,63.4612038084648,2.74374704968296,6.36217462961987,1.17099454493441
69.7528169020471,0.843461666724469,7.96605645784697,0.740795755795947,15,182.36320135949,0.762004977257052,11.0713017044973,0.713319225420191
46.2477671380046,0.898422816054479,7.36133696081938,0.652291093350561,8,34.0367447647931,0.543193236038889,3.18771623278197,0.370735092514493
96.3972548654091,0.734806903931621,4.29023414575727,0.515108215444606,20,83.1070022091972,0.938775778627256,8.46692467005658,0.704072162776551
37.6307598036916,2.36606566465084,11.8460113314988,2.10820663940257,26,79.2071685654312,0.900038867503447,8.96414641329228,0.652800317280812
150.151964819563,1.96829988628879,14.0859877497175,1.27034582894462,17,21.2037646327767,0.519923745184691,4.02640660535244,0.484276780503479
36.2960024511354,0.519445069792144,12.7037667956997,0.976103254418862,17,66.9467682829564,1.92403236889948,9.48656193149022,2.90376419108674
82.9095907635047,2.80157119527556,15.9098850605715,1.63797971336698,13,37.3195267613757,0.70136821153321,6.74267469648416,0.849659707784228
20.3914411100659,0.419113317183978,4.54218689799338,0.471389577123164,28,15.9390655051456,0.415826541170826,5.48292870484471,0.780064514309497
222.677660448381,2.20274761844874,15.9360728440857,2.53208338711134,30,25.5017573053515,1.08669725097842,8.73253548477351,2.26531014902124
22.3822927221566,1.61933860040071,6.53087520005083,2.62242815001881,18,33.1808220099625,0.75859539625111,11.8628129304464,0.932312737578791
113.17364134292,2.82027925472473,11.2836625954158,2.24698011977464,21,91.1573468551023,0.590295495622646,5.28426321648439,0.550286370285231
19.0245376267092,0.411891009535251,13.1626837984075,0.939051590969332,26,15.4679129342827,0.338018476481725,12.610618794054,0.950020975056186
52.483976170075,1.54229730319626,9.51039014789537,1.13905120495698,1,42.0111892262414,1.07569125884537,9.07303559086465,1.66675806198875
31.4440161153213,0.748894545741003,6.91069872683423,0.937489334326746,16,29.6819975953941,2.25592275963416,9.53168993326147,2.48664021390855
138.072284619297,2.28445978882027,16.7837758292081,2.86633012512243,13,106.120139743308,2.52516504289126,7.02765095649324,2.26783145392685
12.1065468638954,0.393073114160478,5.17802498409754,0.45907662339262,14,55.2537607760407,1.32336502010091,11.9172096618722,1.28662682128207
65.0234212600989,1.10565278441607,14.3208850211006,1.65917715824262,15,45.4356966235208,1.98726989719392,8.60594997670286,1.19330970887933
28.32693498587,1.5814680432648,6.36863832994988,1.29073971277246,4,56.281462262438,1.47154723477207,14.1939360229576,1.96871280034022
31.0144584923565,2.11039709847782,6.36994850174179,2.24165899558766,21,56.7590855290071,2.91218176146734,10.7602144485425,1.91651622836065
54.771645227197,1.74884402824432,12.6172463252009,1.14141171472075,22,42.6000371083819,0.815289436723906,2.64869609903593,0.407058275938263
18.4468722154629,0.402144827911206,3.29887718080476,0.467992455064593,18,41.7396166675675,1.33023955677178,10.9903655529073,2.90374203554915
112.565914829487,0.639398436564469,1.46246589687598,0.317829183582506,17,19.6604842735539,0.868201596550799,1.25345805953466,0.33976916947696
108.331031781006,1.04131175538825,14.605814868247,2.2308216410645,2,160.007506462366,2.50794831359383,8.2825039530251,1.15515535322581
23.3711303139183,0.796826181769303,6.27634579718878,0.907394223930623,28,20.0662247365324,0.373823256395388,11.2303705415375,0.840839815921159
23.7891434153902,0.448551664007807,2.26396445421133,0.335653328298349,27,40.6555641934046,0.850707217570421,7.12674782986037,0.780919034352195
51.2860057429458,1.51225862365637,6.37382812479284,2.93750837364971,23,44.9418047037676,2.60721637189507,8.88353324942689,2.1279269873226
36.2052821866037,0.522523430995585,8.93321287542942,0.721338710907728,21,21.6448401655191,2.34903438997358,6.21442514479049,1.51861239428875
41.862336620995,2.68916050573246,7.90475609945323,1.27470470827208,21,97.9670963056136,0.947259811327077,10.8560372713673,0.855787901450807
25.016600620646,1.07294087144132,6.5280715309715,2.731653352496,11,86.4383139957602,2.38803337110657,12.9180860484835,1.0926180242762
48.8569674333309,2.47839178366474,13.7889378535222,2.256178290397,15,100.462927888356,0.975075186052831,11.2616951993292,0.830425280434778
18.678005936819,0.393989962381731,9.02419385892071,0.759309994862052,1,124.023764345052,2.96777061405165,11.0180102569444,1.85786400860819
62.7013528737266,0.553643828000868,1.74424823103477,0.377633214933059,25,31.8306184286198,0.964706727910439,6.01620580834653,0.992215695178964
18.4707103962732,0.787696913786947,2.44048713164658,0.449739214237644,3,27.6430350358297,0.443055101736588,3.30839945501914,0.574515169436893
43.0322923087114,0.993421614232975,5.24927780607941,0.436025212626256,11,66.5327012583375,2.84965020482613,16.8777764660305,2.05550017185699
92.8322318448971,0.916562838436123,9.57592243350428,0.58583522273347,20,170.270693336625,2.5250737708705,16.4127424208159,2.62936320175818
28.1054548418486,1.05433444438145,9.806325915203,1.82760905913318,14,48.9904089827563,0.526067152763218,2.49125323191394,0.44308734725311
122.430444649085,0.747609195357378,2.10209083100003,0.357688966946964,16,23.214927241246,0.424776690819727,8.97707873097185,0.641583645938291
90.9933508936741,1.40059396589458,9.77908316194673,1.47694540918539,7,64.6048618917591,0.594271974019701,9.72036979058988,0.846537822766189
49.8509407143488,0.78343632140475,1.88133139959056,0.343599665298837,24,49.1497840911113,1.82013933736244,13.018866213905,1.06494627942145
55.1655784678152,1.73050301140736,9.68361461794284,2.92871034122702,6,39.3882788915845,0.506390752507506,8.3734226264493,0.602356101733449
70.0661190923725,1.0539046599492,8.61918989667441,2.54127955140251,14,40.4795956135025,2.22875773611298,6.47052306284949,2.04836367648407
44.8114474929282,0.610596926226177,9.40946660447925,0.739611486402635,24,134.845744963425,1.54074459261183,12.904077599088,1.63793316010334
27.6459251782984,0.684921160919442,4.46218995697432,0.516676504603291,13,47.8467295062091,0.63004738718384,13.3651916770675,0.976642402985803
104.008730274898,0.735864845603474,5.49754141087038,0.500189152957281,23,36.6623848048198,0.507339819931762,11.6151700534103,0.805046462174751
39.0940371840196,0.726164145059875,12.9488475800364,0.844230120465,6,34.8236570924236,2.72672205244471,9.85290899909047,2.86415757454793
105.83856618428,0.630310791388394,11.0182474548059,0.932666298343548,1,40.8341261596241,1.67204318099496,12.2385419533853,2.08971830520094
37.1943998552144,0.962358730078599,9.47544822971162,0.816114187123044,13,80.1224587288819,2.68450844165231,8.0088845209133,2.48305315225984
90.2286294146594,2.78457647078032,7.13492172125761,1.03756878036525,30,39.8834386383217,1.26088517015034,12.7210360295734,2.45884876993288
12.6677887897901,0.510148309043541,1.10013436846729,0.348565732117494,6,48.8230155921929,2.93843835088025,6.23083988038369,1.53391955811617
67.7745851047918,1.54978048169851,11.4257916996164,1.257180260154,26,66.9750116547176,1.59413786311157,14.3148097475672,1.40232094093452
36.5842271089836,1.07609052913019,11.164368252128,2.35083694105073,5,93.6403898804707,2.87979402314436,9.29932076870174,2.18458911762668
150.677357455793,1.13107305091599,10.1590183571949,2.93784380564101,3,28.9100252103869,0.581861550984974,4.8936049865728,0.730116998056342
46.553528993721,1.79573930665006,10.5134205638168,2.40490140717879,8,93.4586912145384,1.63804119999732,10.1451254678288,2.08521788338307
56.2001396672887,0.479186055459833,7.29421555743077,0.49660432624818,14,80.6725783865475,1.3323080306885,8.05690488928334,1.71249656581936
46.3479600043221,1.75142552506782,9.30126917042922,2.50443509196276,14,12.3275415835573,0.327992862792324,1.74230655585212,0.349651805682541
52.6018277704682,2.9262593312787,9.71341012491281,1.77406793765484,30,50.4234213838998,0.803430183268601,5.47868402069405,0.631727906077329
67.8369465272068,0.716721109977107,6.94710628695174,0.9068926755321,9,63.6917018880149,2.75210751904015,7.91210558817137,2.51833913814288
78.0131700883935,1.41215950572905,16.3603099526906,2.92117912753305,18,74.8032370955892,0.851470471760233,6.85124254025748,0.97570531415823
40.3070759443485,0.615472641483373,5.06769637904463,0.858181823547928,15,50.4088034131371,1.35525606130743,11.3423002729544,2.73448301775617
3.67125106468515,0.358409919144956,1.59794293578678,0.402741334721265,25,38.7570059991951,0.653807935536988,10.7143232342156,0.876394241491206
168.123847181024,2.73580876346717,16.2067903266161,2.67179432046126,2,29.9021658993226,1.69682443177386,7.88902724577437,2.5164770387168
91.1201745244003,0.636608296289814,6.94704136002974,0.69110109894095,23,193.377216958872,0.93354327316743,8.58534487620475,0.599066483240787
57.1881208350222,2.55943487823556,12.0741955372301,1.76572699500445,11,45.7134962996971,2.02379789557611,6.20300296975538,2.00792744058605
144.203076056093,2.99869203246803,10.4599503214428,1.86116349502587,2,47.1286048263498,2.25368445567578,11.5072309274091,2.12423084735399
74.5608890824832,1.74481952082793,11.0676783186103,2.58265489424924,29,28.9906310047692,0.723888376436005,4.54400101061376,0.580718502397876
30.1749895762557,0.388062908444701,12.8726055927844,0.987771672405464,24,79.4314804628706,2.50826382150401,14.6539914428886,1.60837186210019
72.3117072895692,1.51079721068903,14.8420125860917,1.75152387065584,17,96.7209448406789,0.559307036503026,9.77098651061341,0.907636602941846
35.8558045911253,0.683305673946702,4.24119549016427,0.487193588472338,3,30.6238973047607,0.520893398406874,12.5658260598436,0.934524250272148
65.4702373032693,2.22548689939578,12.7696131283061,1.67769419117947,25,37.1063719627394,2.538588909629,12.265725908052,2.82089268851737
24.8896141227526,2.38159492028629,7.37996857924886,2.72503647666485,10,41.1766810312675,0.637501806763775,10.8877082675869,0.819099652591451
34.2604905207748,2.12515128061014,11.2774614552142,1.87612233786199,24,35.9456669761232,0.850505665862877,9.42647696214099,0.733408885092099
21.4717499601936,0.442835592832971,11.1319528661871,0.959006728236791,8,6.85436969244815,0.329699513025044,5.67790099305401,0.666635720144657
61.9510534919607,1.85252033530919,9.84559083143955,2.22151209349901,11,30.1891255001963,0.791644213074873,1.50976908454067,0.324617326570966
62.6254794171255,2.13837212973103,16.0193219434219,2.66787764195364,24,47.3052103732961,0.872522576769675,7.12778233040473,0.751598837161972
20.2278727196239,0.54727860488332,6.84814221767838,0.894602284739644,18,25.4634170359854,2.6926783448214,7.27789414288467,2.76273755448151
15.686813077583,0.391557228289472,7.99035651713177,0.532783816655782,30,19.8842848090746,0.587597595197473,7.7024959851311,0.739655240535998
78.8755945106427,1.22948301204393,12.8771331490583,1.80185476348948,21,34.8723112560447,0.747765275097686,6.33680440272827,0.499279762241018
43.4933823486438,2.16027981271473,11.7980120499788,2.08552918208119,3,72.7957778695518,0.505538034990284,1.91200042513621,0.349415575669356
25.7777753217002,0.867618410834678,1.31633544013879,0.335697869620493,13,84.4405879220496,1.26246655362047,15.706412801484,2.61287810135255
23.045187052163,2.22278831560807,6.5050118075837,2.61275026226085,27,25.9997107164907,0.310311560756821,8.15107090374805,0.611548350802624
65.5889945143608,0.694638305856453,1.26392087669293,0.333520431342219,1,52.6797923529867,0.832627858947885,3.26688614459616,0.388546552571049
153.432794864117,1.7848855361719,12.9735230651393,2.66599338807333,9,4.89756940582114,0.357539292688828,5.45428389938991,0.870025715207627
11.7333657902194,0.317506709253116,7.8162050739849,0.599285344012809,27,232.424637963765,2.55330729328225,16.9123810100676,2.0651499632882
55.2138652954314,2.23597449275132,9.82183391156378,2.52176853097766,27,24.9087631214996,1.96417126932668,7.17607587496155,1.67010030890094
48.9832670273826,2.87538020015656,9.46988504149207,2.55507556241133,10,37.1625947116967,1.60119551924995,11.57990735681,2.4607775809615
54.9610531052032,1.93835603812385,12.8293041930663,1.11290858312773,30,20.6137402667069,0.45396705217034,3.42676361939728,0.59674552587853
60.7006156016242,0.726624252588362,9.28659543910727,0.704596642007704,20,184.033344249573,1.92487986652042,16.3004861008788,1.77396974336373
33.0130357651253,2.00654492446531,8.31999799895828,1.82277859368462,25,38.3372828186009,1.70945237087666,9.71563495450166,1.04308065182476
33.737317288908,0.797868451887048,7.76686363912784,0.994746334707773,18,93.2290120646134,0.973019894369827,11.231089727624,0.989539340933807
46.7071265657271,0.653926327778967,3.97785313810131,0.441784679342307,6,47.2292136280099,2.03129412343682,14.1601977202439,1.28829994741392
42.4495590796189,2.55213155516658,14.0724057536671,1.74270077525058,4,99.9170952586533,1.44752071367833,12.3256870463938,2.69197870156647
106.823235197814,1.7122626501585,6.91074745766155,2.05304167695723,7,65.2733600996799,0.992181398591393,11.1384109281464,0.776903159261668
50.0319465542648,0.522153631425037,6.33930470891521,0.487242915148663,19,25.5477025537313,0.448634384296684,1.20920295382299,0.309854915867858
178.021998140647,1.2929568082876,11.9979248016047,1.68858583664759,17,45.6984865197765,1.9566962528672,7.26366011880481,1.88219153093525
19.1053921164122,0.497915394273117,4.05587169899503,0.690030316766329,28,20.2343752302124,0.401563137912354,13.650980168882,0.904103396194107
29.2621317109639,0.547717581841308,5.94842397245489,0.739199777536648,2,71.1658318890382,2.45852166519765,12.5423562034021,1.27737155135071
60.9603848122971,2.34342751855257,16.6837732935848,2.97251377870396,26,53.8191891547332,1.25711482463719,14.4444248213793,1.18033395599759
176.015447092399,1.99332033111534,15.4855224231169,2.15786703858084,21,42.6121125405631,0.956777630862725,8.08935970349948,0.748701052876858
70.0566286970264,0.936593036387576,7.04769098123803,0.493279140299462,14,43.5136685752663,1.99402906054344,10.9636685708435,2.56451304674227
48.7331647259669,1.15533458680246,14.250986547924,1.14898194188272,27,5.0758198493554,0.306041460873039,3.38819018596486,0.391059230684331
48.36397202394,0.557779557028586,8.54058162539637,0.65304263521954,4,29.3484828419709,1.71916894892149,8.12790628167581,1.11945849047414
16.2347331425768,0.428863736215546,6.81801166107381,0.865424296799437,27,33.4096400249829,2.53375148462073,7.04723328476668,2.50732193956717
14.6183947313046,0.464472629312465,9.47452979385692,0.935411204128962,6,158.116795995992,2.56548380777008,16.3293009335641,1.51779218786781
26.2090880216857,0.566129951926468,6.14457057198141,0.559753313447825,22,78.4231324266934,2.63858350018631,10.7926517831323,2.80046313139276
40.1001181271081,0.943644757643659,1.87086832135476,0.359792811231231,25,72.2440113488356,1.05500003586573,13.5069541454693,2.10390847045571
189.166132052859,1.85719163292109,10.6064689133902,2.13887271337977,24,42.1467603791112,0.909236568989635,5.87810469771397,0.55089425029534
31.0299899402504,0.705462273267533,4.1740927737972,0.468205941668006,12,96.4999871006008,0.849768312222667,4.95204434622674,0.619307760165201
53.0342390221787,2.97800996672947,12.0963695278986,2.85305388573802,18,28.8493520795399,1.26173628128781,8.85143745896032,1.84384514560745
32.5348303817451,0.723228094607219,7.82818700892978,0.730911774344557,28,37.6853657024573,0.546914868770921,11.5625717981891,0.752353960942202
23.2413131489862,0.63610746222961,6.79232664475018,0.977391670640721,21,26.4757241671345,1.05405383369115,6.59013162982021,1.83821424330025
85.8965393073785,0.556946182338564,6.1158959527952,0.485543676264924,28,35.6620980927316,2.7883156906808,10.8958762617224,2.74599428952633
55.1100775953367,2.21141978438373,14.5015638809443,2.4366592121916,2,20.2449914155282,0.537865066375867,6.18437402219912,0.961396953946684
97.9411845651417,1.87056886987409,7.62590759101302,1.65575515930002,25,172.680877136618,0.657299017918574,12.0132042889435,0.719028867235531
165.352778899811,1.97215289174052,14.9166178251897,2.07344325852047,19,174.97435761997,2.95219757846442,14.4445160926578,1.16685041116589
49.6739034038933,0.669179909856503,10.1762269200865,0.754761862383807,4,101.233810902673,1.28161958921023,13.5142055532681,1.63718542631751
166.798608054861,2.02516421970015,10.8677082530453,2.03007983080277,10,109.114909434533,2.95340139742345,13.1471847329293,2.88433488610746
42.7062133548446,0.710036904091293,12.7526193793543,0.842848663377111,29,40.6616141379528,1.3759794939853,5.99390277695552,2.45351209629552
81.6639190680881,1.6500784928059,7.68111670276199,1.75338984093209,2,40.1255735413704,2.22027266290964,11.0781576900029,1.04492845295092
100.726064393171,1.4991904694408,14.877873409062,1.94577163050042,18,17.0907187278965,0.579782220867718,5.78543520461087,0.750015488206882
36.8760813584767,2.47467927014598,9.49611947848993,2.41055650706692,16,120.419975241534,1.51428942717345,14.9290987029536,1.15828465381296
52.0960725405488,2.8680615949211,5.6857279514062,2.95201923949982,14,41.7192693732738,2.12596525211023,12.9745510325938,1.56501805841354
82.6668959256796,1.41958487024519,13.6813342955146,2.53771968833075,3,25.1161020942217,0.841261253544878,1.03905279362525,0.329411548387359
60.2739292434713,0.498502167840966,7.63243754220037,0.693311621979927,24,32.0042549015336,0.996540053775902,4.77326713712255,0.539370565320048
48.1843465611216,0.930817665192337,12.4777550912202,0.98743335415916,22,88.2857185902222,0.878070831024763,1.70663838483668,0.309780539059454
60.6396883809637,1.31482635256133,8.44082253047564,2.42537887668104,22,45.6587026021189,0.992416119422548,10.7373160082772,0.743807457641269
42.6459794913107,1.05410444149566,8.0899674254464,2.4579888943059,20,46.6725780605629,0.890887707691906,0.775042864371722,0.301699308056588
13.2630952814224,0.394188583501158,8.58668723836375,0.789054073889133,27,13.8065886143455,0.567495191611036,5.83370860765826,0.937331338815352
121.098011176089,2.78889101057979,16.5031450567638,1.7956460958249,21,29.5995168956868,1.7474672843805,6.93694010862208,2.58414269605341
54.6458694898901,2.4588561115496,14.6169128974199,2.67555211900832,9,95.7845483794936,2.014290075804,7.71890150595124,2.4978472713528
38.0972384265086,0.418062282920735,9.41980334009528,0.744262458402749,15,52.9460228396397,2.22273171999302,6.7592271850616,1.67763713602279
47.1106893858496,0.395997975467026,5.85639933296116,0.482854259487555,29,51.0981505399571,2.27896954073709,9.89548415721688,1.50781538589289
7.28052034542973,0.41463068533741,5.23592864400508,0.708393423293134,27,51.5224780870631,0.47743294165326,1.37313324306206,0.317466301134493
24.3592580035766,0.570779493237063,7.57623923414184,0.689026522384612,6,150.317055194896,0.7165227838307,5.35502197543385,0.476352833726043
15.2038661241892,0.556488394498043,4.99786398598637,0.567170444086736,19,33.0951930437181,0.992542342264421,7.37150255018898,0.969857386388017
80.0708540836374,0.637008046326783,5.6196145382198,0.81597698819752,13,71.3817760606868,2.57598900550581,5.72167865339431,1.09411546569464
32.7844753003413,0.751668762918357,8.1226092298177,0.855340031591143,4,127.675689404904,2.1712621511244,14.5086176546465,2.1804758999163
33.4785198193516,0.84036597788963,7.11661540517675,0.973200373752271,4,77.551793597794,0.743092507424273,6.93047850668367,0.481456086005332
61.3992554027173,2.40718736060435,8.03699932202249,1.42283711101724,22,72.6499618482617,1.80146433053545,13.2513930749547,2.53221964125393
47.6432112212948,0.500398202316393,5.67911983199181,0.528115982681602,24,32.7655350795175,2.90499918832007,6.20043498735955,1.41965425808884
14.0406332509676,0.725323566830721,4.52034441131737,0.764003663895823,29,27.9574586395403,0.792435845946384,6.30379752822804,0.900502799586257
6.2361842135281,0.35882171434099,5.49876530935589,0.77191554722527,27,8.1965628392605,0.375938879068791,5.1402870044704,0.492487431848353
74.9645372854926,2.39211509952013,7.03033184101692,1.64426619281006,17,9.14890404519834,0.40360032238602,5.04583144023036,0.511417490229099
100.824457366161,2.20119046915749,11.2991078064845,2.00523674407546,24,47.0597222216947,0.889979500202729,3.23767443402098,0.383148928430383
5.42448546806512,0.352183143068802,5.78124568002019,0.608578237110771,30,40.0567371044853,0.471540595390809,5.58341875282748,0.445190456666967
205.515630408095,1.5339307323173,12.9839837369947,1.23531254576172,10,20.2494647109984,0.673992472799486,5.44338929467714,0.711882755546537
18.2901594892605,0.388001470750746,2.57778405113283,0.350232108816305,13,195.849158946166,0.872170663642899,1.94426957673327,0.313180685216286
67.6770040194569,2.40646292521893,13.5095150175319,1.9441862829422,17,97.5687095082256,0.611781203534966,5.93944280961821,0.477688341801891
18.0880744370424,0.320583159459745,11.4295244738724,0.825591140288038,12,48.5842500366112,0.503419981192028,2.87348578924429,0.391478270851511
9.90597777569013,0.356974949909819,7.06400904086923,0.901962187760355,12,11.9334266990786,0.356393458030055,9.73259183107828,0.596405811053358
173.927275265496,1.38560743141252,13.0933048408468,2.69524647707728,23,47.9442646881463,2.51862029659658,13.1851681605182,2.79235651412454
19.8193284983498,0.594471237037929,3.55337366976874,0.447983548449623,24,99.424161003191,0.576641507683252,7.46091267515549,0.674416822953364
92.4665179991366,0.770825190452806,10.8118313247549,0.93889749310312,6,32.1898668356202,0.434419114740512,6.60863659038842,0.530656984101625
42.4234158754664,1.90331445575568,10.6794585411587,2.16073964602247,16,16.5227050057942,0.42007953234809,6.87191828860438,0.524783769546794
35.9947317655636,2.56570706472572,9.71513768473916,2.18182436224494,13,71.2785980200375,0.62550633739778,8.72304106424647,0.74855665237414
22.8224699996338,0.754236844340501,3.52871308923693,0.463705401157164,23,34.3959222105103,2.06378081026656,10.5768026591614,2.88074679537677
50.296586938041,1.38276898446174,15.0406972850248,2.71842632918402,5,22.5521288362587,1.16684664575355,6.89976569251322,1.41746472584517
146.356803093605,1.75546571427579,16.6695071427365,2.57405693689406,27,51.4813505681933,1.97636311545765,7.68296828866236,2.99589259421268
93.8067210684064,1.66767882424262,9.00654740066122,1.51107949808795,18,166.803269246719,2.5713048583559,10.11666525915,1.28308004836121
68.1292385220897,1.83013310550354,9.37111882938017,1.35300420822129,10,42.9943698959514,1.69103542808356,14.3414644475074,2.4720055335502
73.4703360257312,1.80467182270336,9.57511730355028,2.72548675439225,5,56.7534483863857,2.57939936562219,11.8793768436593,1.75469476712604
54.1688387376106,0.431878595541879,7.26432933935473,0.494938665024164,7,108.479132595959,0.657497400831259,10.2176702409796,0.967477826361983
58.0448854245014,0.66683217962426,4.23169052258646,0.459371490245062,20,18.3425508002783,2.27664717669536,6.03894300472685,2.15860527735647
126.249191540114,0.496065141241491,8.2860823923169,0.565561718481588,15,33.9798164216925,1.60979514852643,9.46368822286909,2.85856409746217
6.46445339621999,0.400095006831051,4.76992455752944,0.72527738900501,1,39.2545779522483,0.852805330602576,7.34837825896697,0.550278332449328
102.334488445447,1.95682155483469,11.6893836071468,1.03527745504528,26,43.574057654833,1.72746199788981,14.3699396746885,2.26162121099383
19.7462907055311,0.997902950422518,4.87015417021847,0.717565152925802,9,92.2842826581707,1.58084478424151,7.9071704580626,1.02303377416732
105.51166223168,0.731001284113066,3.47453062891928,0.396759284559105,14,74.5791648182056,2.88741805832006,14.2771393877648,2.47071743787634
31.2748856821403,2.18514206211594,8.1868752478344,1.50148481533559,24,80.6304182874258,1.34160788578579,6.38539580856032,1.17596285053293
36.0507513877436,0.608614943218715,7.14978806541301,0.493816041944955,16,7.2237015721939,0.339718731648067,9.64317316527805,0.933093909267203
120.39006448807,2.56896847750471,7.17208787776232,1.25200884635646,17,104.111426624303,2.14043009574062,11.9439966058193,2.72859183209945
35.8815268968823,1.67788932251906,7.52769475335548,2.019447032936,27,19.423504249193,0.311983979234472,10.5836880082739,0.653374403402377
23.3950144289635,2.45825110807615,5.09675515610739,1.00027891896454,18,10.3555541725707,0.543770633232604,1.67845930590248,0.406942086821808
110.57484078169,0.878670840280572,8.81365103864974,0.889785040697108,8,171.087625116519,2.09137907982486,14.5267222679178,2.76447969542551
15.5144764963367,0.51990748813451,0.710805509723847,0.31146909168325,20,32.4558694157336,0.597160425055582,3.50949084300142,0.451989279768485
29.790478339776,2.93999196937663,8.26648731727638,1.69507464042353,21,178.175588183641,0.917021739992046,13.9323214823349,0.91455742508487
62.3369366845996,1.76337243925233,13.7957206653633,1.39859159780658,27,5.94065396195582,0.311340950904664,9.98039172247391,0.677430865441356
65.1783688793137,0.821172833859465,5.85414663295023,0.684735172951155,2,15.4876184706125,0.719788561476112,2.57752181675506,0.494695531022995
26.5905250172156,0.551880138862366,3.52920212427061,0.403371188310954,21,17.3431280697796,0.439973309458517,6.38361357126422,0.933455310413177
72.5496092878365,0.856384493196874,4.73927444419356,0.756341251431434,16,196.549784080486,1.1955205131773,13.9753446633644,2.32017402272193
80.6417910937742,0.575609604643419,6.93451103278554,0.69774862998966,5,52.7784451715506,1.08209748021763,9.01612373476098,1.32892951210278
28.8399741272256,0.624422556057654,9.93387529857895,0.8594947242573,4,46.5449711189385,2.83215565117107,7.41259248258444,1.04927999181311
18.0367323085631,0.479419356282721,11.870206884429,0.838818931787963,21,19.1430612928742,0.358709692693226,10.7612230334127,0.755841553672825
29.0736552945486,0.540478003026677,9.99186870655066,0.924081110172136,9,28.7539390918339,1.94740916457926,5.97385556355292,1.97183285049484
105.494730237807,2.4021905482564,10.8449130143929,2.46385005232061,12,38.5017734370804,0.797615408932876,1.85560368380628,0.352457837217137
159.872553624942,2.81036095542562,10.3565940954438,2.20029712780688,2,17.1156932350512,2.43834636248292,5.67426995473864,2.22728108264713
14.9299239851541,0.317113237603328,4.18878818108671,0.608535156648458,9,45.4263244825505,2.21847622758708,11.6053567230501,1.52197572166659
48.0800204897847,0.687262214282937,10.5936827702866,0.737717488060182,23,20.9346305079975,0.779876415201305,1.62687220216231,0.357174087660383
8.93628751993541,0.409394429914161,5.30642269958075,0.613154508379934,12,13.941003986357,0.564312361846912,7.31658076113028,0.921032589131191
139.725100503471,2.76142120216425,10.0317423973259,1.12197639344212,27,139.253304435409,1.50467043818944,13.4000781114657,1.54163673490612
39.7988993778247,1.78955550730208,12.2312487960186,2.52058116942337,7,129.410837883485,2.25113125739099,9.26212594783816,1.44258978161712
38.6325082310614,0.621137374691306,13.0019785711487,0.887463996011165,6,32.8166447963265,0.497488600017446,8.38276257166087,0.620501848561883
50.2374847236111,0.986699971495324,10.1568006905655,0.854512854128896,2,64.2070801508937,0.675658370768805,3.17710217485938,0.402611722335074
37.4059994146499,0.513314109190455,5.98072034199711,0.654650364438152,3,33.9328415062848,0.874282964485098,6.75766596272459,0.616627507361055
47.9494624196434,1.99993729948303,10.3509745274072,2.50230130012741,28,154.297053543994,1.65255288712066,15.0728034690855,2.33975536441145
45.6255409395318,1.29869951286201,10.0524018922294,2.33595949436989,6,25.0294760977561,2.12412176812269,7.04400357469117,1.94246695229191
21.589143518,0.89792589693118,2.25414501662975,0.46431166526768,21,35.1990478675283,0.611591395764316,4.28483651089867,0.516144439504211
126.914821648634,2.00028067699558,7.66739780530739,2.88717355692561,5,11.4679681795609,0.366022060889967,4.4915643306497,0.569478731598598
24.1932336300552,0.454046250188763,3.06188635357211,0.352809268988833,16,110.992701947953,0.493231655149466,5.05709511676841,0.431753258449566
43.7363158049898,0.622544137060569,9.11689387958101,0.843427568157111,15,64.7169277354908,2.36875109349196,15.1491585805608,1.22463318281841
83.005364406926,1.21995821289632,8.36930643527249,2.17421057394438,27,154.75310322689,1.44120637606284,11.7304893742552,2.58299762117912
26.7478038610332,2.61325202945366,6.16538953113108,2.49056579386493,14,152.643436651246,1.25847332097588,14.7187348675202,1.08882077352735
66.5836431517476,0.763892662012266,5.9892343786488,0.492151765395131,8,69.3152026927386,0.639362882738551,7.00830304570693,0.500936642041973
99.3268929039681,2.06396820591657,11.1191553868027,1.12035596521717,7,62.0107727469204,2.29234066433994,14.8869026636514,1.53394268135424
53.065465703406,1.26278304068538,8.26561011171814,2.1207411771397,30,51.6568404058735,0.499719021171198,4.33727558736696,0.556525484894732
53.4794143535667,1.90860671345883,13.2671886110838,2.72301910513779,9,19.4494457338318,1.25411774596076,5.30935464195924,1.05643478863129
5.81191020844974,0.333801441085117,1.17711036144502,0.334870067197751,15,43.5019994573157,1.6856576734525,10.1880134473717,2.88134670170591
85.9879232047731,0.715062244343977,1.30613014719939,0.330455923284354,23,96.8900163893412,0.987510089332469,5.37159585401365,0.77418406611299
243.354222229543,1.7955413196056,14.9586517678153,1.43495033331469,23,41.7658825500987,2.34882481571389,10.2186713162545,1.04117694798695
87.9473339071052,0.849137278251022,2.71406090488942,0.380183917435533,9,46.8998792278147,1.89117261717669,13.61499594121,2.46882146546563
117.882030036485,0.984898771215207,7.72734423897657,0.516340071343403,30,40.7291280920658,0.895627566205218,3.85586917609134,0.664671869047152
31.378178860226,0.540218852190293,3.50620833224764,0.458987059415752,20,113.469063822112,1.92453375496701,7.84645432340107,1.05443904335316
70.6765313669129,0.983574005127544,10.4748996098748,0.863110653076024,14,83.3788149582874,1.29103154926632,5.50721356877785,1.28892564391666
45.2210838618415,0.622899606278233,12.5013589824613,0.843826940290633,21,72.8995025929964,0.83055502209578,8.32965032741165,0.555812366192476
82.776414414317,0.875195406105148,6.7856203156654,0.999429003859548,27,46.3926126882893,0.945728900776255,7.25629657298655,0.580531262509294
3.69934140283216,0.319723383794593,1.80725874446802,0.401362347205819,11,70.8514898530583,2.39550999742591,9.86250250612353,1.22863245047361
30.7656653657432,0.881824206539075,3.98687471749936,0.505606424826327,3,50.9673520184498,0.73241976607714,3.5851326996386,0.385437915349645
11.7540796016676,0.395830784673674,6.69232526858691,0.785391930125385,7,60.928441700268,2.26283055570278,10.133956089847,2.94035527473086
46.0038071248206,1.5608971154468,11.3651309076895,2.32783416238945,29,83.6925794374446,0.986707126664623,9.50439178254267,0.678375234715479
40.3042297046275,0.495177344030099,7.3555453456711,0.924436072778073,28,43.0441256855584,0.526293915810999,2.38662944303953,0.358455092819757
40.5233100524621,0.763729135099532,2.50655767962831,0.345946039461156,4,16.392245731444,0.437532907442406,2.15008022342141,0.413847757278354
22.8955621665157,0.629284543284369,5.99138088001222,0.979617988605327,16,47.2523294454119,0.456367386548292,4.80143107571739,0.438804477671223
8.43249414296635,0.476250929556284,5.01476534087032,0.72329853528388,17,15.5811328954724,0.445397558282469,7.1013856767614,0.73954685495607
28.6441346167321,1.25211048365764,7.81841371681814,1.16928656680268,25,63.6024524979104,1.20172700546047,8.0148816284275,1.80252668578268
24.264815835426,0.938770599138479,4.45058823290784,0.562166472085138,5,133.348885885109,1.12147714447599,7.35818895115273,1.22493930194978
59.3056592573013,2.61008139460615,7.27275175327851,1.98195258380862,2,16.8954226297739,0.665643201863102,4.25740687844331,0.595104742112714
55.4431377777112,2.03297659341166,13.7868168410586,2.30313906520905,26,27.6645721489838,0.425629281099448,3.48321510813179,0.370642252018895
64.0906637079148,2.91507435882406,11.925426952047,1.49641152027369,10,189.07542166912,0.833840670010939,11.5273982531083,0.963966841940541
171.887405964279,1.68014902333399,13.8947376609492,1.29118016510252,9,30.5596919452089,0.787470192040112,1.23232326074301,0.313400481930873
53.7553777737952,0.88893298564583,8.21782239242601,0.808928717434468,29,27.1571525360187,0.744013335098644,4.72335057235359,0.794748594353386
105.481799710061,0.475476753941995,7.43675939928405,0.51769167379065,3,22.3877722768535,0.580520618626455,5.7046670349983,0.562709876316165
24.7972747596683,0.462438327676551,6.90558547231639,0.57887123622606,5,79.4189878040588,2.77279627429221,6.95242413587801,1.47596453249986
6.97374139565656,0.365193081346556,4.05211686187127,0.535431168714749,21,30.9670441099363,2.70938336841731,8.61446508582718,1.70888508973774
8.3414848406684,0.306301491467198,6.86392773984501,0.582280642438831,21,106.525308520823,1.11581205997306,6.53315475329327,2.61453550280799
13.534531786127,0.34419255540667,6.77497951160112,0.717896814253515,26,18.3774926458568,0.417868419251238,1.939916455684,0.334117948706075
3.90087017171273,0.310904408378588,9.49742001933489,0.911921844635013,8,37.6633486520203,2.34158316687357,10.8463471406434,1.33724664235285
45.0238154638275,0.770878354400105,6.98245547557726,0.738759280166602,29,56.5594750479377,2.22757497910809,5.65367761957064,1.48194306917578
68.4643979026225,1.60186602063076,6.74095696329391,2.01746852246462,5,33.4499562068872,1.90700415523709,5.97900802155059,2.02287930926252
22.1906912001311,1.13028767234604,7.29300231572616,1.88175975792788,9,56.4824406906092,0.950891801756556,7.37563453890354,0.524971082155186
15.661820465118,0.406930070496259,8.97356984279056,0.726335302288095,23,55.0063007014868,0.763529542294618,7.17471806153066,0.853505921305118
23.7446635381856,2.76063553618298,7.70880664165456,1.57064044236208,6,9.40017281151553,0.347571977833609,6.79797634596372,0.527927936399273
65.2670720354638,1.30215089130676,11.833621391792,1.68548332252042,9,50.7571828536154,0.983864541805899,5.13026994985275,0.84882233498177
24.4663927322398,2.88676040677806,7.98608616666986,1.53209645236264,27,24.2157323699393,1.11608326873598,7.88640171746719,1.40952262398787
27.903027850305,0.99727561913521,8.68298512876661,0.897592528920173,14,28.1370170998605,0.877222475750847,4.35593644540847,0.469510134201474
29.1180087702199,1.23916398328592,9.79710355828469,1.50201836285764,25,12.0686472082446,0.677187096813068,2.40093337143889,0.481125153437687
67.5571642335684,2.62845542440162,7.07332245690828,2.966610396679,16,13.4664892215462,0.392605002603369,1.70625924679252,0.412193295767214
85.0480677015102,1.99223360019595,10.1251629665337,2.58487601817185,18,4.73730061060021,0.307116112041462,8.7596108059719,0.62685819312253
53.5470321811157,0.763635889154054,9.78866515927448,0.977729774161616,4,35.1124946473718,2.5935640170321,9.15700959741832,2.94181953871398
22.4575042706056,1.5716704199603,6.29409305781727,1.16275463621473,17,50.4349795630056,2.10682920753101,14.5809319950257,1.85233905295503
81.8539624854745,2.72743758126964,10.4988477945143,2.39512861048774,8,46.1069524322519,2.39967187786135,8.50931881209037,1.27767370874746
165.83447114773,1.72926252091064,16.680945970135,2.71134083593602,16,19.7111705179813,0.351148663357284,1.64320044982172,0.300970770139981
35.0543621804864,0.462643724771778,6.74951137263058,0.558323896383376,20,45.4612436423352,2.14557368455368,7.01977341685869,1.62528057090778
34.312657885016,0.472178759835863,4.9410923549605,0.826610656725128,21,143.65803623827,2.71969284024586,12.3479401888975,2.71671945171408
198.474874057517,1.88660452320673,11.8704955868014,1.42127433827074,1,103.435016554066,1.410163473277,12.0467166282303,1.62421496958966
23.3311865573776,1.50664005192897,6.07132522468841,2.60077392533224,27,26.305337017153,2.29683503051068,6.51925218440036,2.29410852828322
29.6099099263919,2.32213340793057,6.65744394605568,2.0490997045229,2,8.58233102170215,0.344085744500061,8.31877119304513,0.971769703880064
86.9381608043862,2.32227222199126,7.26433572827458,2.17895225119773,6,48.0497815642255,1.52819011249183,14.0670751742993,2.1616224084015
65.7829087513847,1.40039533115184,15.0585581968014,2.55972153185721,27,50.3936249490729,2.4432318474315,12.4530456457425,2.91442812899079
51.6234227554047,2.82983227401623,14.9432478712538,1.3195534867927,20,33.3809476839807,0.34617436816965,9.77835614227604,0.664144819167316
17.6865952874212,2.42157459786274,5.78295649776485,2.65456002258697,29,96.0657232063483,1.59474920750985,10.4708097682444,2.12605281443316
101.552740576515,0.930138317872255,5.76279908439235,0.526446550368381,11,56.9436915004012,2.63533702053332,10.6710922302742,1.26969217124867
25.7255458188422,1.66799218703859,6.02809837890785,1.55039942714261,13,28.959471359593,0.456543090417893,5.35473723230942,0.828572391684665
17.1590308626856,0.715838739917592,3.46746656052919,0.579256682488097,8,90.3621672348682,0.965812288554169,14.4385785143432,0.933849207552647
50.0284537225847,2.69179393436347,8.02519835355321,1.39669847230198,11,67.8498993520657,0.859691383116873,1.99846175750559,0.389682120307952
58.4983340919404,0.930989691927205,10.9420641661859,0.79514572281809,27,88.6359954374011,2.5184133316345,10.9084423446586,2.90734243511976
29.9296585492458,2.11450209808316,9.2108531566217,2.50118427459129,12,43.3041441862277,0.437449855091584,4.96721111315056,0.423058468589325
25.250809764804,0.727424856255839,1.20407608176842,0.347548674292002,14,38.1945111999177,0.982579477848697,9.38836531864947,0.814535749620356
41.1627103200865,1.7250791786708,6.45605673658042,2.41130355158504,29,120.715427644657,0.772659482697842,9.96538262791914,0.716191219197511
88.6634874487974,1.93628295571364,9.16263706530652,1.39188939521422,18,30.6706678417672,0.776832693302899,9.32144567285729,0.953739460492389
40.5331055651623,2.80136719896932,5.63200765454342,1.00601963882188,3,50.230155549115,1.8538069050062,15.3726918186149,2.85374404817282
39.3766650574326,2.62056516168364,7.7466002882169,1.23251931037251,23,27.8576346365041,0.812959693775887,5.66658491935444,0.960199577906008
50.2168912041612,1.56251685813174,11.5656806470392,2.18188167655499,5,43.0585588271782,0.814195143378137,8.10155876671938,0.771002978520374
67.8898529389562,1.26017922088323,12.330130756729,2.78894998422014,15,49.1998338446404,2.41998254633537,6.6162609611006,2.84680860482824
193.481164700894,0.937135643686283,5.69386289285241,0.446594643064509,12,38.8478011122885,0.87415519780612,6.44690068106577,0.613983422524182
55.1917887900394,2.60918785518117,15.3042178933892,2.43644276969772,22,86.3540534666368,1.7242192602773,16.7699680771188,2.24150688940357
25.60289762567,0.393905460810759,8.65997162266756,0.995029695877444,29,41.1399258618487,0.429113816538686,10.3849654059537,0.74214434450525
40.7249973751919,0.620820175557075,5.18725490128447,0.620541034683886,19,113.080760762047,1.61317815635415,10.7341593377517,1.25061134220221
10.015397224188,0.30783335349112,9.45733055900201,0.974492851486288,17,25.5690529347609,1.3723062241835,8.14629071321634,2.53983748612005
53.7889215929829,0.826082578245173,7.73749246942593,0.913976577161253,6,111.826558292983,2.5134513417586,8.21132612042242,2.95653150756299
59.0629876266255,0.729896251234618,5.29672197326853,0.561499092167394,1,56.8795883070388,0.926222939199195,13.3824045390178,0.912079775146741
84.3514034903647,1.45903073867813,16.2643178357833,1.44611702363531,19,175.974579482921,0.870206809785385,5.45995382757845,0.520198681720668
22.2597666616199,0.836445013214485,4.42300329792836,0.575994442041989,29,48.1424273046872,1.12784227717343,12.6338777405886,1.8052042872857
74.6439082148751,0.642678071758617,2.13990408400319,0.417822780209448,24,47.7967649092124,2.93225526188437,14.3779742419001,2.05445844140542
49.0812424299931,2.6000604917248,9.35429011273597,2.24871816207235,4,18.7638253165737,2.92062722977046,5.83745755857866,1.40325314121806
18.9586622301014,0.608441339335852,4.81477931554578,0.830448780398482,27,11.7638633985421,0.423068757118858,3.34950472622977,0.435141314287181
186.127425841552,0.802070973703024,9.51607976881513,0.664215850327288,20,55.1077686409206,2.27755504693151,15.2979833189122,1.22747689476281
56.031314156596,0.896536585351554,4.40587017374994,0.755171751811455,23,34.07525470329,0.944638478789247,8.28453683175057,0.859033545634256
15.2625517131966,0.379069513749812,1.84782994282559,0.322837166391148,15,27.7453465049611,0.920418658465205,3.25323029936703,0.418550259258555
29.3065063265398,1.68875620795404,8.283375692928,2.13711493142119,28,3.43950981387305,0.301273836966232,4.38689606708187,0.511441281787888
39.6808945739771,1.76706428912067,5.64989581765321,1.85196480200978,27,75.3880162054654,0.990088763093559,9.13486497306539,0.839511205720956
20.3159013682656,0.464124962005738,2.60633087487412,0.354232897350341,13,29.0355170064542,0.790293293156059,7.68353731165897,0.784037485721927
117.045541827189,2.27757905192244,11.6863388082194,2.21387517047534,16,19.1991212266948,0.516930740670037,5.34321536472008,0.684475331784817
13.865026217791,0.456032494822735,9.45997051085314,0.957648461862327,21,79.990891583583,0.88282466625501,2.65853074310249,0.425713240103966
63.2126877854116,1.62091972741098,10.8186912473943,2.76503212442682,4,26.0272261355188,0.460865172686393,1.28552007857762,0.30609572341282
15.4321768870516,0.434232560978131,3.30480946754051,0.375683304649374,13,42.4284763135102,1.73376968616754,7.5976835072693,1.67911715086452
68.2982966226982,0.796743914428298,3.49471495468759,0.372873257160818,3,57.5865532253888,1.50860623248514,15.4843597272201,2.54289741430131
31.0142771192984,1.42389459132372,7.9493513114981,1.50240737882982,5,118.891493571777,2.74777763797567,14.1705185271718,2.4572226663009
38.8210877642272,0.91243876057589,1.67874639371629,0.338664207283047,11,68.7263651266656,1.52330478840488,14.9864037461327,1.98696946873561
102.34833338096,1.01785098382388,13.4237072443347,2.4764122338465,23,73.9818232423176,0.928857424305676,3.23860758902912,0.502915195853651
39.383164812457,0.832293225527558,8.40340873483012,0.651715453082065,16,69.4626304679139,0.885020875110368,10.2534162518819,0.666601955702773
95.7866497598731,2.31308818099448,13.7630620320555,1.06460452930107,17,28.8915247901466,0.885390625460525,4.15016868815941,0.550652908078249
126.194161403568,0.986006377297028,7.23433269185196,0.705282922862125,30,20.1836051472813,0.424018254632339,10.0956516198432,0.919174615365412
60.0451476529532,0.923373889060056,7.78839697778563,0.628050524108807,23,40.0941722196081,0.49983641756499,0.85645906269292,0.30837271991827
13.7793615828794,0.375670425670867,12.6000250710445,0.775376506642258,5,51.449981114662,0.849587493487004,9.02673287789759,0.674549060445443
19.3586990504937,0.382244336356451,0.954787765269599,0.322609760788426,24,74.4218286539744,1.10255361488621,9.73637674822481,1.76396734913333
38.4458757167761,0.744327681040323,6.59804668085799,0.544086736613042,11,63.1634166257002,2.4756785860734,11.2592027140774,1.09184598556421
164.971536465493,2.74627343509388,13.4393993666371,2.63990259616269,16,40.6615204530305,1.9871805573273,7.40366767775081,1.6144864877622
11.7126698313734,0.328745137403591,3.42852329836919,0.401151562363119,11,92.2884812450227,1.99494420773472,10.807648528844,2.93706268431227
62.6592552160519,2.23002293749512,9.16514806495838,1.02299944762285,12,70.8038964058424,0.740619738198479,6.22977803888609,0.477014229303796
52.4504245527041,2.4027874294674,14.0142250112204,2.5970836924701,6,21.5037024651393,0.546148372197564,2.87707309375158,0.379320798494219
118.224342259859,2.75026171406579,10.1908336915739,2.3045915317275,9,115.379264873662,2.64229280848215,13.9505594349227,1.61776241035773
35.8298480433039,0.712763850788286,5.26550941292999,0.537565974164467,2,152.735017571001,1.16480178079402,10.0904403852941,1.00898546678194
104.589546861944,2.06425127709296,15.7757509116425,1.39439472655249,22,152.311735041391,0.65413762426927,10.7592971077899,0.68370951993761
68.3960889066867,1.53731284804544,11.861216664728,1.46629993550972,1,47.7403878697116,0.769844082112172,8.96639873773528,0.720601795001452
9.04226080397699,0.429803454758355,1.22699687840115,0.341202591349212,2,19.5485595715798,0.702675767142936,4.02390704564157,0.57483015142761
69.5433113830078,0.933566233006985,5.36615681170568,0.730986708861166,18,32.2255789251789,1.35021154700152,8.66987270888336,2.37749484140699
24.1959653159169,0.405949336928993,12.9527253555368,0.825441642451053,6,158.241745740233,0.907541247323673,8.79829673044281,0.722012245128516
66.8111573518581,0.687525676140775,5.85566178080835,0.707955231204275,14,29.9886613128166,0.706661983333637,7.07525609931527,0.696691947666706
77.6171286552615,0.815811987680011,7.39821520265628,0.560260735502699,28,12.2662200270183,0.52033518225306,1.71621704171206,0.400966989800925
28.4887737912075,2.65533114489534,6.21888887584184,1.84695487658372,30,40.8508113291645,0.877025224392307,3.01166206163235,0.399235453698657
61.4344960039352,2.49935667456752,9.76795492698747,1.94420199499082,1,164.954647186654,1.73790018509108,11.5916176591424,1.93044374659588
108.159121254908,1.73238210887969,7.28881943741276,2.43593301344963,9,32.383224519449,0.992803026891504,6.4309221280514,0.625716170928731
38.1111321565589,0.694623832215315,10.2256579479408,0.869642300622609,22,76.7798643729417,0.819787903895303,4.13513619182045,0.462803600648177
74.2056233882193,0.47178798994316,4.95209930767817,0.424182421533042,23,48.3876544763924,0.469623105993402,14.5158690567555,0.985964420928531
5.39458255018539,0.340049493523259,6.60370017785571,0.842469114440339,13,48.3651803179217,1.25168072121395,8.25321492299607,2.18521043226442
90.739555252603,2.65334577438874,9.97730531674841,1.07780709330813,4,222.092014496217,0.879670412226252,8.8410521435026,0.628985501191296
37.5725926653246,2.56891570367095,7.23148771441116,2.33104348308304,25,25.0822602842998,0.495587107804763,8.91029157548429,0.668806852394312
44.1499824797645,1.93314099798697,5.80240504307762,2.01280550737286,28,49.1738753462073,0.845180932021345,7.12071673825774,0.952870001377461
41.9555049750835,0.768087722883927,1.0646499740734,0.317627466106579,5,46.3783023001073,0.829028510936786,3.6302882423059,0.445742603925858
23.2495851150767,0.440161731210843,6.55224626107205,0.74896412103653,1,23.752107472979,0.51674372851747,5.23919710336335,0.75674743392139
65.7579234368897,0.715765484496971,3.76502492690975,0.521444005456956,26,24.7386112034681,0.841033621906707,4.44165467002084,0.568331191312774
31.2118250431576,0.880147896443348,8.24881021628069,0.967053745693641,5,24.9046326306209,0.524695524069313,10.0357169919315,0.888393275014171
6.81605122446763,0.347252326886635,5.50132376385143,0.495165657852519,19,77.9466035824505,0.809444218168884,14.6227600292867,0.970578058534624
54.5758540809828,2.30944015519196,5.89573464968229,2.1928494085223,14,196.067428331941,2.42095895143521,15.8033149593734,2.46451951871637
48.2545627984822,1.91336125692831,13.5091501938953,2.99778905225934,5,123.593008934827,0.56492523124516,12.9777465312346,0.947000794956316
72.2830794290748,2.40614076377222,8.23821208256427,2.53768884635176,6,97.131802646299,0.793348323085151,1.38515044795594,0.326949780044206
42.6890235597663,0.549853089942152,5.50383732978262,0.632347115595545,27,9.1813417080101,0.303590144437754,3.08217920078396,0.428019261090599
41.6828947071182,2.11935276169264,10.5979228386407,2.10846339521773,8,55.5171826850628,2.15668074566299,16.1360624864633,1.27157448965339
35.0753947689227,1.06919668010166,10.468324188331,2.45265115532692,5,102.963669402089,1.5849420088531,8.44244471463614,1.30801707394491
51.403010181251,2.38899635263966,12.5105748569555,1.29725720674136,19,26.9706811874737,0.835219216525588,3.68396308926505,0.468301635602609
18.714524872211,1.66748340997375,6.01572816164842,1.85179438504153,4,30.1355314480195,2.84415702257012,6.14583098875998,1.74496124015619
37.4967384867736,1.62789874071706,11.7675925796523,1.84763877547243,29,29.6542023014217,0.616851970472533,0.630033293773104,0.308866674090757
32.5139141611808,0.625006424274545,10.2167914959541,0.614975370256571,8,76.1619889545677,2.62432274023876,15.9072830867615,2.45478487823578
41.6217497551048,2.07607715238929,6.98760999848919,2.51980593879987,8,102.759702216965,0.57850685544983,10.9122509259427,0.777891985680974
13.0574661497802,0.372108278144901,7.44686721169443,0.955130362938042,14,48.5374936053499,1.65993849705688,10.5562680165632,1.59904747997683
54.0624503822872,0.802867560015253,14.202880973242,0.931895498060918,25,36.9661562570179,2.15461358150416,11.892305425877,1.63288393822942
90.4330070611695,2.448286605315,15.9298711959292,1.96149933083535,15,39.703681446303,0.701440020447966,8.87076477655235,0.649585718911277
91.6033228090826,2.22747809824662,16.6239326021901,1.60356304153578,29,57.8878755197819,2.26440828802184,13.3936844833191,1.70257655218361
19.1211640436037,0.797675432126408,4.17572245428632,0.563636558641688,7,40.3405972948479,2.1677901204478,10.158095456037,1.67586015409768
92.9420857049033,0.97403323463236,9.75304410956144,0.59751965260622,2,43.7707570868608,2.50591481574654,6.69867235504778,2.54002288493731
44.5907649322082,2.01063231852621,14.4555234731075,1.8340140608477,28,29.3254512597851,0.501650996969041,11.2895779137075,0.708265242831011
12.6961488960258,0.529714008928463,6.59951334619541,0.822432852596996,11,305.114669513711,2.26244015364708,15.7112395756181,1.2928530896302
74.3344360168022,0.776435259188357,3.22362933893933,0.506396057917439,8,75.8811881398856,0.500511562118705,7.7727003594268,0.670050551437441
91.6600897601892,0.900075127463183,13.0984995773999,0.863041940925766,20,31.7193416721722,0.915753579878553,7.24841253561356,0.688330965217015
29.2858694245082,0.87039118666959,7.45178249296767,0.702932091930689,22,179.974849275144,2.51621739808021,15.1554121124934,1.15812637278508
191.885176282432,2.40806188110416,13.8915219585561,2.32067447710488,6,89.5321944948893,1.59457779820979,12.1363252006134,1.4190662631346
24.4921165494767,0.881597440046246,4.28885418189761,0.674247274767523,16,8.86519624949291,0.386638468791427,8.57318399647657,0.98490504268063
57.4043827948797,0.781885295094184,7.78679456655809,0.573956742010219,17,57.7788683411044,2.06171206540372,13.4243316023715,2.89365281349826
27.4148273083084,1.95759356728767,6.16915022228725,2.34376536628114,9,77.6498709733682,2.64359553010078,11.366566213547,2.53161244563727
36.6012258355743,2.93957349897896,10.9893527164996,1.18081407735407,8,55.264869044267,1.04427221314883,14.4270261789316,2.55674646018706
39.2332997148659,0.882509268307406,11.7540450977862,0.95496150646852,23,40.0252567558167,1.94267919577321,10.204440625152,2.36805252960659
27.3171639871793,1.94143876837241,5.69655162162333,2.64561833494628,10,92.8975881156752,0.914507513509349,6.01028589193478,0.570873286175749
41.2103917270924,1.52612901017365,8.24946362722407,2.46267114086378,14,34.2812470837184,2.73512691737762,8.23702450023433,2.58313740631792
67.6111502327338,2.46372728652575,9.54048594757156,1.55681180693488,27,71.6506662995113,1.74056173308078,15.7794361935321,2.32862689778773
66.7471233102921,0.906187326748173,12.1680966202829,0.821909259625063,27,23.9284520057454,0.477274581205135,4.16936045027191,0.48365369980129
34.7931284074701,0.540393346867483,6.42756171673948,0.601364162407333,12,17.3204278828992,0.432777842311913,9.22937507307721,0.736497571081574
90.8071079362338,2.27408842441335,14.3375155766771,1.24641450989304,21,34.2881575107724,1.97526516482333,5.52146528514597,1.07122663954132
86.480772639637,2.08582176820805,9.75573260333293,1.040379990692,10,40.7790846933305,0.923230511361276,12.3194953265026,0.860111622109144
29.8434542690801,1.21195990656106,6.56087356890786,2.47067082803519,29,41.6944308312335,0.751337778141974,8.32928415727431,0.614869877396458
42.7561893145489,0.738813308775786,1.25983378287859,0.343060999529941,21,57.6570043123495,0.618691707854428,5.93603869870961,0.51665591959691
32.931737900542,2.60325581068023,9.76740624407794,2.06169418648536,20,31.5235552225728,1.09549454388397,9.39013895676553,1.30512339314946
52.5523921223792,1.43912180821242,12.5284394763404,1.26091739821274,30,179.372629682399,2.67510019912568,11.0480274676711,2.63521302583426
30.4075736745505,0.702742769157302,1.04665905971987,0.333531647477626,30,26.9848662798318,0.580836875887427,3.61591992480744,0.450745942919209
72.7066020878392,1.24863789856914,9.47410681993461,1.93848275771894,3,46.5213205890488,0.897002426268689,6.90833635314176,0.580923898836162
52.2896448654308,0.689822454094753,4.63919911437313,0.441756523025901,21,32.8555187894658,1.99455557189545,9.91658620986615,1.77832469896244
56.6002728100521,1.96201125178909,5.86158153926984,1.65567879388779,26,20.5937534941487,0.400883440725099,11.5259011139948,0.712744296666517
113.199538127944,1.06690664770786,14.7545110724859,1.88559799491742,16,38.1243997159299,2.22717195296821,8.04196043806846,1.35610845859932
206.689022729499,2.57826983688445,15.2599420278315,2.33937143443681,16,50.5908909479092,0.732714679984944,6.22118699717134,0.701302327598477
54.1588441333358,1.93660558861071,14.1086058358069,2.62818009777845,1,76.4282367494759,0.759207649611936,0.837798334132688,0.325736464709739
41.7935901927392,0.935240544778659,4.6776579315048,0.516119613768836,5,73.4036118370099,1.99324534367357,15.7884775807869,1.57782118707985
11.3478560803188,0.309336022732421,4.10724487576553,0.394440005094467,20,100.116006309469,0.639110196035811,7.5276009317257,0.895466126512361
53.3354974770185,0.702013220243941,6.79834983546353,0.863971624541612,4,11.8301421203952,0.370679706136799,11.1726131482767,0.880568807385392
95.0024925581067,0.946888397980573,13.4481308547318,0.884804907586166,7,65.9006703608702,0.671995860552331,12.1772640703987,0.993173338060778
39.2617139398905,0.681028223023061,3.51919005513769,0.481901506316514,13,52.0522474649247,0.913870163875016,4.08674891334654,0.70927243748133
38.9205751697513,0.959707229303093,7.53454714837129,0.735494478812676,11,161.439650380869,0.607814097686469,11.9649222873052,0.847215105944949
54.3184019218099,0.742405533616246,13.2799957349276,0.950480091465909,18,44.1761835921655,0.900299717635677,3.79987815291551,0.416580544608185
259.997970369558,2.31570220011251,14.454629007741,1.70019884449578,16,30.5697086123929,0.423391093540153,5.17781534528603,0.4559580053348
37.9832683361247,0.766865611245064,9.27436394367633,0.757425352115293,9,83.6955546488799,2.22602857028607,16.8516097600072,2.55490059866633
93.9449912571084,2.50562895354855,14.9795793899633,1.71275744648005,12,169.035848378929,1.50352812260339,16.4066550318553,2.77052588774337
57.5925756221316,2.98205044218896,12.0053588182107,1.63321076792488,23,27.4580877003297,1.56073454566743,8.53013460933631,2.79104961271287
23.3925350814222,2.4483907519144,7.37525484304059,1.83851302171852,24,17.9009106772119,0.455975436249259,2.78080675324477,0.379765924432809
47.3147539655321,0.883471830347811,9.73396594593082,0.655099089084274,29,138.453367458241,0.851491236338547,8.36523152483999,0.926007391562044
68.578520381906,2.01454366498691,11.3524342456818,1.62154680373633,4,48.2578741792533,2.17069072910904,8.69409273891023,1.66989069576652
27.5876793282013,0.606667260726621,2.11611276814509,0.380222132085323,4,80.1063677159056,2.16778595658744,16.7175620007392,1.68899950148025
123.937962327242,0.61358658140822,9.02051039903518,0.59263935658982,1,72.3891519748746,2.83055284356729,16.2994832444055,2.5543497011659
73.1147717232466,0.839580128268218,5.48476527142247,0.598142509174861,3,47.8191335606633,1.45665078670499,10.7085546250187,2.55504615060755
71.425998930301,0.890248505538475,2.87908982763722,0.444191228016412,23,23.8150434123926,0.446730203814692,11.8829961709935,0.774586791857157
64.6590998111595,2.76119655888088,12.1396886415967,1.91620139664337,14,44.935953420036,1.41073883360636,9.79456043341591,2.18839378491301
18.4231343995448,0.693223244323032,3.52898035431487,0.513032014250475,11,19.9116461520681,0.387359104205684,5.20695075240041,0.583801361447049
33.0793434536334,0.703743768983075,10.7539291129372,0.710101064933086,9,74.1453247662954,1.91020977446211,15.4036260974578,2.43070062491805
24.1388763896274,0.523690468478643,10.061392286637,0.632563433858285,4,12.6471029624858,0.563641264810394,3.97059927501997,0.606549281864838
26.5039831238841,0.558812247757162,6.07799064937727,0.485694790800297,9,63.3975873032455,2.52758272305692,6.731743219641,1.49481883958835
290.833325826487,1.84293034720791,15.420964917921,1.79446897714049,17,35.1021289958232,1.32135768824157,6.41224404302803,1.52639722270643
13.3492597829544,0.468215381886717,8.95844502246065,0.803613526654094,4,8.07039208294459,0.365940411994644,10.7972576106964,0.946115419482866
22.8338866629496,0.5304109729062,0.568763622936996,0.301958721710786,25,33.1603305936681,0.611386010517453,12.9874613088624,0.869733094944747
43.5071416929939,1.97532834013829,8.87165184890036,2.61811521638085,9,26.6023740003751,0.784268158851174,8.01215400377112,0.703657027927978
57.2248584026587,1.42565417623478,16.2771304321439,2.83419219323549,16,56.2891221630209,0.874320620462555,4.83129357294171,0.517201593461235
31.4029274269957,2.11029195706949,10.0349632858587,1.95269821175238,6,3.06473539584112,0.313429159976608,3.45726003395227,0.581604962792968
22.7915644566459,2.35366583659884,6.51641744386513,2.57989679971018,21,29.5290999407187,0.972265825279705,5.05933025897156,0.581651147047494
80.0931119821863,1.90129197240124,7.66022626057524,1.2090604764027,15,53.164364588438,0.60356691732871,5.30053610428821,0.699331497742643
62.2023985193941,1.19053613284687,12.8912221489227,1.11325834537078,5,30.7119831738472,2.78446597756937,6.92296079251726,2.50934152436048
56.9103467514364,0.603178269275033,10.7836562152964,0.869219829155539,14,29.5637859547145,0.680679774014498,12.4876839687977,0.995829326933879
150.992527269907,1.33554336212346,9.47028388322188,2.28750105614415,17,209.360496466122,1.79571566244261,14.6378653448787,2.60757541653878
38.6327716902972,0.950528505381179,2.78529644540608,0.463926910102499,12,53.9136896212727,0.904340697793991,10.2393789608336,0.829178620116465
52.1620867509964,0.347843537155056,2.42304755288363,0.33447576131821,29,23.3459088287591,0.921476200946417,7.86796837232886,0.967626511268527
72.5642457324322,2.32630304843643,11.7167821363141,2.24506777473798,27,52.5339330425428,0.806100966992947,1.47181682140356,0.336057884571328
32.8153268370049,0.460235685754965,4.27653632104176,0.39895072561452,29,53.7624927070487,2.58367815589385,10.4291626694167,2.73182016464134
5.93987315930204,0.316932696164179,0.960326456468618,0.339275628802454,15,105.779446774114,1.95504002726224,15.7505028244113,1.83471348047028
124.277064194451,0.770905542404362,10.3763529982213,0.812108080181554,10,53.0974961608908,0.590914184306876,4.67643422766976,0.500681095307269
31.4697073594923,0.552483949914858,10.8699244463114,0.932173608415311,17,192.751501720015,2.43701350307354,11.1569449074064,2.28639918409419
108.436696081819,2.89545991198634,15.0525509666237,2.56561211560494,11,58.1565754614776,0.493483371389799,9.44396913195682,0.729578441665286
44.0937274603004,0.539024467760771,3.483576127441,0.414594392359404,12,67.7800636916845,2.3986469065703,9.15301841898378,1.88987710102744
21.373295056671,0.998370879520712,3.36642370260527,0.492720589144985,1,7.25403161094964,0.352567895560405,3.51029765869444,0.510211154279437
73.7653954446453,0.946203938028666,2.1031486018309,0.336813016509731,27,26.7486249923835,1.89505940174928,6.52400707346646,2.98315014523023
154.88255914028,1.79533196255011,14.1462964042954,2.59466379668175,1,38.7917313474873,2.32830520625756,8.31261783110196,2.57713861344497
61.7743105464371,2.66680649169661,13.0421730814962,2.95475785358608,12,79.7636373436572,0.706152932644239,9.09634993918346,0.62384980239551
25.8108779243941,1.54203724781602,6.45661873018776,2.9846522885209,23,28.9354737236221,2.66251050564674,8.22349129807502,2.87546573950858
44.2988563266249,1.82187859814029,11.7673718480781,1.25452086501616,26,47.6586552774808,2.63378791071685,14.7723517466749,2.29896851283458
61.0010986394203,2.73969165056912,12.5395454193389,1.75868892493854,15,75.1210517214585,2.65286703721449,12.4648428365838,2.40586430592321
5.05498176823941,0.305559757943506,8.00037239246254,0.621154358278612,23,46.3207099548007,0.852286456490633,11.1764786342729,0.713760721732309
28.867589664104,0.406788975335288,5.04340885353,0.621053816639414,8,34.7106717381667,2.02443257067081,8.32478140691226,2.20519370024897
37.2763790551626,2.34844353676086,7.48663892431037,2.26529304451966,28,20.0692576305316,0.501626938707559,9.87740364761508,0.892823847241948
30.3473807577391,1.5448702086402,9.75144677835588,2.01319389502877,2,77.3990089209659,0.793533792113356,1.83320559582045,0.320433992838881
26.8961648224244,0.506347563889125,3.48054906625381,0.541611273032269,10,38.0841988500826,0.768248593367459,3.28449166083623,0.40996956854886
32.2279109597286,0.997966063588279,6.07278242623307,0.744475159607267,5,28.7174538107497,0.850100088456341,4.63702080387912,0.837271371892323
16.2154855449806,0.332630581380502,5.72024522863065,0.560045438976792,21,30.5757586267649,0.552452025998748,12.4701983438145,0.878105859081712
44.4747228097564,0.519731217228898,2.60764535474572,0.431560543878872,14,25.7600802314815,0.852495141530715,0.867234967164727,0.311022039047999
181.206217066185,2.56607656393548,16.9121500118861,2.20885965677739,17,19.2873295471641,0.374759014654949,1.68528155117927,0.316995711276712
15.2148438313867,0.363220721668098,10.6902306200971,0.739320864239155,15,53.5417865726096,2.93523085653194,16.7057767933543,2.1761768073732
70.1655510102442,0.978054977901614,3.22641521351207,0.372838745347956,26,41.3520499340611,0.550908003502747,3.49630075112394,0.408391620751472
78.9219235854822,2.75766031380274,16.4933011447707,1.42163121740046,30,114.511684249774,2.57060518525625,11.0095055863403,1.98305540703715
26.4592370801813,0.669128544747435,5.82263471855979,0.981446502905764,7,60.2154315419746,2.52743946825302,14.8280991734278,1.23651592316179
13.7562577981642,0.328573528325405,12.3748650387271,0.931702332346383,17,179.995872712638,1.86566810646582,16.5280307455125,1.67515722121259
61.9022967261683,1.61271297488239,5.77599211505555,2.68805353526129,27,22.484314739833,0.919199580959968,3.49040988462933,0.6135716045893
152.903070973192,0.744114111322943,4.57928388299564,0.404831821099087,23,48.2650515948018,1.78202936332448,14.6797938551586,2.11266754747308
89.7273283575893,1.7955298905445,15.1697039723652,2.89540383659231,8,107.844768784013,1.45104869173325,8.13544859203042,1.69853857122211
121.337226853294,0.659563130008469,13.8243049310963,0.857001128430496,17,113.85429865785,0.545447481354739,10.4201644310554,0.649757626724815
243.101634724148,2.00474843952536,14.2298896145831,1.94544171460126,12,94.175577872504,2.01494957155271,13.2021839120635,2.1854875596197
33.9336166328908,0.529464702112345,5.78666428930903,0.725636506975527,28,24.7747059186463,1.14508639642843,7.71737580481633,2.48807174972773
69.7057783525495,2.58125070954492,7.25554973392592,2.65270983813028,15,24.8083911049203,1.3556417611598,6.42663528514651,1.62568493677493
80.8122566002268,1.84113451831651,14.3006249775891,1.8006803137583,24,18.0596841386429,0.332577183643001,10.3827815111058,0.676578824644255
15.0400429405786,0.464854001876504,6.51680459492327,0.838272153578972,16,37.9582847233025,0.561740490904896,8.90929251381523,0.742154824515691
157.8676566113,2.06972894988439,16.002463265471,1.56474968633104,17,65.8683118121144,2.14946089577059,11.9510201795668,1.43871865611405
47.852607339031,1.48370875716002,9.54220326420124,1.83767655721843,18,42.2074330364478,0.342684149100488,6.36297880819925,0.464087052892352
65.4889635706495,1.6594200320588,11.9798671448604,2.42381394251124,5,28.4732680592367,0.710412498063243,8.83208745684805,0.686948003503735
39.2436218594112,2.03084814277074,7.1895143296537,2.27939541242882,18,63.2763677092874,0.937850335731542,6.11870367837964,0.728037634254
107.975491006779,1.12250713122109,10.4199890098489,1.17602946123214,3,128.0413981598,2.0249153641009,7.02705483046905,1.92816199299795
42.6940217967065,1.96675265909001,8.99140743881021,1.57804364090838,7,53.0788755681544,1.69232521410074,8.74292857343586,2.63038583408599
182.835678909919,2.83350634511709,16.1943805868132,2.74925112244192,11,80.8551817482473,1.80839867467868,13.6767677917583,1.83364413794819
26.2525690533858,0.530148400807118,1.97061560457149,0.384825682903168,5,65.0364344058049,0.930790687236389,14.2190131406815,0.930083303552441
90.4085514668021,1.85735680985598,10.2120668520121,2.34918776825972,2,100.335726639283,1.88591865308057,15.5391503226959,1.30080708848063
18.2782917819104,0.409841450599874,7.52353550090167,0.971413116950544,1,9.85532042532811,0.322874181966067,5.69756730233882,0.637491970310719
114.971166217272,2.49402168311,6.23215348691979,2.99879439187469,25,30.103433288232,0.536622384149541,6.24815083688442,0.61375817353875
43.245776379317,0.587140134091941,10.1853469452969,0.783544045174336,25,19.8743730052787,0.623195897031396,3.71900380723694,0.489763872855572
77.276153747221,2.02581806192428,13.6587630350855,1.78912783555288,15,34.9598686542875,1.45582920767665,10.1095444701124,1.51170094313252
128.989663842723,2.64036416539557,12.1937823241163,2.22670206585974,29,39.46446911894,0.607327206605573,11.9929428806115,0.89109932020307
4.87381193420018,0.33885685139379,3.04653404460959,0.521468970051095,22,39.1908897973778,0.859928963717142,2.19175908156283,0.427627041042728
111.99483929421,1.6027154226634,11.2054623395173,2.76564626753343,9,26.6538816249617,2.22389702245606,8.23644895367444,2.21905803881207
139.418440983332,0.631683833361635,8.38478915427407,0.672460674302478,16,34.2079098759085,0.684110494810289,5.26678878927383,0.692873174793816
34.3341101467996,0.846575012114328,10.1150733892411,0.883490975940316,2,30.3233324801777,0.869101081216225,8.50323596154231,0.994091972446183
50.4717205280861,1.57299128423227,10.0338613847451,2.78116395177114,26,112.27099643533,1.45056099164306,14.1697224597536,2.66316924443143
9.72800254062077,0.351082100283362,8.84739861006576,0.748700631349239,28,99.3173527560897,1.79364250412809,14.2671776656296,1.06614355858028
39.1652009661053,2.16230367873355,11.7197375017649,1.57684376617531,18,29.5461817460223,0.457863507954685,6.52287850011307,0.532240677696489
104.053671558254,0.607207389738772,8.73863354442275,0.943723361183663,29,119.503231571204,1.7651602341422,8.54109403007492,1.68182036152801
37.6626588833927,1.96552978173356,10.1548803543978,1.53498452942543,28,13.8178214185616,0.384038454774951,10.2982208846208,0.777025968668912
30.2864031151445,1.68809172791151,5.85409816896649,2.20615051262865,4,15.7245273833038,0.365015496152075,6.86954066304103,0.557505649492277
109.882613366019,2.7069604808585,8.59970544738808,1.28484155812447,3,22.8380149515692,0.353456975312137,7.69756424019554,0.973057198949598
43.3202281986667,0.76283682518744,12.4975160497469,0.762793107542672,4,275.855138918822,1.55266229176151,13.777227679006,1.06337783831758
19.236527446736,0.339881737172611,12.3587857312564,0.986053669873942,29,42.0531137725342,2.17425002507558,12.1102683116518,1.19731021895563
36.9118865028752,1.14310491507647,11.7658338427241,1.37602017569912,20,44.7903514996607,2.56777493060242,7.09398348632138,1.51167743060487
27.160231396972,0.627037814048491,10.7807892604484,0.758387280197406,23,46.8910684754976,2.14230019639666,13.078182113676,2.73694432231934
30.405007338155,0.746464585914691,4.08596238519689,0.532408467333802,19,73.3252628040629,0.695686491432275,9.59114819287355,0.762901797248064
58.15784225819,0.787238074830821,4.36081090626667,0.566984994789118,7,81.2351775723034,0.835271627460037,3.4541926453494,0.374891202368907
91.0648510210276,0.844860187828058,7.78595225585966,0.569187364967132,12,53.0450878253064,0.569353526701899,7.18956557063021,0.553222313045978
206.853853113073,1.86667638061501,15.8820644795834,1.47177507706403,6,31.344163580436,1.03795030932933,10.6675680507176,1.67209529794562
66.1359062953882,0.965225353061178,2.03459534797644,0.336476389790295,25,85.7264496582674,1.69026354300303,11.5397182059591,2.36517968231852
44.6371553042692,2.78553031307971,11.9858926403032,1.91637928944389,22,69.4340925891248,0.946561226852738,8.56581089281016,0.803884546814869
85.0782744960328,2.28866102940462,15.6672889669388,1.71818163250144,9,12.1554477832048,0.389552912212187,2.51111821234247,0.378814988077987
36.4534567185012,0.840184513945511,4.38141140504279,0.467967299226591,29,227.491516265594,1.56659964777629,12.6897085832746,2.66323134991018
90.1011601799412,0.567418635584772,1.95381440128587,0.361434512033445,17,69.3099018543571,0.898766281249465,4.11231871711519,0.414794340423873
23.9520731862437,2.57997330157646,5.86140410433206,2.17063350996771,10,86.9446187585358,0.798480211213361,7.37043871899301,0.610381142287467
55.6286478451643,2.69273097581842,10.8898256518139,1.21334241204528,30,103.702132485239,1.85479906711808,14.4207407674009,2.40849870520517
163.617908219307,0.90157434206548,1.94482385700392,0.32611040111999,29,52.6949667471416,2.37982729152593,11.5128547392754,2.00425376726667
32.473561151721,2.24613775637983,7.60822199411681,1.35621866184878,17,100.998944012716,0.720012050925911,4.77692005466012,0.584779913891634
85.0168470588034,1.78957526762797,16.4840474404901,1.43145455124398,20,22.4779352533821,1.73192231450679,7.03050819538881,1.30446573265435
52.1526505160587,0.876003894578336,12.0979161517704,0.84208953725256,15,59.3714797247534,1.78068506230831,9.79280441584846,2.06657943395514
81.0928010984401,0.612657726499674,7.55483380648032,0.522649863214455,5,147.971718376961,1.2790982663367,15.8313350487664,2.88782947482863
11.4746894060874,0.500390297511512,2.55918913796661,0.420573755754596,20,49.7722482696216,2.1227432834014,13.0047032982205,2.97260239148194
134.957285896699,0.792557542740439,13.558123761914,0.991350309183133,20,53.6641867832211,0.811185956429603,10.0276308062692,0.736787368793975
47.5394984247899,0.919858819699837,8.32970580039691,0.982512647997681,14,55.5616156299744,0.828094789639844,8.55196361345413,0.715253598479054
66.160138437909,2.38442830557131,11.341461270631,1.83059040432253,15,11.8068274801774,0.364130344717525,10.034556319382,0.835981411254617
42.1773124831646,0.724018486110259,9.0702997788266,0.765501597651704,10,19.2230065750194,0.449067376244862,10.6655281434221,0.684502105179859
43.5578591798477,2.18947091037842,10.5070416469719,1.82015350356964,2,73.5061944721694,0.785620354883272,8.1744157687167,0.541898911907028
43.4526721438987,2.27884092849803,13.323712625887,1.99182275057504,28,128.548876969001,2.89596348519458,12.6200809925624,2.604395547691
25.5641258454717,0.441594251340468,7.38543462343015,0.611005691130166,17,17.4123927816798,0.681659633628856,4.76925883555196,0.734834214411906
23.8202557272815,0.640798146164772,4.7035707588637,0.538436306615996,27,69.5623176575167,0.667961799595448,4.4547176159347,0.550245713156622
98.0860909800147,1.01082960752468,7.55858895376587,2.98504901983411,7,64.2622162826531,0.557824936633595,12.2940440308797,0.738144644821376
183.675511563558,2.33570482588315,16.4409302260001,1.43898568830189,18,144.770601774413,2.33719884477444,15.5451646335772,1.69353760253575
167.005986245494,1.55014523243146,9.50487271994586,1.03236808262,20,21.0147448413612,0.41355510345363,2.06877933610219,0.432106777325065
50.5146499300304,0.901694772648208,2.70194365342151,0.346967671479699,18,77.8718664769568,0.411704789332881,7.57214322235001,0.508647301860713
44.0741862852645,1.56070460695189,9.91147744447252,1.62973819927877,25,19.9909197489081,0.638297081357399,1.28823597444273,0.332806324587561
25.213486463662,1.65021998989988,6.09624223368412,1.87367930286577,12,60.7942908309527,0.713804869794472,13.3553357844605,0.863502039996267
153.454981999322,0.714461303448144,6.34527224786221,0.477772509438173,14,69.5159502557529,0.477325601735837,6.25116707784095,0.537001763534154
171.687899806231,2.60866438452945,11.9907386569527,2.70088823648432,29,52.9619730817859,2.38559637095197,15.4176024414209,2.10766240745587
93.4387406933262,0.939646652517409,13.1576809749633,0.977728059624066,3,39.3978078447952,2.38663543478723,8.1847922212481,2.49572416260766
194.879371099841,1.13673497971273,15.5834539323507,1.10872212014445,19,31.638258062266,0.362288189245754,6.94896239525969,0.518126196439612
180.469893097801,2.54766095294617,13.3672294210169,2.78443244510761,28,18.7886718605345,0.637826995353603,1.94975389765786,0.425638625130207
72.7991012599824,2.15118480335329,16.4945186791819,2.86590000497488,12,97.0348468631708,1.03768341733019,11.5026183742515,1.94168045964064
36.1008259670353,1.69497018444978,5.55419759064906,1.22331506509144,4,54.3936766840714,2.26322750721166,7.11654273070224,1.25038143415494
28.8376818147181,0.392404679260658,9.9923665783878,0.702770068637762,9,83.7315492500161,1.10437858587982,12.2086562348132,1.91268346535483
6.26051101625747,0.345602828612415,2.85602113213644,0.528829099467216,11,26.2918850630155,2.44874616697415,7.14318277667144,1.70563630636372
151.976971361869,2.92421259856564,13.2008674978417,1.14192732666292,21,82.2147485886902,0.687550653643001,5.25601688670676,0.727495251718603
10.6113879587634,0.443425581399189,5.61408196677264,0.667760527924938,7,141.938182103696,2.51343583339842,10.5798130489982,1.84623119708128
235.724341722385,2.43391927209108,16.6542703793354,1.79478419936558,2,133.080723570042,1.75682700658733,14.0529111539172,2.73484205830207
59.9171364144976,0.559957027265003,5.58385575859263,0.654206382124469,9,40.1758339656859,0.384498054083853,10.5985818137148,0.694162139433023
52.1287592924377,1.76954154665341,8.90439040719484,1.21800625173727,17,205.582999424663,0.903939817261194,10.798422075603,0.725030866827557
137.721392890832,2.17340852042351,16.6884655678491,1.80635184881692,27,122.145347200189,0.906785765747146,1.69557423409561,0.329404501771411
106.941786841499,2.95635889513039,10.5254266051285,1.32935895359383,8,27.8343435717405,0.5107484839229,7.10057586482716,0.687022848532314
77.6275249366519,0.594634388736421,7.233998843951,0.624530079307383,30,46.0957178213252,0.78281604875425,8.5114788849234,0.631578998094446
19.6511266473598,0.437194642294892,2.58262310301912,0.34199136910153,19,42.7722071353893,1.49541932597668,8.5206805649345,2.6123963459535
192.520905370038,1.29460159906976,16.2278310031779,2.37732871200219,8,50.5245829710026,0.371685202220231,12.1283277364208,0.725316807052087
49.3320869956611,0.638677278759961,7.9824147471347,0.530685237823089,4,65.8375740124544,0.685924151683887,10.4237211004432,0.773833356729517
27.7892282352038,0.444844235013046,10.8429889193758,0.665282205824187,4,16.8380111810643,0.418677428123735,5.65728364698885,0.452411597245871
118.430140822285,1.83666510676763,14.9747158881944,2.11770800350073,16,64.777549118963,0.839613671912337,11.2351682517984,0.954585414437749
59.8856029220094,0.841001226898594,4.26665207474769,0.698552043938369,21,42.4465808565805,0.78580045368289,4.87557648436205,0.84642407731277
31.3807194216804,0.778371258863766,2.59839419634201,0.377638603820227,4,55.8221380353404,0.818386025045478,2.62025570207989,0.347903656536514
39.224143977737,0.79241782556982,1.53677203425394,0.386631544271936,8,112.75843072735,2.61354021910167,14.72569099803,2.14541992057277
108.62694182292,0.758379726442821,10.6426785379573,0.94733194552935,18,61.7638999723138,2.17510313506392,16.3534433096354,1.4283804091099
23.6117095946764,0.591288523069034,9.95097344494964,0.911609509165593,17,58.217449984744,2.59597846050408,16.3420552112355,2.11969209821283
8.41581257775878,0.422068748469673,5.74474542380301,0.712379560897303,14,7.7687705830611,0.361801201789324,7.25840976164703,0.86245373546754
67.9214870947135,2.74202792889749,16.3456671331334,2.72961025808202,15,124.258593785735,1.94320135905447,12.3196682180292,1.65092590370082
63.9689362663134,1.88508660444707,13.8420749664205,2.09210480618845,6,32.8627976597645,0.97503324959812,2.18364502675808,0.429566796896671
40.3883585114765,1.10157466487672,12.8106678814111,1.07715107120003,11,46.0015135852701,2.52615559106494,8.71184870900741,2.07114652588453
22.9352393705548,0.462887069986056,5.82351724422449,0.975653560123161,20,60.6921561940983,1.86576287925073,12.8001392382316,2.32820229024419
46.139688752059,1.65147365759227,11.763707934153,2.53548886884213,21,12.2653216506471,0.361067625618498,6.55966642269749,0.573478423783967
48.5723372401013,2.485038175463,11.1503083410699,2.16028700631568,6,108.121010414749,0.868961535896915,6.88872501004802,0.527485386312855
57.2092392296799,2.51965034967311,16.2332707603053,2.2576967232433,3,59.7816126724496,1.05034784895559,13.2318306752605,1.63261830524599
50.5216638779005,2.37986068814568,14.3868461003513,1.28469015467735,15,54.57317245683,1.25020108424888,15.5424663927934,2.27246757163464
34.3810675964088,1.62621201244144,10.7726548185214,2.52332306764927,16,28.7619807185158,0.617555683138552,8.23489052960736,0.560641822432041
50.765724956765,0.730463386105814,1.71017225917347,0.37371031679692,7,43.2350797777943,2.13261823887947,10.0648839389347,2.55692097625218
36.2522546903038,0.746670302529898,8.600089811204,0.820119981452834,23,21.7737537113193,0.856780442609289,2.80532610432256,0.462906952605276
79.2182470796383,0.808561405697444,7.78976694660541,0.716456541085017,13,52.13390618319,0.648030563613339,10.708022438863,0.958878439082816
48.4155098200093,2.19847253344582,13.7427433854186,2.40619862470192,1,92.9690660422584,0.79382023442515,7.47123771888817,0.712209191445732
44.5610195276089,0.504244939363655,13.2822552375564,0.959576834796983,22,223.017535881205,1.82752905357029,14.0933460323227,2.5556771997623
11.7180133522918,0.348197114288321,10.4749058224166,0.887346574058403,2,27.2751728488044,0.650169185926831,9.82807709226534,0.991860766123752
40.9752452274403,0.737667736682143,2.72347656032134,0.458410164718832,28,68.5526255228854,0.997576557495335,13.0686883859677,0.935974686831982
17.1848636432227,0.569293568899328,6.78712968729145,0.774982371991294,5,156.066332014509,2.10656024917225,15.4919505698345,1.66279138083134
19.3103248451439,0.655577839428492,2.88709891451026,0.417764821490517,6,5.56885089187247,0.302619458945589,2.51394834362775,0.342044008376178
27.1292266282995,2.49574950110854,7.58750154117971,2.86059569454135,25,38.8821439429622,1.448854335427,12.7468283856475,1.33234492771681
89.0208378865164,2.30127396825332,12.733947027966,1.74665286581565,11,66.0389910788327,0.581697621497108,10.0640363066051,0.924863233937353
65.4895900810501,0.808921455299191,5.29028172217902,0.622550991212627,27,73.9809102696162,0.855136550697446,5.16752592168697,0.739279492642139
285.632221393664,2.70950651285924,16.50161432457,1.72011922314712,29,64.8559208085783,1.58382144089322,8.27772102055459,2.9395410425767
32.6379082004851,1.97730830776092,7.72061965472188,1.759677893516,5,46.2850377691967,2.94711056029935,14.9075528820046,1.52376438038527
99.9169432581306,2.34559597330466,9.72341854276809,2.25928500983548,1,51.350658297088,0.923523454652608,8.27271376500115,0.841952663894404
49.037483916292,2.75877967114058,12.8618273335354,1.89568050739098,10,196.930032234631,0.863344929668123,9.67406212326335,0.710405702125748
9.45791173192061,0.400949816177887,1.79119947942414,0.337054404656322,6,31.0526764537171,0.560448677668598,10.6555791537099,0.837056174005019
203.068394832863,1.07376609494409,15.4880854505609,2.42469844631871,14,32.2788405358806,1.6379565603329,10.1438667947913,1.31805522136537
40.5716132773039,0.50910875497307,6.69269651083141,0.605755052234145,8,19.9980691227733,0.475514256836455,10.179950774974,0.715013995562475
97.7001628940172,0.976948807593913,10.8314981523001,0.742620345881388,17,127.131299037178,2.35833191484625,14.5700754715139,1.55112302820803
33.0124256513931,0.541384401667005,6.40962441386335,0.932028726186088,27,77.1003055011378,1.57149219227101,13.1931683768233,1.26552445803635
21.3306911351158,0.559741386239777,6.26291391560661,0.525606401237672,28,16.954776759083,0.395617483066116,8.24359791101379,0.590336860293769
178.092910769249,2.62942834505554,14.3665188993941,2.88204459047859,30,13.898707567026,0.517730320253203,5.96954412826544,0.676272859744598
83.3234669147621,0.860395882008225,6.28285390092583,0.888204958379337,1,55.1068348452664,1.13492698165042,8.79555857167794,1.19774543282112
33.0624114886448,1.09240286432617,7.13417128637712,2.51626874681666,21,61.4891687114639,0.947924152048374,2.46634643371327,0.333475231496168
66.9573589422617,0.815552761776637,1.55148428192909,0.372839091550716,29,28.6062980304485,1.73488621888465,7.45955925111547,2.96660778560352
76.2951709286732,0.937692983874968,7.01254107582046,0.860532838010073,13,65.7995818026357,1.55588718214288,10.9073143801558,2.47336931943783
50.8161379617871,0.70225983071097,7.36615368391627,0.626178772370376,16,28.4772604874205,1.60179772680719,8.53444928620599,2.34018926458679
17.1414400601799,0.646671458658092,5.83014483617691,0.685655193943074,14,57.770723787904,1.59755178856985,7.08726590700729,2.37375583308608
132.729389265758,2.99976370257594,14.7550660409893,2.34892110962156,29,239.538191408962,1.3448408016598,16.2386164063884,2.10836794293896
236.073137768787,2.14970368289597,12.4868337256357,1.01579085581926,8,38.5181450834007,2.13186612952631,9.18282807873076,1.4999819364819
21.3224416461133,1.85424101086613,6.82035908025187,2.21028736219663,4,86.1698859888758,2.3432872398553,9.79561584682738,2.09390097972709
40.024494117092,1.06009463880533,8.2947092134745,2.5478996935377,2,25.1649861007186,0.503666211838949,5.33320506271969,0.945550942241263
110.134202312246,1.41418623029057,11.8877197185606,2.09346453087246,25,47.3713085234644,1.812439393748,10.4564208741286,1.77284127826501
49.931903321758,0.81680321530167,12.0222426898027,0.836259939215371,3,37.1120423200807,2.45914539044161,7.82118301370994,1.75984373364642
14.5110695486385,0.375025871171298,8.21145960708866,0.638205986732143,20,32.814145297664,0.755641808758212,10.688057021479,0.907657734379244
27.3567129578344,0.501361954586991,6.64668627315311,0.478980886950017,5,35.2926075299546,0.781614135212977,12.2046645103176,0.836902093809723
69.4060965289214,0.879706094551013,13.2847973003512,0.812439125708622,19,59.6366656700691,0.548219474770313,9.98095587014218,0.642341663672712
56.1211748514106,1.95334451812557,16.1826371122335,2.49504330731423,1,47.9857519648816,1.93418678100592,15.2262457008697,2.73558917647379
102.680413042878,0.842178068299143,7.51014360222907,0.523245505214969,20,62.902265085782,1.27626872318577,14.0354916872761,1.50775029948551
22.4191181939402,2.39371451171952,6.68434219792906,1.87238233564015,3,12.4114006134448,0.558461605774922,4.31347565545785,0.742785428547977
138.703917294781,1.48759811007555,15.2108421988141,1.10972202233072,16,93.0842837432221,1.30511139548023,14.1876046195053,2.49077295438314
49.2519268236489,1.66133845662475,7.75941233162966,1.0517306013181,13,69.5761558980057,0.953314759833504,3.40014589811714,0.374170362391741
109.514194254786,1.1115520848951,15.5194017370159,1.60593088000807,23,110.180929489307,1.74359803636056,6.67991827815465,2.6027277724227
15.6706040004912,0.426960843765679,8.28966462166483,0.79488473567342,20,160.531439985603,2.72410117574477,10.6852896474,1.3159964068063
101.577360975471,2.40428581102695,11.9498517519263,2.99552224302241,25,80.0575596249349,0.481192400182513,6.12768109521959,0.508993584971388
10.3260541990395,0.432682973368998,2.13776908615714,0.435310970045157,14,69.4629066834971,0.800235478102731,2.39322010671436,0.353274741896869
77.9558934007212,2.45624696884397,13.4049884407559,1.07443858652965,12,76.9905489058316,0.961511897092606,12.3301397313106,0.869660310492983
162.200775166237,1.42846252976466,9.20467415973394,2.19347744089904,15,27.9786613579457,0.954211178994909,2.39881750058172,0.424261155577388
134.534398378854,2.18828932457679,12.2458090685509,1.2203255566435,28,168.398115311951,2.88361030055966,15.507832671211,1.42763999231858
29.0407060993711,0.611851024582908,9.67464600299864,0.663990043040022,6,106.124890922037,0.565544835040752,11.6615018472649,0.749708139885662
74.4792100650451,2.57564502234724,12.3616542826227,2.54193270332287,15,28.2227565790147,0.586013030794502,13.1775347621043,0.944779178882023
48.6917826373247,2.6084206660754,15.6456095615552,2.04686807168352,2,84.8222116587221,0.721151538620549,2.28155923357532,0.420389729996912
18.0106497493372,0.375349846671009,9.02237220675642,0.804112119052407,6,34.6031767653395,2.74653241116675,5.72228096980836,1.03464298146791
85.0701453013408,1.37368105980408,9.85850942309825,2.79972426249956,12,34.7988241394209,0.807728669827509,6.36947058259655,0.80103109638787
22.3585499850804,0.577519020092886,6.26846309016343,0.55340027066648,9,50.6606803677176,1.8262970991687,10.9348886798463,1.26902266385996
45.5131194127551,2.15773025681868,13.8741046172471,2.63972630842661,8,121.989354664035,1.40303583132878,13.130616657136,1.75189790929664
147.770606177735,0.727339785480604,5.40144956804399,0.445434418313296,7,36.5416105564875,0.676235950175273,7.33072176856031,0.544425724125172
77.3483233582299,2.85120169464562,11.5037083641952,2.84428526968661,8,10.3489966752084,0.312807443964747,1.75005532740989,0.375022123132553
22.431768805313,0.662867475610954,9.50846256059531,0.903867973581407,4,104.974981046299,1.98635208997074,15.3170819550407,1.38918204168521
42.7753051378931,0.509393900843987,3.39343718817023,0.541060974898996,12,239.791205838223,2.40815019330641,15.3488404419222,2.47447632843901
159.660560094268,1.15153265517276,15.0446523904784,2.51724165772999,21,62.5400596856165,1.63000375262007,13.654355976684,2.05957212082745
85.2920484298601,1.21288632995556,10.5205489167161,2.95266718914766,1,22.2880283769394,0.629474235122241,3.97922686715914,0.55971516197836
22.033987476965,0.437662347084476,4.76170100724091,0.668958860134908,21,39.9618075136758,0.486470031940298,4.33311608996448,0.500574814858105
11.7367266285243,0.631954864989519,4.40743423724069,0.734935448754003,3,12.4955679540526,0.470712835837412,2.05592447478541,0.393142272997128
29.0272009338943,0.501448588611453,1.41347874337999,0.324195041038044,30,20.2841036579038,0.470814224036305,9.15916348155231,0.936400547856307
20.5156132753815,0.871985759244175,3.31705128969481,0.485096232376807,6,75.3362731034497,0.567313800159986,8.81753513104243,0.931268768194927
13.1886561011992,0.357743246718545,4.96575110019142,0.875549304032391,16,61.3404112782344,2.5065150947527,12.7264962190432,1.9682631908558
116.105801260017,2.63556414480316,10.1193016090975,1.09434472565283,20,29.1866845219238,2.10521959222683,6.59866013379544,2.83284643748183
219.95357545145,2.10494088488931,14.102587044661,1.00684308395876,12,26.2927145899879,1.46855531235493,6.6178434208204,1.11025903060824
13.9198317410348,0.389155840166529,9.83509319484248,0.894287129249617,15,7.2573446822121,0.313589770256029,11.4800639103201,0.968242849090857
121.768954459492,0.55108612911571,6.29124139852101,0.482924450251067,4,107.663121309892,2.29181746139821,9.6583952389862,1.71948205249171
59.7965668377409,2.09463239633453,13.9110524505631,2.86256871747947,8,148.021064051206,2.70312647626714,16.2456089929426,2.07251858686638
41.6423322007855,2.6942703748436,13.7564695219166,2.41418467547786,20,60.4966483130102,1.40156270828519,11.2441235405786,1.66230239528747
54.8956227347784,0.884745987063951,2.40143681655908,0.350692320613797,11,8.04531684015471,0.412024036269134,0.987334191215022,0.322706832679351
5.31963731467178,0.345580261346056,4.3767978650202,0.571338323839861,30,69.1720426226335,0.657035472295834,5.83554473818195,0.508051305748321
8.9591948164143,0.357919017197503,2.41397850496002,0.356302002655398,12,37.7667896595704,0.859808906614604,7.59545009448207,0.994185306867011
39.7626216755009,2.61575955009784,7.38927771462925,1.8506110864188,6,22.1705059032129,0.419906212798713,12.5173480494566,0.81422200540695
92.1763059670194,0.936236888220909,13.0287395566907,0.864383256581916,14,43.2647157972427,0.482203889795839,5.53707257414287,0.582951442866608
20.1130457958948,2.965390501292,6.61115789157285,2.45046488541448,3,10.8563151033951,0.59183181699991,3.22739352394044,0.585074624364086
26.1673757504334,0.659205939000731,5.7792635934126,0.779307388942293,12,14.9120254952532,0.498934456381806,7.26831133776842,0.653294878058339
58.5063258130164,0.478591362139755,3.62313482761538,0.447005547492141,30,53.8019026950908,1.92286707816823,15.1555602857172,2.85556328681579
38.1613360089513,0.502496460476384,11.3830292090156,0.790369184453752,22,49.7803029824178,1.64865774302977,14.1592003334225,2.95447213552112
33.2890009101242,0.589924441082891,7.10405042018538,0.753625120805748,17,43.7348592225168,0.964183315957701,11.4127558372162,0.943045700331589
119.70845533932,1.54674495850994,16.7116260135686,1.7282774271128,6,9.86250727984436,0.441925429029899,7.60532336704539,0.994578252502915
8.96879941259179,0.398805573446202,9.10016167060788,0.844801149001133,7,8.23061241910869,0.323905673146529,8.93163911101812,0.779882942692883
181.097584952673,2.28427657161625,10.5113799600393,1.58519064741327,29,96.4880963184722,0.881904262135028,6.8768313105437,0.559268377463051
101.754826229217,1.62622107480866,12.8401937588056,2.10108055789949,20,135.559061641036,0.91011853516837,10.8561824242388,0.737372111375357
32.2467701845947,2.66051719852019,7.44146874271064,2.16272765012385,4,92.3422765336685,2.04526828152757,13.2741661981673,2.60372324845064
124.915538398104,0.914211877913348,8.85114558282553,0.776970593593268,5,40.2321626685975,0.511846410590636,5.91761917488048,0.767619848345642
57.3019715969051,1.08618065736651,11.076325551965,1.37331190909228,4,137.370241142871,1.46002953631702,14.3938483515838,1.2723268596049
45.4165078301352,0.823448172185138,5.98343170598073,0.593884780618387,23,100.752552964175,1.04546524498498,14.591952338689,1.28896201243401
67.9520940308633,1.20914986613358,5.75835781599187,2.6955848467743,5,29.1212440795164,0.554056942203689,5.70750993568761,0.566484549381271
124.465009016066,0.91391514583132,2.0300532941987,0.328643264790283,18,67.2484382507942,0.904974813469024,3.76390718615719,0.629326741663566
29.1290071958205,0.719951021983534,10.9824139911802,0.94079131082896,28,96.1723653438625,2.61538904738733,11.5200458279854,2.00761353298069
72.6616523717142,2.70226883870378,10.692576880269,1.48843739088581,17,65.4090119266703,2.83773606910006,15.1782732491263,1.51182752033181
137.863008789786,2.9348326439249,11.1594762131398,1.49512230393932,4,19.8690543220109,0.443495843859155,3.11010462994818,0.44588622632764
116.101755427385,1.43289105012051,6.54234671231098,1.7359600565208,15,30.0348748269393,0.501697397152658,10.1504539909115,0.659748778226791
22.814098287871,1.05870727916825,8.07632197244327,2.50765618229107,20,181.703683908712,1.49733367180353,15.690923320813,2.29771676622824
49.6083134371438,1.88132766229815,16.4814114792228,2.11918510783387,30,118.352897497704,0.819231817277168,11.4243446196839,0.685563656980072
54.2322431220251,2.45431981600131,10.0878249248438,1.87740993662854,20,112.348935725321,2.71871941489048,7.55044786313218,1.49864226296427
17.6490145474999,0.62691502212264,7.3960523500831,0.861676768740342,20,52.7936100119052,0.631501737145554,6.18307099769369,0.718862528616983
82.3170859248942,1.03718997015617,14.1904874624464,1.55145925732923,21,68.8776165266953,2.24766456025535,10.5857816380024,2.29087556454008
96.383690870452,1.21266453574712,5.78014350523689,1.0847989695556,13,179.091993094603,1.45306752206322,11.8051106650561,1.91419465714701
61.7049073386474,1.8069943088009,8.93622841922789,1.56857674518047,21,30.7756115706096,2.56966313766015,7.83105926148029,1.62336312824452
105.061230436692,1.48876486850399,9.7937961602025,2.09015177357576,28,35.0193228614873,1.7056608454773,6.26857914697038,1.80981992053559
148.256941966187,2.72033523407502,14.9066676030765,2.50537709690808,3,79.6292781050211,0.738835186109719,9.78074064901137,0.633265501789511
16.4424560691434,0.507083463799616,4.10088940178143,0.540541082997832,4,153.46390549968,0.945355795297728,8.52778491540814,0.851791966069809
7.47094015682453,0.367222006867715,9.10395417467793,0.777618782420029,22,70.9888311686917,1.35125552672667,10.4618688502411,2.46569182475226
41.8204241859389,0.963365448771527,9.85586048621563,0.870036198286447,21,119.149007648895,1.40220784290448,15.0063157307431,1.7017733748329
91.2584733993274,1.89736487262949,11.7545460849286,2.18894669666083,23,72.722472841838,2.41239015479496,8.89533000527857,2.76968010779365
35.6791849171218,0.607490323021882,12.9169030265093,0.823665487448672,14,39.6520524428494,0.822673654100042,3.68439450009372,0.431516288073108
13.5352525067032,0.347532615198665,4.32528642120299,0.49438193184737,4,46.3285717213222,2.32072685018109,7.68410233884495,2.30897502481389
33.2156914328936,1.39872009787971,8.57784355044695,1.49795040903592,26,49.6644863913364,1.56100312830199,14.4797234582192,2.39569056810468
43.3194856934009,2.46332227684533,10.7864203726012,2.49773825422277,12,120.479724290595,1.30103758717214,13.0224433773588,2.95587653936403
24.4422439222257,0.616576779803135,10.0601981499894,0.791129928222627,28,40.7689492866692,1.98234852594243,11.0164766343745,1.34447018104806
52.5352507663658,0.822324978540537,3.83737578151833,0.673450313393451,8,36.1690980076942,0.518167689481579,5.08702876268513,0.496707334810083
29.3187676850481,0.516887598585683,13.4306134172776,0.885919430780812,19,37.4823698366356,1.74574744364451,7.27840548838782,1.43434585061715
48.6061073234821,0.985652227592036,10.9270124844041,0.727344852844801,17,62.2518996711847,0.966144736175887,2.76786301065042,0.399327499149389
45.0048425801931,1.65627293713795,7.33885984998573,2.00016092022333,5,226.148054901033,2.80409911593986,14.579993882179,2.76567729625382
123.606858432237,2.9189582830202,7.48119688967474,2.77626408308316,25,30.4265785959158,0.947710408150188,6.95178412516283,0.951879595694179
42.4609246323032,1.50102912942003,8.3077256969303,1.94767949106125,15,142.576780830607,1.55898662822241,13.1288665321522,2.82093087387015
17.3418714743837,0.566464452791696,3.48678846215962,0.563715646280273,29,8.32029100228646,0.383727954083773,5.84295764995408,0.645113653996549
37.015213926349,2.6500092746075,6.62628311921633,2.79529917135036,13,65.1980373014261,0.555951508155852,6.22181424612243,0.920280314303486
187.571605641822,2.68992253562178,11.4355999316447,2.64992911401746,13,24.5234128847453,0.81808854273861,1.88842856666634,0.367626386740909
29.3204954755728,0.557580959094814,6.03768694176285,0.90557309412319,8,97.4283871268943,0.678396108698342,12.4052513186154,0.898747167772307
65.1421176908376,1.60537864695202,6.83283311055868,1.92836205826488,7,112.505637807576,2.49408312080811,11.4616454077798,2.65673051968056
37.5064694077697,0.745945227103356,7.09986252452616,0.636757064065195,4,43.7549009694165,0.54122938492404,8.74345191581353,0.796316697121494
29.9530860425064,1.39022141955422,6.49430647419328,1.21606648596568,25,50.1941922038495,2.6642567964386,12.947607203098,2.73328723188695
81.7980519434436,1.81596840165193,13.124781232856,2.12434897524754,13,32.814871208243,0.794352017985369,5.28035851752992,0.645562392323252
36.5909176307503,1.8659711258472,7.30292374093804,2.42124912049693,6,55.5225172723232,1.19783924347648,6.89664872644851,2.33969651003455
40.4422491351533,0.578877145400565,2.4835987909328,0.373159691774819,6,62.6184347254375,2.50774592331415,12.6430866834486,1.0965890434723
30.6332645017388,1.97143752874289,8.50306360426509,2.82188449536512,1,44.293582970945,2.4734275277915,13.5422327177258,2.38639077720075
19.8981290792917,0.4870539617187,10.2466783591667,0.89248946126746,12,211.933660476235,1.26035353674473,14.6378440000387,1.04182411700827
50.4059441856791,1.03244127296306,12.5174017986612,1.68514058881798,6,33.2847324731766,2.22090355243274,7.1732152146936,1.35498171203117
5.16182051509262,0.307947618721266,7.873480108316,0.549500916696351,17,158.514992205194,1.53706477806723,10.8176537844775,1.01583996924524
26.4965043053376,0.644793569307872,6.6632343958303,0.612272270309264,28,43.4292895279873,0.42571974540196,1.80993165045035,0.327310255307483
47.8501819269943,1.14661093409688,13.8401615794134,1.29155431381567,15,144.953502716612,0.779291707595469,11.4356129009581,0.852167048606708
51.8575151528971,0.929323980088546,10.6779488618056,0.79945442500861,27,143.026131420082,1.74213553383471,9.37735630944504,2.18655147570308
37.6694226301076,0.997174616741117,4.67744232369283,0.707169493883885,7,73.9068265904007,2.01233936757299,8.21890978885046,2.14311951103159
43.3399634724954,2.20185083570905,9.65506805225182,2.29024578727963,13,32.2380894992471,0.81118699073769,4.16473988617823,0.461115858993866
26.1331647355445,0.776824635209039,3.71752166882418,0.473884708114025,3,84.4029435919104,1.69184245511992,13.045603879843,2.19837081829648
62.6831779271473,2.87371447116841,7.37772283800792,1.79903795274831,22,29.8986770285143,2.02335053805598,9.71329882697365,1.53271769338732
64.1736549684521,2.74829984277468,9.75596759236195,1.27548598984777,17,22.5288510125965,0.335414568586752,6.35116286725365,0.593344016302727
47.7093055128068,2.71852219959671,15.3707437474346,2.32362484237426,9,65.225658567756,2.07224556608751,16.4772253422907,1.51266708883708
47.1115765060846,0.74915305861091,5.62099236046549,0.488999823017336,26,53.3106792934138,2.31702484498469,8.70365454999866,1.44151762304648
44.3069873921039,2.77571091000881,6.35970543548742,2.88994937566258,25,44.2727267029105,0.978364575633645,5.15970801965011,0.502239765756872
154.642176646412,0.707708025533371,10.47441506412,0.956917304759839,21,35.2864949509682,0.786339538858386,3.94788541043509,0.683945248190279
17.9004994625103,0.699495475682171,4.81330540860536,0.593515187138923,11,141.466446985756,1.10864806034177,15.9803557205725,2.18381576771178
16.8826926582672,0.518363098671337,6.28019125284439,0.643172513011055,24,11.3691040562486,0.306166783178261,13.7108479698134,0.911169284236268
48.6982283488431,2.05946253079047,14.0209044996196,1.74945653237415,14,54.0613395196123,2.57275147089796,7.60817922518893,1.11517470732865
63.4128626847301,1.30960228443276,15.0079554965418,1.39937039831108,27,53.1423651010015,0.903299626823537,4.15562193183219,0.613817663511851
48.9555590689195,2.05098919587723,8.87737895373509,2.74743307405843,5,167.554142453599,2.44900985462215,10.7650097147981,1.28455066239043
34.0712524201513,0.485497329501909,10.2779498747219,0.737500624573284,10,122.213749400183,0.89178391819835,10.0213856046046,0.640800145740317
121.694274925923,2.11802815440394,16.4906378949624,1.96663048467319,16,5.85574186296432,0.348910684168289,6.12084167474108,0.95741520827161
186.542068593852,2.46399999273074,15.4198369379125,1.07528499997449,12,96.5912957857401,1.40796390869187,10.9204963162088,1.19081991986829
62.7716335856377,1.38848877874453,11.6296333997404,2.67862591268223,21,41.7157713347618,2.33990103227246,7.83106542828433,1.82534334377814
76.3548158984708,0.943061834767126,10.793208980667,0.808706119387484,17,48.1068911003793,0.961463549478228,1.28395926041482,0.33902202206953
115.418773670369,1.13695498859206,16.6123674830697,1.73937939339091,19,5.31079973564043,0.365516258568197,3.22350706416812,0.484708253273179
19.1871435964746,0.481697597622704,4.81290870444383,0.441625424779084,9,83.8323064936409,1.80826088815939,13.4415675701549,1.27971095452151
27.7840545427361,1.67890515514901,7.86108210349134,2.73065688217216,7,105.45301026887,0.947127470308794,4.86806769494931,0.593553601309668
14.9695786292115,0.824786679679363,4.95889590294898,0.829057119288488,16,29.6084437672577,2.10809671867536,5.74260100132788,1.37300938022898
63.6532636697891,2.16920124823959,8.80129006544192,2.84434156526085,6,20.830196212697,1.48348623683582,6.87313813456388,2.27968307263327
45.7823286523968,1.71816905342961,11.3136540789023,2.39000507951836,26,158.824306800898,2.91496665716743,12.3438941900242,2.03009356804034
83.6373718388284,1.54144610606131,10.3997265690577,2.37762949605332,17,218.172547453248,2.08714837185352,14.5271547279377,2.09857367332544
42.9173243487574,1.49111588703292,6.36736480803428,2.1166923494363,24,49.8845626295466,1.53796580210973,7.39812414054712,2.05702006981502
44.9569732777075,0.921567975525447,1.95684642983459,0.395630453963223,29,103.870331761332,0.534018684889033,2.20725197573748,0.325210385020994
176.400402680205,1.88373438263011,9.26529974408905,1.41017688317367,30,168.622428295896,1.62510449790057,14.6813817222426,1.54268179816408
52.9041419700173,1.72607151016211,12.9591322150918,1.03456817868413,6,48.1580138873961,0.993594192496326,2.15092119381902,0.329704128507991
69.3365553451316,1.32142491618587,10.6016735159283,2.23688235592867,20,114.461155614138,1.60750019016071,6.85695180158611,2.56315941888251
55.5391585093493,0.794065542589126,3.32661996184957,0.368674538460728,3,31.0989124542947,0.558374190689813,13.5076108848922,0.828860459240844
63.3480216860364,1.86054413710703,11.591944543058,1.64229260849079,12,10.0474041427255,0.370663710273179,9.77263663956807,0.740937572416659
152.834232564317,0.78566766886278,7.60975929953238,0.554819624540268,11,19.8918935744921,2.54553227455804,5.61088112287868,1.49874612051578
37.8904918206995,0.702468171624517,6.63156185605608,0.817153125301127,6,25.260226517469,0.413135384617805,4.85838871640078,0.58900934201598
39.9460088968781,1.49201202990105,11.5450828462144,1.11860684665507,12,133.259523212304,2.43315505674839,15.1748182958828,1.46840610116268
36.9435061579562,2.93934461128653,8.24815350714233,2.17824997197342,26,56.1022106969083,2.13173838305802,12.2316474436041,1.09984124270113
90.4774187978456,0.794677138656811,1.3589290769655,0.308730588936809,15,33.0497575491391,1.60063087501994,9.47546192550573,2.02605857462089
16.7834350478808,0.355328924487623,3.07381735191511,0.397480594477945,27,60.4174098000837,0.729066817920892,2.77849933943786,0.36009168164806
61.7312514130026,0.933440290429954,1.30925462921304,0.324001630450469,6,22.6949479467505,0.442346659660071,11.145838612382,0.758999841708805
42.3185346780225,0.968724167728342,11.0090179257623,0.726409713202512,13,14.756482590195,0.402173765985121,5.16744220403567,0.839359411910623
27.3946114400084,0.718929073920326,6.7090071586419,0.870358038994506,21,35.46796114172,2.77691451619076,9.10998525782299,1.20199005528988
31.2502954392627,1.34320824461469,9.16199202427439,1.12459956339895,16,148.358888816571,2.24644451816646,9.58461840255805,2.71388339159071
23.3477896270601,0.456967477795299,6.58884927310986,0.62377669542896,6,64.8863580061342,2.45584552331837,13.2599575494882,2.60448499429652
44.7814204600162,2.7479936483571,13.6151411769046,2.13244174687664,5,40.4766013628704,2.29875031587683,12.8685126231148,2.48884720367676
72.9885955903603,0.95431205218154,8.6567918523619,0.545637581837217,21,53.6966788409672,0.752038271139353,12.077597261308,0.934050655145655
27.4898383295359,1.51380901851193,7.37635412932565,2.92157966865856,5,103.704678338009,0.926308655305196,8.22295056868415,0.671524104868912
54.6874168654521,2.33472140368844,9.99538771593688,2.39398696718085,3,168.294381901907,1.57066986691229,12.9619774745204,2.23670036816456
40.1992798008137,1.39915661423674,13.619211134861,2.45546702997374,19,30.1138848646253,2.85618744315872,5.93680149964619,2.9302099804499
95.8812317462475,2.21390938498302,7.41693741243304,2.64741886078004,25,67.4855002838102,0.548240426868143,10.2291611048489,0.838983514544344
106.777425498445,0.988473224139139,6.63185132178583,0.735679398270703,18,16.9475398981564,0.817895675921131,1.80770145845701,0.419664331953035
47.663930214658,2.85037279111954,14.6650695515457,1.90521132388631,23,110.344237992836,0.70345156694157,5.17827616686308,0.52740325888125
101.122503256616,1.66963533384385,15.6946787829407,2.6359358644374,6,47.0176188916344,1.29036879274831,15.5676016667484,2.38725216077818
6.6033153167487,0.408434850846533,3.5183407346704,0.599010072285771,17,32.1869730484448,2.23572755035517,9.38080770561836,2.47495043433743
9.53066394155973,0.33669659658826,6.5470138601977,0.868729283322857,6,10.4146923450674,0.546535545651183,3.67844644910746,0.619072745311718
35.1543747471096,0.907390955375129,0.979999443405948,0.331165144653043,15,110.545697962295,2.81890868903948,14.2504230664733,1.61314300720099
27.4100269801503,0.564936491505827,4.7940349443021,0.517301198673222,25,27.9354845025807,0.66209678535832,10.4385683481339,0.760594220689006
12.3708850641285,0.600831045335065,5.19490355988889,0.760059152852696,28,196.918270417647,1.39563962525155,13.4702410336158,1.60056794809024
84.980844672868,2.78473678920767,9.65583548838766,1.8496448428989,22,69.3628206791194,0.638301303912669,5.19712702991363,0.578822997905637
26.7980710572675,0.605042302768457,9.8293627345066,0.891555948449111,23,36.8585806106595,0.757017510330063,2.94346847841678,0.361168662169707
38.5576225083831,0.657014718667762,2.26859459558192,0.335124224751447,26,119.549446195142,1.1729756087083,10.7781278801599,1.89749536802264
30.7226006930941,0.648285026504442,6.41762424478856,0.5813745331899,20,162.640690261503,0.87500626861126,1.70783415932443,0.31069881337273
38.2777776379506,0.778798186927049,6.76719044788521,0.697965280720852,2,39.6628073584609,0.803532868955932,7.96390910914551,0.647104099231699
70.8345502597926,2.87258025099789,14.7143925356568,1.09423966405396,5,34.3206960653094,0.714013962710686,4.11189533890713,0.692051558973129
27.2968965587912,0.93849668848717,5.04638659901164,0.880516941141776,4,37.8316075811563,0.52192586931651,8.97667153094369,0.700820776495496
110.193883595686,2.54350065941258,10.7427647163281,1.07716372917656,28,44.6467161522465,0.597818214328091,10.5159532001596,0.790003231137373
108.760507997393,0.957304220152855,7.36829285333929,0.562736186414874,5,172.591602193247,2.37180284835572,12.7130528089647,1.62074641700258
39.6329205019621,0.848157503161718,6.49928227811248,0.632206037611854,28,46.3235556775937,0.877225490506065,10.8591537334043,0.83601873743268
20.5860020962851,0.743862459350356,5.91060217789583,0.847068603701802,15,18.7105898034566,0.728428324142727,2.19025963650994,0.407316576010832
67.9264621719256,2.52492133249907,12.9055868839765,1.59780565378852,6,36.1428867644026,2.27867903235697,6.65958514345859,2.11488561532838
46.8388885068865,1.67713169098345,10.9659860712477,2.18619782184528,25,185.458732785046,2.81123717440029,16.3658386810227,2.7203241941611
10.1989962262691,0.370578422659622,5.96919559778964,0.851832563238541,26,97.5030183153091,1.10600564011796,11.3452033444642,2.81794366221982
38.0152870221379,2.47556001768052,6.66244090415784,1.49491759499955,22,15.9663142152031,0.427194041483144,11.912679402254,0.721984513142742
51.9950779741869,0.862075170041692,11.251272988381,0.684127336333219,18,30.021137355399,0.857980782522893,7.8474157716118,0.957534493119526
223.521106434019,1.70499381328958,13.5122844001931,1.71745293048769,23,51.3045335892061,1.5089422118039,15.2099605614487,2.50294109176041
43.5006412681882,0.585616206822196,12.39207162572,0.736804863999661,14,57.0022285887467,0.840447475121956,4.11944071256938,0.689460331612923
47.3567362990159,0.556090651008155,1.76828125120951,0.310294239154595,18,29.3268145792925,2.64337152902514,9.16295052537921,1.31333565184273
79.5983450704424,2.4524024720115,14.5961359749896,2.78304365112591,18,41.58588116933,0.831978183799912,1.50609522483134,0.350286113417808
169.524886079406,2.20086383375273,15.7010830347195,1.4465896289519,4,6.53281494404568,0.358235207333326,3.85521631113932,0.680846381939736
76.8452840374761,2.50888006592839,6.79801948549542,2.00237570324236,6,55.3233500855337,0.549813180490085,3.79373078796362,0.476302604117955
46.8812880190708,1.69397381031232,5.98378766587976,2.3516505461883,9,47.0674432181634,0.891072433030798,7.98942764891355,0.784803693277709
54.7530396718047,0.853978054241736,2.65590321024364,0.397770358781128,17,22.4632020232773,0.481599567122063,4.20256598156828,0.585865076533939
30.4660137887481,1.26089153348117,9.16264866686496,1.76419970546468,28,81.6780183878218,2.22232419325623,12.8834649784146,1.01681116949021
75.5620147999139,2.48517875052546,13.1417295716522,1.1829412345583,28,30.6577212311969,2.76356447011776,6.71491975440128,1.41834077027369
20.01137014799,0.501317159403816,8.94563693069018,0.810399458018416,14,63.7708200713189,0.714773804113696,1.312615121694,0.321641540229998
47.9018397757547,2.29587610653201,7.49466543213727,1.45625234714848,15,26.5742170260471,0.737050761168067,4.86159245849444,0.638758345873209
80.4500376366293,0.846549597960125,12.0943814808953,0.995413189174323,23,8.23366539229322,0.406638578006795,1.47817750164259,0.351275743751188
38.675280460903,2.43202446816917,11.9701129982833,1.64189786656908,21,57.0634855163442,1.4057759758743,10.099396911246,2.70698407822615
87.3289389942385,1.80260726906734,8.39512412184597,1.67388737888605,29,41.7119082347645,1.06559151082884,14.6074530482191,2.03172162281892
16.5735820563003,0.476597660463244,1.79124370620616,0.384318183695486,23,60.0127306767491,1.28965488187437,15.2601436441342,1.5956940164237
47.7056020334866,1.33234426467472,15.5893548714816,1.76292421728746,2,27.0865088853668,0.49547874750324,7.6356563843464,0.658705197886177
153.935318022044,1.26312222499797,10.8692276759514,1.45572171565167,29,33.564119881328,0.586311419536897,5.63611597561422,0.775349550635588
14.5589494921443,0.420121776343104,6.37755715372275,0.484783197215977,30,47.0330789957641,1.79447298812482,6.77570233514586,1.54310272499064
20.5250979956221,1.38031735904216,5.88117480300006,1.60294812734326,26,32.6636161516941,1.7400582058048,10.719254646488,2.94938542885335
62.2455672295448,1.39113094937229,14.0132519164517,2.87538294996663,17,114.891607013469,0.537261776330331,12.2138598803868,0.892829762865267
160.659040588036,0.955003835444762,10.5038617468252,0.843521544364303,24,51.7271955338236,1.79638937094351,14.4618457915635,2.85507588432266
48.8910192044398,0.738775495937657,5.39132872893528,0.898084939669018,29,20.6142658316189,0.910191498538722,1.69409934961754,0.368794700282139
46.7858534206172,1.48388069567339,11.44019779837,1.32098359462034,7,41.5313437403532,1.94020538203545,6.03662836412222,1.24621261976215
78.4176527180383,1.12932170447542,9.52473075198276,1.96831957151338,1,48.9898069280621,2.41689479033226,5.30563021799465,1.06938506044412
135.386143058905,2.63735970715051,13.1523708159606,1.21334989858399,29,116.755937922779,2.96599934897843,13.2657476315528,2.58994795584146
48.1269715148747,0.462834314374803,8.06841050805844,0.597970807108543,9,47.3955463283488,1.23363268787832,6.99668919320679,2.64678121615953
199.394769361788,1.518551259854,15.2594907034103,2.82851657025163,9,177.007850066007,1.8146880348412,14.0381057963848,1.26837659945807
46.1399504775726,0.523738187155043,3.22189822716949,0.424781733400802,15,11.5651830970039,0.462420451936182,5.27179280744923,0.746781944974065
11.800440852,0.36387509019833,8.66551769292018,0.659666952909748,27,11.8921708241012,0.396573015737398,4.06819000509025,0.697880107715551
80.7718885671313,1.83086346684945,6.63689458583261,1.14640874629629,13,43.7815891505447,0.995720366274236,5.72157554360107,0.803820957385036
77.3127807075891,2.06688998356875,10.8516626573021,2.14763517425205,22,126.055082361083,2.79525006445072,14.2266627922549,2.27077153856221
15.2774226743974,0.457084717977874,8.66691091468603,0.676816205248859,19,53.8121495527698,1.70365427992912,15.5289181521069,1.64536839201042
45.3711198397769,2.56831456704416,14.2041518547331,2.87424387653008,15,30.5945960850924,0.421325928025143,8.66372005295101,0.61242792549864
82.500824047649,2.04352796899041,12.8321915072605,1.6144537388292,10,42.1366928239444,0.70714510121759,4.12176537028973,0.516401684071205
63.9024987086034,0.422385320858269,2.00285594555634,0.32263559666961,3,17.1046824833534,0.566627857892263,5.31636913492358,0.616653120098847
58.0458219357629,0.809013078929703,2.66335295523846,0.4219812558688,15,51.9434957179492,0.97614188252111,7.02954772939583,0.998002078626639
254.774709367831,1.08003780098756,16.6768743115305,2.04874710226296,26,39.4667181141699,1.38068479145057,13.2251675912535,1.72817539525066
132.728789405736,0.501309912259528,12.7985266527897,0.85142476804947,20,6.30687261037422,0.314572447766111,10.6612390498161,0.666002176225404
8.35044407648727,0.421907839242493,6.06874405344162,0.818833478155026,3,40.0953112235862,0.811169761369614,7.91018211361093,0.524249124590428
16.9164899342859,0.688646715391175,4.99709043401431,0.781521892089933,29,57.0845934146266,0.780626385829015,10.785081821951,0.683779461302386
79.9704173656176,0.595784528274338,11.6789907202718,0.726046551110234,23,25.2255961663559,2.38968599690667,7.78835077138599,2.96034477131317
17.9541590898991,0.761849789821412,5.5781253252575,0.734615486786176,13,17.6562667812194,0.429937289386909,2.21468342347652,0.399517180362291
50.8350092000672,2.98019316524791,7.5191424864316,2.8419932534549,13,77.7202848254492,2.80269231693669,13.8217447930291,2.53985364062218
57.9028736234544,2.74969659808233,11.0094785938007,1.91201908868259,14,96.6023176803905,0.944946266500228,7.23192208028792,0.704668531613189
46.7639029850922,1.94674068924459,7.54421369638439,2.81936325518337,16,29.8734747242592,0.542945156816175,1.38679265613631,0.33258576885454
65.2796799788326,2.91801400200289,13.7371698217056,2.85214714658403,9,76.6230743409004,2.1827543302273,14.7441457096945,1.37533360514283
57.3447453623098,1.92933971948793,10.6992215958898,2.43992050807544,8,29.7051014100963,0.504265521063664,5.40990547128081,0.637821103664308
203.204854598345,0.96327574310468,9.83819265513547,0.804212479170644,16,69.2208439738538,0.787834838874864,7.15629185034035,0.795113717599963
26.7717044152157,0.525335234898863,6.57742175430429,0.554001385921205,4,60.1627216180764,1.57772556361744,11.6292131534907,1.05106568699555
46.7589593990854,1.73557634085923,14.5310986249184,2.58961719355945,27,91.8669405072825,0.990369909874916,1.61714827983413,0.326365526560065
76.2543183962001,0.699493902862207,5.59550162480343,0.481901901976706,23,50.2144263701766,1.73241515376898,15.4092953416072,1.64734837983385
55.8247318838238,0.901055147572848,8.63896308567612,0.829138700570619,7,19.5377672385122,0.476588225101208,9.59039894510855,0.612906361898276
31.663448596436,0.615780301945043,1.43453866815208,0.312717150765515,10,73.5914170790984,0.654738789680242,2.5267732045518,0.406595751249134
27.9212257897169,1.14705632907043,9.9206565124493,2.19639526895378,23,59.8291691242347,1.45347283758007,16.0040718436705,1.87472630773757
41.5800474689104,0.765774536584116,8.40749303413053,0.542100432425111,7,213.723529734661,2.07072833304079,15.2494865951936,1.17788027607225
21.4056735026391,0.608325738038237,8.25171711557246,0.767120982301382,30,16.8390644550448,0.485828171699631,10.9141634551114,0.955166816232201
40.2920009924899,0.840347940335276,5.39857769194586,0.715694339231126,7,16.4773969802442,0.603501862116222,4.32137552133971,0.621538525635407
25.5627422723237,2.31230238380151,8.24740255801268,2.84002370208813,28,51.8736552251822,2.36103514324026,9.11765951659425,1.75996356510345
49.3692864300431,0.517306029258506,8.937505685917,0.637151917913886,24,112.493805618503,1.22651634697541,14.2276152282312,2.34076441250039
35.7892777140314,1.13373857369316,11.0990052327094,1.24437891320391,21,41.3648836094119,1.2582165483785,9.87669634903369,2.58915522395937
40.4538712861402,1.46135415610803,8.85519940133372,1.02047149847467,18,46.4386818797872,0.851003644152017,1.99545243553394,0.319392772011022
38.9385666352047,0.923918491616925,9.20484624863888,0.744876341510385,30,56.6912997892612,1.69585199014701,9.28434600050923,1.13673022668538
100.066044324246,1.40140880020703,8.61715829623951,1.58693075842301,8,25.2465051572191,2.47960312777308,6.18052410250679,2.20175447493658
28.9736193762463,0.82655378303672,4.63692285018516,0.664600113770691,24,19.4351098398228,0.538188164769296,7.57805306829259,0.699434352365284
53.0237029623796,2.86048474506581,5.85190268767978,2.2336969714688,29,102.059160419698,1.90599368351591,8.70666182345239,1.32204295632524
37.8197443686424,0.523906760347322,5.45367311996996,0.49781082286014,30,44.1316568063703,2.92639581173712,6.26444506260625,2.83644924013934
44.6368167765383,2.64717803544472,9.70326392199824,2.50756755552044,24,147.961749291824,1.00697015407209,12.3127772808632,2.49803616275201
50.705308265843,0.608253206418613,6.11146027282699,0.455618070368966,6,24.3204316316108,0.621558426511092,9.51979830971516,0.973197938475251
164.154857876106,1.82597676984728,16.2371087612909,2.02905026393664,7,99.3064748750455,1.0369986129763,13.0610566255876,2.07394381747925
22.7724869582095,0.6260963425432,3.24792977224795,0.444082058513064,6,54.3027357901014,0.997279550809317,8.3706176237993,0.639706776461974
63.8411723888571,2.80843702309519,9.10188732461717,1.15092951604321,20,27.5213714581722,0.779840544464842,6.84250281110335,0.732198994229588
18.9887446745999,0.478699734258259,5.86223009273067,0.661137044389843,14,23.8615419602281,0.30505704085658,11.7340697074458,0.705073546448016
148.926994417599,1.50969296612247,11.4396552495744,2.09702489687302,15,211.519826724412,1.01123366292944,16.7572861693085,1.68943219595494
183.273575097614,0.860684675042526,6.63769188341788,0.537426307306907,29,50.5881324096608,1.09122736233304,10.5424084300868,1.57823670988719
57.578452675486,1.48201937843022,15.4851160355614,2.90412311389444,12,48.6329601988822,0.966158576674991,0.883896282522067,0.311834538233893
4.64979590564625,0.306721905725706,10.215283537025,0.776524362424137,20,84.0297022027108,2.0876629534253,12.5622583070777,2.15200244023274
118.391477700992,0.747993417736757,6.85168277906121,0.520346487000872,19,91.5069063201334,2.47370917368063,11.1884917138814,2.04920293942673
193.134601415644,1.16624565149821,12.9925856379638,2.10638266324241,9,77.4595392321274,2.86886793122896,14.8622542666763,1.66287824056684
27.399355413466,0.645628312260316,5.15232055108035,0.686885760647053,21,55.7335591132898,2.51364034422115,9.96235444488139,1.00553936782745
10.6424246350673,0.486412777087597,3.00583430680429,0.493984053705297,29,91.9087974019002,1.70835592477724,16.4700835279163,1.87843491468795
117.935557747196,1.46518410141862,11.8001155587804,1.45264988610215,26,30.9102082070149,1.28424233035697,9.53427762433289,1.13972824536282
23.3365517115831,0.538184864848896,5.4836476886694,0.46629498984761,17,18.2382760777498,0.391313971113595,10.9386587994046,0.716394208734381
209.32932581011,0.824878933950402,2.88276751835324,0.362603939250128,5,77.0363537519065,0.62465621393235,7.73465993649758,0.782489354628632
14.6563301977097,0.423409437275726,11.9714029668822,0.826428145796528,5,50.6318844590433,2.3735764909711,8.67992893438899,2.632819907803
27.3441780204712,0.658751246921847,5.30634615499004,0.992299666700461,23,196.003406080175,1.41045795063709,11.9903635695925,2.23319176114011
156.513685797917,2.27826153473768,9.54366908482738,1.50157367138087,25,96.732661727086,2.83017497574058,11.2845316481258,1.86246164278995
71.7913676843031,0.62972479369231,9.68089086605644,0.641623083100626,17,53.01102422936,2.76991816198148,6.90706711232327,2.66361531215566
87.1555528252121,1.75462026151976,16.16709083996,2.93670082528696,16,52.4096872175462,1.33139834416454,12.5765393159931,1.95397812788283
45.7689449609686,0.832708161305848,3.9549787898268,0.460571657223534,9,107.565087645371,1.7393353992685,14.6364449712951,1.93208956447309
14.1704414960065,0.769539262931762,2.45320762231564,0.492699766443416,16,62.0756979076279,1.51917176175885,16.1282217785257,2.3546788410585
143.444221005269,0.864744647735918,8.76056276592298,0.554004256523875,10,51.86496435857,1.55140467330173,16.1859344558323,2.76652577586957
39.3503885838879,0.509180963971984,7.22453827361385,0.535835782153476,17,43.0865228370048,2.85594282819777,6.77323143214035,1.78091019528624
89.8180773655221,1.6836121720743,9.35808998126429,1.23185820595006,6,78.0001606159478,2.79342130416093,9.02749714887475,2.59972419150303
28.8116810322161,0.534242308536972,5.09420335451144,0.831873232512619,27,27.4915266185037,0.496280367433869,3.55125024149822,0.434080057685301
60.3899036545092,0.733694071789247,6.32311244381416,0.541412475416962,28,41.5974915317673,2.61325764895105,5.72600399815821,2.24354666406219
94.6673021973312,0.902580407870525,4.53462941817482,0.401274813460405,16,31.717725752061,0.868363594588416,4.36506995070714,0.447011684410869
12.4266566620471,0.354086623499716,2.60770275158479,0.363398109048482,1,157.119088904031,2.31880885510608,10.1128815984057,2.95824660600539
71.1516405318388,2.04257886329098,13.0384941375745,2.05945448476799,11,20.6809997300543,0.768679399307049,5.50778882428578,0.717625333405155
131.783146042281,2.26052477770093,13.7258683862215,1.03070325232804,26,38.2574568150555,0.71159843858317,4.87796891474518,0.571564049649064
96.3467602561772,2.95819192681601,16.44122080347,1.76926556511206,8,5.7441220539363,0.369737727178601,5.24730640065418,0.671331420271485
37.1941492223799,2.02753798964016,6.2301643810082,2.67569686759632,29,77.0309209545617,0.770958900863729,3.62151478075003,0.492114584106005
20.9333227023632,0.633965331814936,2.52482608286504,0.411046279950269,28,35.0305542479548,2.85829057814416,7.82187735506133,2.44142608607733
131.866600755446,1.98979959733615,16.1638336897887,2.52276153551284,18,89.1439833961805,0.857111660241973,10.2844643556926,0.65207931029058
18.0914337526152,0.560814627300257,2.97710989925086,0.536941104205726,5,75.9996712217599,0.737316665164098,6.99093099621626,0.60965986496681
76.2167023831322,2.60040865011347,8.96373691117404,1.51264375953832,10,201.755724144027,0.764997177955466,11.2507188612126,0.786672956636612
58.5067513557536,0.943108672875224,1.47308391430819,0.304400791045246,16,70.0779081381267,0.646838501539031,7.26001001852569,0.542017245694066
16.6738072857077,0.499468616122189,9.25329659303793,0.790761473013601,30,52.083053213882,2.38357780395705,14.9736351807955,2.82231030248823
115.115769292247,1.41274200698532,12.9237469839515,2.08189516077681,19,36.3089943842287,0.904965897274202,11.8918390474446,0.884281932479866
47.1116953602714,0.699377670378241,11.5445146600103,0.950114809283069,8,16.4948372215375,0.497352369686256,3.38532243126197,0.444128071800641
71.3497017965306,0.485365875624898,11.3174691565199,0.718862419168995,27,46.1188689872788,0.7818835748602,4.37429494532949,0.402982811960617
45.9408828577304,0.519520792627588,4.7848168531545,0.830366149643634,26,21.2503047803533,0.844765522861182,5.02524242142698,0.780770116305955
49.6019142711093,1.33709044951237,13.0037767408636,1.40726683128666,17,121.159182818093,0.672606814492542,4.4665289872193,0.488561083685647
23.4956356752858,2.0006085282156,6.03469003310047,2.20807085044049,19,32.6662638637127,2.96330823182218,10.0986228281727,1.34425044962083
30.3157465809232,0.867433144794013,8.10941370105021,0.743151483126929,4,210.936184350214,0.981430483436222,2.15061927959795,0.324607483784033
15.6899459075436,0.472965060136317,6.22089037744321,0.687915631132203,13,26.3704325234271,2.03621441146171,7.4277884915945,1.98342535197599
10.9674167462492,0.389635221859643,5.01906472238227,0.514130054541917,10,48.0115895689934,2.50023268974035,13.6682302126099,2.21998006154314
160.473967100829,2.80969391516842,9.79895175565889,1.28015305179914,29,96.662032281724,1.28184491598808,13.1180021738562,1.58680170137912
29.302674993278,0.6020991448278,5.16209911079578,0.982680569832663,4,22.5116507645408,1.46123866568234,6.35481094332995,1.31211379393118
112.923234232597,1.9268082851043,9.45964983548623,2.69312251373395,16,120.709890304063,0.759771261271786,5.74286946724251,0.488634904271552
65.0122715261767,2.58815515970288,12.7947811001324,2.49444575108156,24,27.1839918810618,1.08827959405205,5.64291810540925,1.82728665059458
88.0253731295217,2.34714274963487,16.6370835228023,1.9626328178186,27,39.3318645918721,1.57400591724861,10.6005519883763,1.68196031663598
26.006385813258,0.726355008840466,2.98173022668206,0.432754354277456,9,21.4462586221517,1.14792819571939,7.0729923202199,1.44564202395474
21.7903271667508,0.521566450168596,7.833990963528,0.655670683023328,1,132.161451270754,1.75700387966576,14.8547738634359,2.8619190578904
57.8668993443979,1.38374168335928,6.26788161388261,1.42877306293097,8,19.3248286759125,0.507450605282861,5.81186789647254,0.506870671382954
12.3096744877997,0.403871146774467,11.75757004595,0.993006451011558,8,51.4989333476799,1.30468914853446,11.4847267509653,1.91774173095682
260.939387118096,1.84008573989116,13.7807730550844,1.62305273711611,7,89.5469786395342,0.844457497741225,11.3965244555177,0.67968790033861
29.7356680942662,0.485520041375612,5.01355210052401,0.646857075912625,20,163.449372192966,0.695585927158362,11.8628478971857,0.951363070687377
88.4335082749898,2.40178459791263,9.16328573368869,1.67928355777802,8,52.633083373266,0.933663232217063,4.70544151434576,0.619214785146435
25.6952399289142,0.582569062317659,10.5130850985736,0.703514164148347,3,95.1783476817597,2.46089982254015,14.5346054560812,2.84094175860675
27.7452157922736,0.72523814199525,9.66308731938526,0.829157290921959,30,24.4932419268204,0.520855762050492,4.81259211998658,0.437911924049861
34.6045171350321,2.01019469176097,7.14470526828351,1.99246549119997,10,109.528971119447,1.26699613690959,11.1465495346997,2.16769947749938
34.3871382554554,1.90480540451117,6.09316185243576,1.67898075071759,4,35.928475504134,2.14495999261403,5.92594035444533,2.33397591879131
28.1946372198737,0.548155332469122,3.48265105441788,0.371696448001361,15,57.4761851622029,0.892377905189431,6.55803638766277,0.613457837055989
170.110462983677,1.31171929405935,11.4518177311925,1.36375602705805,20,70.2076385996193,2.76607370548664,6.03663559339698,1.77992674299792
114.234640521723,0.855379352446567,10.7696307465374,0.707684506261721,20,25.0299036056434,0.664971630517262,1.52230772507655,0.366715321265916
114.18349495872,2.97852187555503,9.09712623123954,2.55453708190201,13,204.050949973798,1.96275101559243,11.5897143665298,2.67523849656748
18.6522403402325,0.559630319555183,4.01059939309337,0.489829782667951,17,56.3841697660434,2.54958990438894,12.2413705657878,2.62806519049453
104.588259678079,2.09469802685142,15.2443397053532,1.51680016181158,18,95.6424029131227,0.767666397629027,8.54255638691376,0.618497842266019
117.808943110969,1.75627730429229,13.8872884931955,2.43766337524275,16,48.4455335402527,1.41655597527515,13.4274070587464,1.24301209354154
79.2974260135876,0.528639995278526,9.43704173618597,0.805664029920531,29,101.49249849728,2.42333422372551,9.31129313537954,1.70356446370961
21.699751831003,0.805217370902352,0.79234214375802,0.302268171524785,2,163.665726056607,2.31555243190272,13.6955909660866,1.94457353955063
56.7340940715439,0.47579008300922,5.49386071330251,0.487143916483253,27,49.6052689988986,1.65564616450802,6.80957857795412,2.86840788316299
36.2149119059628,0.646496802667894,4.80568102434265,0.547041882393874,18,80.6415335236968,2.08708477715552,15.6247275386121,2.45332200581888
73.3348219929565,1.1899528594901,10.5914709143899,1.38435497420648,27,34.2456817146575,2.05305935557158,11.2551301807102,1.8514601974189
102.960894558543,0.893640780222005,5.40733602745696,0.667635457527245,9,86.7881901353099,1.96152553454777,13.1360773349355,1.28318096958086
89.140304261765,1.33283993690399,9.06281639691917,1.03255758959837,27,54.4715251172193,1.69464852559226,14.4297640018823,2.54279335413442
143.079650546768,2.45457349174415,7.81201571741163,2.16564864776207,3,32.1525016274082,1.554916900241,9.03204293911637,2.14383623985514
44.0930059903568,0.976622928190658,7.80140861956204,0.529032799666918,16,18.2476285143953,0.749253381821002,6.78693912598266,0.923044028893075
25.6588001999436,2.32498298689111,5.22663433367947,1.08019066585254,1,40.4192250746586,0.612729250317607,9.80754133205592,0.703016225651035
39.2418704622889,1.11165464420361,7.49787542708093,1.59555528902039,11,68.600450414255,1.47981357798287,12.5640587950491,1.04939094707301
23.3262010868541,0.969043566295097,6.6060630553934,0.985955900264939,14,26.625513481016,2.65136749656218,7.20575656125344,1.95896261369996
46.3316565476665,0.698418973206185,8.81412359966021,0.586800233227286,3,133.823914381945,2.34525342834232,9.86457331472537,2.84624725181363
43.7951263954812,0.472207262896728,5.44901849568429,0.709245845895881,3,80.8012764785989,1.51990059374141,8.83256473719737,2.68485570150564
65.7881252207723,1.37321145561245,10.2615812265704,2.64585914691998,23,30.3797426105256,1.6002779678761,5.71897317372948,2.28157295464299
33.5721879825322,0.777471181818007,8.59088099420742,0.872102879365057,21,94.2474075554201,0.642730756276597,5.82287017207373,0.558183860984368
65.6336188043037,0.892793025690651,8.64654741940261,0.669044730346105,30,90.1495204153901,0.846109877236477,2.41293394005694,0.403387810921556
55.4358961863152,2.49321960949241,15.6947238226019,2.73720789646757,9,30.6166986239751,0.888579925427991,5.48567237521089,0.588956011900998
32.684387645626,0.774419488066366,6.98835729033936,0.761237786409336,9,15.8306665682258,0.40212364909343,5.07834570153464,0.832554837753496
83.6190473769144,0.736994910562824,7.9676838446302,0.759323163271278,8,28.3997574192249,0.44481165276584,7.72359922165741,0.524401512555168
67.9713977529465,0.646251955660299,2.78207010947744,0.433915807614153,24,33.9361454507263,0.445909962513973,13.5751410957938,0.871457298438888
50.691634982393,0.851114936540136,10.007363961118,0.759574094484791,9,30.2316921426226,0.570552248842642,10.9677872270581,0.779138769349452
65.5563135924726,1.16259885821848,13.2493673753717,2.85464299484914,28,69.5753450277331,2.16771663421234,14.4608579291148,1.10407350597652
39.581661902375,0.617581966554043,4.7209728749808,0.535079045486476,25,108.35849880682,2.18168602016139,10.9184928097115,1.47464826044759
22.0441471921995,0.400878798623181,12.6665249429426,0.978945559054712,24,92.5900572021161,0.968630147545942,4.40042237040941,0.408693142371062
173.005871063138,1.04083368921874,14.579978409393,2.34847464494012,27,50.9028358512169,1.6160225106436,7.0018057028567,1.77095130865378
21.9443237822688,0.58329631819793,5.17571791923787,0.969505401375482,5,19.345776587341,2.55321458084092,5.68247812628777,2.59628395970443
70.24404298173,0.868419235886647,3.11284870368152,0.546414342626675,26,31.89845498225,2.07315988590527,8.75116952433172,2.81842460793602
60.2714927382248,0.519491587291021,4.84952241136263,0.701187505074477,22,79.0287179789831,0.723106567649365,1.59822441517242,0.361813759102149
40.6361825366662,0.783798878181589,0.815000213172421,0.307324908569546,20,61.1672802360342,0.529883377762763,7.53154989569885,0.599428998722141
6.52235066795295,0.343927916735423,6.590670756703,0.567231572889834,11,28.920840624204,0.487484847911144,1.59788056836691,0.358416759930521
47.5003998389359,0.683101475313338,9.44527063959692,0.807340697351131,25,63.8310271528151,0.979135034470835,7.40047219563673,0.937706080269456
65.4933210722246,0.911968838313185,11.070686769514,0.870014192974148,2,63.0322147229719,2.11014753718055,8.56844097352655,2.1565178585582
44.296361758945,1.07028584864173,9.15189660456764,2.32575136352924,16,108.101184510592,1.48459730263175,14.000270473904,1.15867167116746
20.5275782737225,0.89880533631585,3.0762297564043,0.479670132492446,4,89.3973426292809,2.69032714524491,6.72988932248188,1.06295474450577
17.3545525481523,0.942939827305168,4.77094557728697,0.901946238373826,11,59.1585026567319,0.999317171428423,11.3006673735866,0.835796902901436
24.4774657914446,0.483603282902198,7.76689602195246,0.663036145419689,20,45.886708207616,0.885985317369957,6.34235377219368,0.490566194651477
135.396415556922,1.52212575338862,11.8879802626076,1.21846409762909,12,177.32780818004,1.00443993174009,12.0323256192151,2.35681832458957
5.70584313315885,0.341861357918518,7.04407260646381,0.951178514127586,23,42.8433880890883,0.546909526233742,10.7753997851866,0.676949136507535
39.7734207458855,0.717156753599143,7.8509781547496,0.951777906781135,1,30.0315128379104,0.878720935495348,4.10771879811589,0.552213060404384
38.9030265607081,1.11111061485336,13.2318446468262,2.51023877608271,14,64.9708996222095,0.588830649956346,12.3815976484918,0.757351962825188
182.001257366295,2.65170196461881,13.5758924253842,1.46403951757111,10,107.289653347575,1.554026227124,9.36583747660949,1.49056557338277
242.219323703236,1.75779914326012,14.4725321354936,2.92275379750505,25,49.591755141316,1.25993908494591,10.7513512657486,2.76385315553863
9.37120760386896,0.366662797197897,12.3731567078466,0.921733015864048,24,39.7531798275544,2.89969046325336,13.17902043856,1.7312559564634
23.0976679850639,1.7909073502228,6.5696268150788,1.01584557475042,6,22.4211660295722,0.885639642998927,3.37022653401297,0.504040131099813
20.7154702276558,0.601723196119106,8.45079411292853,0.941734488161103,25,16.1769846274682,0.473599749743754,8.0141396584573,0.88678141839488
54.8122545455275,2.05713065970167,10.7275712617702,1.40415623433794,24,55.2731004357245,0.509529922956744,2.29435108444541,0.439244382422615
31.9961568964997,0.533829113271604,7.78671493795691,0.540380565845796,8,13.8316934565861,0.475641536699671,5.27764793139535,0.520886625868177
31.1778032199083,0.55644176252847,5.37732058855451,0.466822950220973,10,123.939350655493,2.85819482389444,10.926671321191,1.51952054305848
68.2053398792877,0.922577202799983,9.39743777461641,0.794474486424769,1,69.4597443192078,1.67280789646473,16.2523652907489,2.60957766005044
45.777179021126,2.9435288276118,6.4083296084645,1.80253070153331,29,90.6597247503216,1.78869478761284,8.55224730102421,1.50055035505345
60.2931691642361,0.888255216194657,4.26192334757694,0.626707604711004,21,37.3463618024484,1.66875142944377,12.324608632614,2.87581111816039
150.722008015267,2.81656388939844,14.4047172529685,1.14769835710442,22,77.2407900092195,1.90036354962926,13.8774502207327,2.90137896532213
177.581633810177,2.74366283491844,16.0702114766183,2.66199775963906,14,27.8677546039668,2.99609300835595,6.06095302184913,2.74104115718229
21.011912785486,0.737493728433904,6.77190785091111,0.934711449762496,15,26.6156231683253,0.588007188634627,10.0613813387675,0.897697856364523
42.1306673528145,1.3575865758549,7.63538477887449,2.50537242008811,2,8.28199264406488,0.354431999145628,5.3589095806732,0.664362695962819
191.438781468663,1.9166302499631,13.2684200011895,2.86132562934604,3,38.788825385738,2.07211188545491,7.36883230448298,1.38024620156424
122.158452838308,2.51266921985435,16.7513276197961,2.95317809442012,15,41.5152526656527,0.466920150968236,6.58702551752073,0.743713408380494
117.349662987901,0.872926713658024,5.77416647927876,0.512933007135172,5,8.26838257732932,0.431513375050033,5.2444338436571,0.945653330642527
30.1169146954663,2.82839013742821,8.28747870877193,1.01486614114872,11,23.4414810373925,0.967959056751912,1.06905725013555,0.322178678352173
30.0312051189096,1.07461292609496,7.55447032038223,1.26888646918217,11,136.152439411743,0.947523492592354,14.366873394924,0.965169963658847
31.0252829545582,1.53961360285941,9.58455868008487,2.00731360145719,4,71.5015629913368,0.64304404681538,9.34731799727988,0.596429979057427
60.4912533489625,0.578351576948462,5.97131776281021,0.726975680892639,18,30.870439181828,0.505142795478516,5.11647985335679,0.726760112369521
47.6225273360531,0.919818030090846,12.8824687872624,0.813959667761797,25,65.1201045992891,2.62408390693456,9.94022868439648,1.40562869002477
56.3642777637461,2.7167703927909,14.5400553229334,1.03506314408883,14,44.8016818266412,1.9656185795493,10.5736698428061,2.81975416802452
40.4613836723946,2.8466444358838,9.73174493290088,1.54486329803236,23,72.6964933713972,2.43809095327596,12.7818874324369,2.64558793476926
43.1884318276529,1.61509855157383,10.7798051026422,2.00254352053053,1,168.317893084606,1.79432286938072,16.2046564319756,2.86363688708714
45.6325044367319,1.5787649111331,14.7467552816755,2.22768591487912,21,223.495341020591,1.22706465997231,12.8898507036466,1.73341450252145
63.7497780065799,0.741595002325693,4.74258909226029,0.424390853094979,2,108.308967982521,2.59514098440351,11.0218984519564,2.11765396072055
20.0672104552931,0.436810400459831,10.3912615521591,0.764262068564222,14,128.264847891769,1.21331193854416,14.8745395635174,2.72987651633553
38.8974059417721,0.945402930264161,6.34835892113792,0.760017949735921,26,37.1122519608331,2.76352788069941,10.1361424882675,1.19691546473477
5.03101404992347,0.306619230460723,6.48019575546281,0.778514842655645,22,56.4365255229298,0.95006252373156,4.06479005658581,0.474163507161735
34.1598122625622,0.835716991576644,4.33224302174622,0.47275453261413,28,32.775830758521,0.622050522013607,4.62185286844551,0.476447223888606
41.5951657278858,0.582438027545845,4.73267974715765,0.676073434877929,3,46.6862963780846,2.50103600271061,9.83640456911718,2.14743499885046
35.8533720009995,1.50398315000811,8.86163582556574,2.50926494148864,13,26.6978375034107,1.40714177776306,8.7538403730554,2.27384669431243
49.5877888433437,1.86956442807137,9.75521159027176,1.22208635031167,17,27.5250752767503,0.709905343193096,7.38952293459296,0.898647924242002
25.2427903095328,0.609266663683159,8.72788397736185,0.652504461541865,12,70.6919023300114,0.618825848371789,2.10043126337301,0.321876559546161
44.1835591207892,1.03991146864647,15.5319230119486,1.73877315564996,8,32.0048221155981,2.0514183651947,10.3204946094145,2.9190346365625
107.794771024256,2.39497604418429,15.9765515124172,2.08014369635156,25,142.602890363142,2.68410736761456,10.8221715396436,1.9057571049997
30.2464974135175,1.32207107008803,10.3182234615839,2.56027589387745,11,25.1936863522683,0.992028728600238,5.21653627605423,0.963933959014115
113.559345368657,2.37021963429638,13.6801308091924,1.87883011254958,1,38.8297066215985,0.705422575617523,10.4579103336228,0.901310374531848
54.1254829245355,0.62546122382772,7.98229506441869,0.793355784104251,1,42.2555709666601,0.994658813220507,5.11701720465354,0.91625058398079
109.196377946523,2.18812677257175,14.5086713458696,2.12447394431108,27,23.7641075410013,0.366580408807705,6.12646989121522,0.495555389919041
47.5797281324258,0.867597070057378,9.55279370417718,0.713475380952471,9,60.6938231325031,2.46949984972805,14.7640612750667,2.80886820681573
56.0059806853687,0.644909466898546,5.11442936466923,0.508122071146138,23,35.0468573949165,2.99980799364266,7.94410632305017,2.40293335793319
119.794872635125,1.10433586416329,14.489054415357,2.38025861150764,2,85.3177559155387,0.961345051909408,7.74313506899656,0.580518365853003
110.176575736001,2.49704292557338,5.90688922517877,1.77418419353958,18,48.917474889849,0.586728468579091,2.51889649385319,0.479056779234114
62.3797908119672,2.07278500584258,10.5378068468879,1.72374046972277,10,22.2174565354348,0.914758114500086,6.09997914780478,0.897420872632634
43.5638978251223,1.80841348370083,9.17481525954972,2.37865328491563,23,19.758975224045,0.608665382689311,6.48160410159733,0.866199865872458
56.1523563219306,1.93791203627432,13.864307335886,2.79582867191755,19,47.0210595388833,0.615869521374932,10.1611489465325,0.683236131652556
15.0034420097317,0.987791842639435,3.95827091201635,0.697969337653944,27,53.0014143475631,1.64977107011875,16.1886146725025,2.73777800282922
21.3571263543022,0.553471385584774,3.00663001471489,0.459784371903307,15,59.8132435709101,0.91590977758457,8.24069486649739,0.842972777675774
61.2515141586835,2.55910493662101,10.5377686188561,1.20036263533486,7,34.780566535868,0.535720027540284,9.60676141326782,0.639866329639347
18.0499066882236,1.28094599985751,5.81761804733997,1.49814570436637,4,72.4306942845619,2.20028433600395,14.9766241918711,2.60681271607285
27.464244454608,0.847148709692214,7.2314129592669,0.7152880850537,7,19.8407572242704,0.952607095807376,4.87419845359399,0.892421281847739
39.6071972511065,2.32831775978751,13.1278195289155,2.4213476023839,30,68.45372781267,2.11612749377272,10.6446801541811,2.48006027539073
16.3200177501708,0.478550083726447,5.64888647617947,0.81525084900456,20,73.7050474040793,0.503628370700827,10.1661825797505,0.614038065288322
24.6895717601365,0.554696687739821,10.1426384580752,0.659274676663499,9,129.951080424907,1.60658922797638,6.89231736364321,1.68225008275486
46.6760314263331,0.592363854367895,11.1858513156936,0.813181299756064,13,55.1422641328796,2.35554856655697,11.2854720025219,2.31538761886914
25.1268297172877,0.522789818574691,10.6296091850365,0.669091546176609,16,18.8013912971725,0.365447765631746,3.15276893123083,0.418961867976095
45.8909013108801,0.620303669965634,5.62265034902085,0.500890513240443,1,41.153070558292,0.669238653859622,10.8801867579301,0.718806714938173
34.2326281746786,2.62625847989982,8.01301889689835,2.27180130828854,11,42.9340459358666,1.82136678824726,7.05594290706402,2.7131822815211
52.1669188135662,1.20879794766048,11.3161054650524,2.57038675466569,26,41.7922777888182,0.550576102652589,4.75162562690537,0.408878610291905
75.6957031586147,0.806526383805457,6.11971619479071,0.79879619613897,22,73.2179305591895,2.31332790243845,6.33529122831465,2.93338558646327
38.1892452904638,1.66004661275726,6.94943884357771,2.21123597461172,21,84.0460239006918,2.98671184997373,9.44947143190945,1.06722738961425
29.5953943623108,1.84118259234853,8.79973192773557,1.8668467032591,29,42.8349790607341,0.938649762802166,9.17968634309281,0.668950302455724
9.80046370399053,0.397647746553412,6.71522550554736,0.920432941087553,22,16.9714135451777,0.828201857505877,4.76646272105548,0.681496698517806
7.04799335343139,0.40211298796243,0.890735381707137,0.321064406859246,3,11.4119412872626,0.410226708974243,5.05609050204601,0.78655522966809
149.841477368277,2.36741755143973,15.3110267363897,2.54503118922735,18,41.2813487379553,0.91558015966921,9.98169041509157,0.928393848064998
110.523506704479,0.907049237310981,6.36676087880547,0.678139111401941,21,40.438927683122,0.989022742538315,6.90546514710576,0.639861328198998
78.5724383600098,0.911199568128321,7.89477547090139,0.612756794159783,27,6.71633444928478,0.387359153827372,4.02850888263384,0.518747146688836
138.8237615022,1.48423767295681,9.19726055155481,1.67610379764166,18,67.1437596438432,0.769261187366551,6.01306618567413,0.635340751221755
121.280294681463,1.90730538603791,8.43351312475315,1.66993732393763,21,98.6652884280789,2.44799950838319,16.6672130599611,2.04750156349823
26.5005790442614,1.8387801271614,7.91758979668009,1.43104391916998,20,90.2835794581946,0.860918606149874,5.95514597557008,0.764211845306381
50.0237968988013,0.572665064343468,4.95867651677672,0.523200268558391,27,51.0611530616874,0.619037521617916,11.985798742049,0.716044716494694
17.1951337867809,0.543835136953274,2.87532226929683,0.471452592506519,26,86.2833398142188,2.21613692030483,8.73400179572619,1.56976271680606
14.8653462538099,0.336581272672084,1.65889573938242,0.314870655208195,11,60.31119843389,1.52360416133523,11.9011085283509,1.93929744574772
33.0208629875887,0.410096150076192,4.51095233425757,0.55858885479955,20,140.631797506453,2.52516831932998,14.2982087234899,2.85569711710253
12.7744947408289,0.304426782097416,11.2429798344726,0.918857980249941,3,47.3805951422346,1.47345497511217,14.7539278595952,1.32859820849736
42.4036006478603,2.30948001634995,11.1580809612952,1.35426384019597,29,44.8999730631568,0.788163000356524,8.62051475750423,0.624949402539162
94.5309918456845,0.930995354155763,6.11447648080509,0.731049570556756,29,30.351410005958,0.706956648320244,5.57262036500869,0.745923924859761
104.608128384649,1.90964908855879,5.82280105213769,2.38079107707205,14,85.1946444245073,1.67156385927047,6.90232741104554,2.18303461455627
63.3965604540451,2.7790877414936,7.49132262513066,1.72073687936842,3,51.2353234138268,2.50631337096395,12.6080715580136,1.2876802567843
60.6276125268672,1.08186835231563,13.166974546061,1.38149729846118,15,71.3347322231645,1.12858955087734,7.64735543000303,1.36565311672883
22.6200497642618,0.871122134468874,2.74532796573932,0.464768642979683,14,37.9332642423879,0.621881548330846,6.86857847800896,0.575830765352152
28.3142253946894,0.558296390342371,5.0965865307441,0.800610109492439,23,26.4359163551418,0.522960433324162,3.88990753113475,0.43276935806049
37.8869829050611,2.98880306478903,7.04291637699901,1.88179710209618,21,250.196115607569,1.73268003918203,14.897034301397,1.46764382755576
15.4806644250494,0.439688137447269,1.88140071743562,0.387279692296885,19,33.2686344603979,2.74809387759928,5.89972251366558,2.47095644283717
41.9616675760992,2.7481670853873,10.0016546556149,1.16632683627254,18,95.3939874182048,0.694448027751307,11.1320886830058,0.676858309781376
74.4345971393532,0.855015864989908,1.34553838474933,0.308390766419277,29,33.8465954282939,2.34626788607934,6.39709454496537,1.98344211179133
29.507729329294,2.3598311376784,9.36700237907927,1.56863516873656,16,89.9257849139354,1.76963498704706,15.5968309419605,1.24209014224364
71.4906971791089,2.52829826153073,10.1233872560233,1.34094848102136,18,64.2163041461972,1.78245759031848,8.27541162066189,1.76023288797101
60.7513566385051,2.05990679648102,11.1908077688599,1.4945037254427,15,34.6424482823034,1.6165113894917,8.43022226191279,2.18501716564502
46.4696430942051,2.73992901820779,13.6394889774204,1.57816217623373,3,27.0765334278192,0.494726971223692,9.93975045268355,0.849526902527441
46.7003349436578,2.1340677132334,11.3381321491452,2.48402477942883,20,33.1908491602549,0.626126123810827,3.99655215471679,0.625389076554845
44.8356928912795,2.16514372250787,14.326159554134,1.59945472320234,4,40.2397735151802,0.328246269948612,13.8768440226471,0.94172587179827
114.010816026069,0.670157160432076,4.75061649027506,0.522484187385281,22,48.5898374754187,1.64147964631803,9.02664073851744,2.04687770675648
37.2304103313563,1.23945909161296,9.49733872167017,2.97513280319237,5,68.7130307106881,2.44051041758465,13.0392508873152,2.91916203558292
46.2633857087696,1.39340146812818,7.48943102279542,2.53438846057,1,26.1913366942166,0.599178036133507,6.876876626096,0.696484084424889
69.7175096453478,2.78027347684221,8.02583604538741,2.45173711575591,17,39.3482138276021,1.02143966586256,12.9871929661844,2.78048905906782
86.5200855397038,2.1505345388539,10.1216367564529,2.22921132282767,29,6.78649899655527,0.352261273232458,9.57804932182153,0.907794396459169
40.4823757842204,0.52575419085023,1.89096327997647,0.319262613489855,30,61.7671648824362,1.37954940487724,14.3858244748214,1.50904782159841
109.040067886497,0.908619495805081,11.5843442175855,0.779196577222553,18,92.1393414659918,0.657745420249448,9.7945466988095,0.895936844271571
36.0578129327184,0.673811023913069,9.91772772643773,0.631467143310974,30,14.0295502529822,0.412961809437204,5.5487927856809,0.534510917204833
122.573216753011,0.702096815681734,12.6280573290649,0.94170272210034,16,32.5149290097526,1.94286279844514,9.28409928708628,2.50943374314213
39.1825632765914,2.46328893679855,7.64511132097346,1.91571780680629,3,41.1578703463476,1.25705123364375,11.3690264856153,2.83618926166203
19.7282502828498,0.422777174998332,1.66246457729486,0.314738110422398,5,251.802247269478,2.12596395130133,15.6018941999502,1.18177536558053
54.05929330172,2.89095443869206,10.1682877144986,2.38560182495073,7,119.304529524331,0.799066103912251,12.9220730908528,0.879648020952594
76.9602547356241,0.829479255774123,6.37821064087584,0.890711961348268,27,51.7167232226853,1.31871697237028,8.49222439058748,2.17175152923452
90.3116448463321,1.30505638378376,16.509464827418,1.64406051002292,11,42.4046630242185,2.62939255722029,6.89037643158526,2.96600153393887
67.4808753883424,0.96130761560576,6.80171595167892,0.697262505670056,28,36.23905341908,1.57288253089556,6.6953296813316,2.23452557699672
50.6365462670389,1.35182824302538,15.5783439043036,2.54928759026352,20,35.6989360166389,1.81759755261805,8.16839276879435,2.29240524760418
61.6269360445347,1.88056179475993,9.80779307577601,2.57487873513249,22,44.5732792878022,1.24525557955739,5.68786995335665,2.53529788728971
31.9473149793582,2.15558016341375,7.18737269177382,2.88998711020619,2,57.0334999099498,1.51392898382573,15.3507664963071,1.65243210998576
71.2473725196261,0.674443622543612,5.15762961286569,0.430387695981433,3,41.2273901887944,2.90789906882057,13.6740352462699,2.9977502206891
71.0625802944464,2.43501502850142,16.10893820223,1.50712349104612,4,32.8713094475905,0.889961489076459,8.94361068048245,0.687758275809576
113.613839227697,0.797420756102225,2.82346998271176,0.406877767316279,18,47.3146801849289,0.905787815468829,4.92636253119714,0.41822223237398
148.644228164335,2.2731115777897,13.4784701551729,1.34828032894312,30,131.49810533942,2.20938960462508,14.9337976128032,2.03802471378552
81.9240371811261,2.03169229335937,6.04716145589888,1.99180542351761,11,57.9036579167255,0.803083383709856,2.98610687601184,0.446570032342421
71.7437581039221,0.798924449470161,12.8167300961403,0.795522383294765,17,215.061458065271,0.901968877396237,13.5358086180917,0.949101410168757
55.6744396281577,2.83520819359999,15.6116815645361,1.81395224239881,13,71.5555086410568,2.69175180851721,12.8769573086685,2.67489905144678
88.689982181202,0.461401998791539,8.98532565999942,0.585825995495189,15,79.0603677054819,2.48679575952933,9.90831665944359,2.79513507496189
48.6788396257985,0.600946958908629,13.5370318425438,0.849606056661138,24,68.2757868132621,1.47934731782184,5.9468902944178,2.3602686982566
247.296628731398,2.79172648854548,14.6983574565322,1.00490939814878,16,12.4086239540217,0.494733404220467,4.07911223766687,0.611344912516243
55.6618991003021,0.607689614804592,6.0329076662004,0.992789122630452,30,40.2501238435619,0.63615766407519,7.51985576758018,0.708419181832687
13.5752162240573,0.423802589029237,6.04095606538016,0.547127643900853,20,14.1644823409107,0.466103796868861,6.21596929680382,0.542946987136917
34.0803940965146,0.436328985385599,7.60889574656445,0.573195869907,19,105.396168374541,2.66124411131986,14.6642337963297,1.31856504737892
28.1895113499018,0.661127610330262,4.05526238976964,0.463820329425745,20,97.3641683506676,1.08995799381155,12.3343112108806,1.62789003947729
32.7499011431861,1.4544794362119,7.91730389903008,2.77516278168294,16,33.8324783958788,0.70916758910347,7.19385687917813,0.530133698994143
79.6540894016456,2.97605356808707,11.8464372046823,2.39514552199965,29,43.1375830014534,1.91233629878444,14.2148813807926,1.98347833848657
45.5286758344845,2.20607506941146,13.6656729780316,2.97370567966934,29,180.771120671679,1.89337051736861,10.1204042202548,1.51854844483285
28.651304808581,1.36879404754221,8.36354963721399,2.7311678689949,24,31.2367528921717,1.62337854673025,6.9648723388725,2.7624439067369
57.2975305937153,2.48920241430459,13.4700711616067,2.35496618345413,10,59.3574402344376,0.967385304467024,3.54151050274577,0.379254277171141
18.0933483663591,0.862958691837913,2.43557046069257,0.439553599719621,6,213.770255383698,1.3487489960008,14.9959488563478,1.80215772753417
62.6950197432815,0.681154377994794,9.58002991708984,0.957212434630135,5,22.2110310835214,2.49456688677038,6.41951342532988,1.54580592141428
72.7599106450515,0.970885197087814,3.15265910599305,0.454392018275121,2,40.6385912834277,0.567148248202432,13.5602402521487,0.95949797433824
79.4739307336571,2.30909910929098,15.2046725765572,2.14915638999806,5,30.4954206313992,2.976210337047,7.65314437196939,2.04908032853484
35.6967354404338,2.10147795847098,8.1665854655266,2.96254565750301,4,102.598957954666,1.39694436259008,14.8329172818939,1.49803702917367
20.1340656978655,1.8102552884384,6.48176993108743,2.09960128891109,25,77.1933373911272,2.42424772808142,16.571493946383,1.49220830365272
45.7722999265766,1.66215943027219,13.4888491109577,1.68891778255557,13,143.197564019854,1.99416506181887,16.5224868240544,2.73833586645642
30.4887666183878,0.813262418622675,4.06039825579745,0.673765574313474,2,77.4573728184769,0.870582624533323,12.5581179707176,0.909473945719964
66.3640841747991,0.977159735780628,9.1778930340234,0.78954734602767,16,84.9061904639715,2.36534574853677,7.47028021052105,1.06194204253291
38.2549646344515,2.02638515157765,12.5055764708172,1.66235383926681,23,11.8498077790988,0.353437955372952,7.06782887398573,0.937175108413632
112.856149499862,1.63431670881981,11.1984581246023,1.90955160407531,16,33.3379739017652,0.657817151500198,8.47187822264371,0.585848389854388
42.8839228432145,0.709960972683314,5.9342079773232,0.482092225001793,21,17.6604636543682,0.705340809322406,6.99035587591938,0.956343560803895
37.5024508465331,1.48240595827415,5.64454886101251,1.72228944664255,14,116.158666244922,0.715263264582185,5.34249529945333,0.491296868731422
122.51167512714,2.17180083825515,9.18162696575284,1.17662629896878,21,38.1938871370355,2.37054466840789,11.6484206748058,1.36596986052038
51.0561568571426,2.42844085319836,11.3556169224803,1.31410149301652,11,7.77367759319576,0.312480476644717,1.76044868396685,0.33589348128242
25.162712907682,0.377542289910392,5.16868365141407,0.566452452781729,16,37.7775418922969,1.88857273972772,7.40945170590283,1.22400425314841
18.7754286593436,1.35308739643074,6.22378614267106,1.86045883108698,11,12.9122580561471,0.364956926960926,9.70815981100554,0.818134779155125
93.5906312464966,1.1201133930429,14.8901966954365,2.16035063123142,25,60.8304622479425,0.613525194555206,10.0777857102319,0.855734312312959
53.8174726775645,0.446244802255536,6.31322007219563,0.498365297567327,30,12.6693599799261,0.371851762146449,6.53564127062231,0.860512454304253
87.0309059041059,1.31975880836968,9.56491299026929,1.04871753230764,1,40.5428614980087,0.616563077797269,4.29146595255122,0.462471154631718
18.41015241106,0.528355373335389,7.21604320063789,0.912355367034491,1,80.4907492130149,2.00192502924613,10.1061723882821,1.17704223545399
13.1204954660529,0.486510101353403,3.34768036681117,0.552205830201971,7,130.34321032575,2.82632602967355,9.75133601659149,2.57148509207616
94.0355808608334,0.959025626889434,8.87563641082028,0.736375113172387,14,19.8676515137046,0.600880496531346,7.46715068701298,0.784828796142338
9.52778655210438,0.3415412301197,7.68841588081674,0.836585865787472,29,33.1735714775536,1.95944333926338,9.47938391958587,2.83314649167955
187.086242312934,2.29867260305332,13.597238979231,1.79611894825523,23,20.4370291143966,2.42358478762659,6.25411852584776,2.47894533296293
33.5129876155994,0.727565161553481,12.6320875586852,0.860978284121531,13,53.0672844800458,0.427156622157099,3.51619822399116,0.395355324379384
47.1835729148202,2.07599581621541,12.1299069978701,2.04647801754419,11,57.0400701694968,2.0864280741515,9.40657127297522,1.61629720925432
37.219207047765,0.611830886280367,4.57965683241223,0.730260070446559,5,296.935132662437,1.69039791937092,15.8098698290156,1.68597542158205
59.1432601730851,1.58914261341576,12.159957105429,1.78203343186247,12,23.0776419527713,0.724427268305492,4.96535060974948,0.539527709166164
36.4130468588207,0.849019599960868,10.8604942397274,0.963076608211557,5,118.865469550788,2.6199544036116,12.4763718147633,2.54728104639584
277.966241135667,2.05258149032268,15.782386328493,1.17341860793539,24,28.0953164952047,2.66646096955914,8.50829836433167,1.82529437057965
41.3282267589003,1.46971367369845,11.9254074656245,2.74331641722487,20,46.6446390414448,1.72799411725083,9.87461505021314,1.76902429439966
34.231780198204,0.77633815261287,9.04623676561641,0.672013892932876,25,26.9513292016638,1.21828863670179,7.75132577436009,2.54891583779541
148.166537362199,0.588673761528539,11.1922003442675,0.754886972070839,26,18.7815748819072,1.288409764006,5.94688450889717,1.99048628803197
11.3057360219933,0.517980367021692,4.79172401705467,0.69878950692533,4,33.0332515396854,0.551012680612682,1.3628938005092,0.323997963714414
71.4836726566891,2.20875990863487,14.3591518047592,2.17277112492313,9,66.0727947635365,0.461827521604371,9.26179133812023,0.810639095250611
125.157062785263,0.845798676066242,1.38250896928997,0.326512530194008,6,55.0272903222826,1.27445143175493,15.2267449285413,1.66389322836197
35.5343336918631,1.34042654467673,9.21790444539286,2.8209789210073,1,45.039703823555,2.8582316379642,9.92324281077868,1.14940577080396
22.8894520616404,0.680427757688739,8.60169878882753,0.861190650062766,24,51.3206037988953,1.71630634941724,7.80154296064637,1.13855591172252
181.889844368617,2.40874107146333,15.8550195021746,1.23689377610221,12,104.654611512294,0.615659918736268,13.4275216308782,0.828199501526944
98.0555569571599,1.81746537809582,12.3749193654458,1.62425367095939,25,51.4640370697962,0.787948383606525,7.30342771837554,0.980739466720531
107.598647478734,2.07375634916628,6.85515437199655,1.54282880191744,15,19.2932529215989,0.869693955329895,3.48081591794039,0.562908620808468
17.424438542069,0.425524211482597,9.88490146252876,0.602521762403225,23,47.5235069447234,0.995673212429568,4.17952543895526,0.522366447585527
64.0683765719036,0.547025628628738,8.37917248660192,0.958539821664989,7,31.0639970202344,0.644698910426188,2.95481478407404,0.407605001349313
28.1005798189119,0.879255002395171,2.38595850733536,0.42344810894428,10,17.9978652790795,1.44476282323387,5.76825419877625,1.76888592015457
28.7473408945937,1.7697915370362,5.62016355908029,2.95299812567324,27,142.9001634247,1.35466374672484,16.9010714640422,2.36368724495603
21.8704355596077,0.988966631007477,5.24933244022233,0.815159550541044,11,74.4896258954266,0.581305672676491,4.99697612159925,0.662605767304124
209.594779211891,0.981981227581601,6.01533922356867,0.470762285709348,27,117.835588096351,0.50300402886481,13.5630570082405,0.969643497483625
53.0487705817163,2.91987852559486,16.9370774043364,2.17178708525179,7,39.7959875451946,2.45431055576367,6.07148640136255,1.23007833407717
132.014839317051,1.66644863653897,14.4052033134411,1.60967150073771,30,217.190793777652,1.58461051510273,11.4318207529021,1.52903385065903
28.1911506843115,2.34196281379031,8.96941577210344,1.73899155653715,25,52.8459100768897,1.05578824131062,11.0694303336185,2.27214367224104
46.816862530399,0.700913268978478,10.9594840501967,0.908767534023915,4,19.0046153285188,0.662631038199425,2.22988660399174,0.448084345920635
37.3839771959044,1.69924626853229,10.3128881344336,2.12652689270024,30,77.9167880261574,0.936073319547172,9.4269999563109,0.650685883623959
80.1348463504106,0.916458749570796,6.27595411766368,0.891744161115969,10,60.0038565650659,2.51984360858036,9.4361611178257,2.32324545704985
55.5643244560078,1.75070002784153,12.2674567576578,1.34657148973892,19,75.6359829043019,0.426666431690738,6.31950027131011,0.500158871943393
29.9238783586565,0.907016561735166,3.29015272044525,0.520592863356202,27,71.9870241027368,2.58494748268928,15.4612580156315,1.28459712795954
51.0746003073876,0.714801098535254,7.84464806726447,0.786113314169155,23,71.8823065257976,0.718598607645041,7.21528545571027,0.516917580686186
38.6188569519977,0.877733516691223,5.17151156815885,0.865753377656504,7,44.7188028511252,1.11884048509752,10.1126421924643,2.18807359131661
8.14990399932078,0.302339898398312,3.11598317562627,0.458190201717071,20,111.95973068783,1.88128398603325,15.6591486193178,2.52393669088412
125.425353101408,1.19849453801992,11.8709407257119,1.93444836463773,15,19.5585561683143,1.0289510236076,6.87007244522714,1.95396731054712
4.73843480936555,0.335537535159306,1.9755409457486,0.445069333076262,21,36.741979698639,1.1555911884439,10.4347177382889,2.9742446409623
48.2011407743592,0.903615840587753,13.6027226734609,0.844315398144757,9,18.4704184786072,0.671881535340883,4.31454331035115,0.577110991145005
91.3665228839853,1.40716231574345,14.0852204832027,2.09640461602305,5,60.0731358244899,0.693558813137101,10.5050216592016,0.714967517172724
22.3187694171923,0.565225795266719,10.3999308247306,0.780512801506069,17,93.5882218769939,0.890406606136498,6.4561593972746,0.72144260841247
25.9603546917896,1.04501423614372,7.45382217132422,1.67187228607154,22,81.7083674629507,1.3718888225596,6.22502964941774,2.27096117216587
124.3077047308,0.682340947905168,10.3907575203477,0.681673698691778,12,55.8027221669,2.20000096715422,12.1405061202305,2.06919367241872
33.3093715511627,0.855446345195344,4.37641131919487,0.632246759232141,19,24.1666096233819,0.651297000912153,8.60558395735828,0.963203840079461
12.1042957511865,0.477583362885814,7.40917135624199,0.764799436149398,25,32.3790001260863,1.05180709444268,10.9615624641167,2.47437349784596
78.8049579528372,0.87461797632533,3.49218372752837,0.372591742943218,6,36.4096688381269,1.12510104766915,10.1371029523179,1.69326101424446
128.647193922953,1.0594471184062,14.4280998098691,2.79292975365415,18,11.1184975036508,0.429277025695639,5.27733791578773,0.519165834336125
35.7562848236881,2.42233566901091,10.8272631404673,2.60390182322829,5,68.8929466234434,0.636275069151016,5.12800335837266,0.570528656587544
94.2521216813835,2.08579065946615,13.7458863808953,1.45626152115401,29,27.5033869241356,2.08380100691113,5.97534862171134,2.19963708893908
66.7890831034153,0.538724566693829,8.58536123997568,0.912595859115414,3,137.16277779351,1.32362469238985,12.6586687967247,1.83090140050235
185.452199234531,2.79231459351126,15.4272466656609,1.72186088638778,25,40.8332653526406,0.686001622527012,6.91507014083699,0.520129564062035
65.0401859991505,0.770249970986349,12.6169903840222,0.929729610784197,12,43.3108017471703,0.343871733960239,2.21500817493103,0.332123422079279
80.1671459783554,2.96114448353934,5.81844347561372,1.20601446068137,8,135.227238445076,1.09406604922627,13.3684836753911,2.21527718830924
45.0910808970266,0.906610791657567,13.1938809613168,0.936620960186701,7,36.126718229857,0.634843047437353,5.52951042635781,0.61712814668797
92.7437420825648,0.917632323735399,7.29917026534782,0.904715809567279,18,37.3920156610277,2.67520828898736,7.41361827223215,2.18558447242879
55.3085027592343,2.879084046214,14.9063245340808,1.37568193156419,21,41.0462039098552,2.15108663761263,8.22147236323869,2.44601336726634
16.7649358065758,0.383768059147414,3.26258810136541,0.542806315428537,16,30.4256648631003,2.10080151767545,8.70390597222436,1.45857061620536
14.1928828715085,0.319671126620994,5.41141709940388,0.619667085145496,15,80.5500826545978,2.13444456234209,14.1702239002386,1.81752905578896
251.389357071007,0.979246670593772,12.9387924148389,0.850803670436456,21,35.030914281719,0.718515530257227,5.55570459381704,0.59991067413284
172.615369088707,1.59018757224825,13.5313332567984,2.71752400245516,17,105.665932689583,0.631504062809352,9.13304740711774,0.578363956793366
36.7394985446769,0.44869222971605,4.25702136101062,0.653796720187163,13,62.9003639357379,1.59744655268234,9.27410597608147,2.39861712653331
98.0349728213053,2.4525447808568,7.33303689186737,2.37127473870731,24,150.12268731427,2.68413815417675,13.5078131980799,2.61077230909477
85.912881657894,0.824142553797931,12.8851972293309,0.971889463488048,13,15.2227550702511,0.751733245231322,4.68564479559633,0.871310697330327
112.907885696387,1.99277887164808,16.231576802684,2.99112294150421,4,29.8908971666613,2.41994573608758,9.64473632348477,2.19577994640872
35.3763016528964,0.854066224034945,9.77335042672484,0.763136838464291,17,51.9444777476947,0.77103259409139,11.5384551753458,0.902722912184301
23.8356379673709,2.8892691171612,5.64711417763451,1.77451655082519,2,34.8311037127679,1.69312144313585,7.01950466836271,1.89291541102723
121.750105702943,0.534503714193406,9.03273212665811,0.579105259998921,13,83.9826373731965,2.14473986312267,9.30678727958215,1.7430413486421
14.6245347860115,0.371228949406248,8.47927870330511,0.657143819327693,22,6.38506442484214,0.325750771321683,5.11760098590052,0.648281865467561
44.2944998351701,1.55323728385984,12.9697963356408,2.2799139403855,1,79.3902174386714,0.786253714369446,6.90504693843138,0.760642997447715
30.1346989848921,1.01150376829594,7.27574819573009,1.62109892197255,17,74.4473791511287,0.950374124198296,8.71557580083149,0.626918362800156
120.475246310902,2.61781685050331,11.5680495273824,2.6078256013145,2,27.776298786414,2.18774427855724,7.06478840678601,1.05821587054559
38.8605041134193,0.945146056407712,6.27421303534932,0.499989756010157,1,220.257277628904,0.924404287561117,13.252019719358,0.98982378061135
101.131904211922,2.68489415673581,14.2540729706372,2.7438485007981,6,22.4267994407207,1.32824562980321,6.26146284610975,2.59208554577495
38.9808894586361,0.411766001632669,9.3350490669706,0.949796281239698,1,48.7821838352387,0.618779613401518,5.0049323313272,0.471371935513146
25.9386038201842,0.966702688701079,7.84827145485104,0.922481017222696,4,60.7321187332003,1.73458660397178,10.1601373607925,2.93409252808025
134.767824422928,2.4829436745344,11.6138700498912,2.56567594240925,2,259.275828087131,1.03516087653336,15.6624202548804,2.76005991576428
35.5646365959751,0.540601642052538,8.08327879545712,0.549453090112165,18,15.9188859791227,0.37651854154968,4.19047586502535,0.414455081196241
40.9478465338955,2.07295692995059,10.2562378505106,1.56339529859282,21,25.725268151586,0.740465139907068,4.49573635927537,0.49854241838774
37.0768288323249,0.509490990623585,9.64236380291517,0.671495923064171,20,232.018506052047,2.93287817932533,12.4571859453055,1.34128907125758
65.1750546418609,0.712922768713346,3.36502318627978,0.394251369319094,4,106.933531610567,2.05813140762847,6.50566441955975,1.70754720541492
30.9595083386054,0.714559033416991,3.28078010235901,0.434973823069331,10,69.7008948255486,1.6653602953355,10.65374497051,1.33548369047804
171.103657021326,2.69216785569235,12.8937104572732,1.77865274545874,29,78.213736654757,0.854934850946137,12.7362959065769,0.983483249616607
46.0355543130602,1.03991637554199,8.45359924603014,1.22944682289405,23,4.40693679683027,0.307968738719096,7.20307270168712,0.735555172308333
153.271525520588,0.804721101714857,13.2738732928588,0.99357114028891,28,38.020383316289,1.30029713368755,8.51199824124667,2.93641741050868
41.5351715602999,0.38703080821503,11.0339464893215,0.764268672885318,7,34.3143474697943,1.63193470344472,8.90748061031301,2.06111188248202
10.3937370795536,0.394946157120856,1.71713898003018,0.357464884503017,6,25.2322376161716,1.56885938467655,7.93172520963498,1.58914180991338
45.2256961418772,1.26646230051535,7.26568160490278,1.82360141432209,13,14.8236912554567,0.804699163050789,4.92120089779973,0.852061533636265
73.9227160676691,0.508529782466442,1.90441013937154,0.312464751341839,27,44.476188899245,1.06073524151855,12.4854005087761,1.10820996236414
48.7638411295941,0.740222989940839,8.91873350015607,0.683045226830447,17,64.0331153401054,1.56111918236066,11.8487071056745,1.59476250226928
58.5188297929616,2.15684843968817,15.989294205508,2.32997460313844,20,5.84488979711277,0.32647414708012,9.56335244938209,0.781147843755504
44.1421240523378,0.915074374702505,6.11035706838888,0.720328651922082,28,18.1523356514057,0.536278373908439,8.31307732023407,0.765607499451007
56.576176188812,1.63937825081676,11.0606837216558,2.16805189754928,12,39.6078921117853,2.61449726430001,8.01713301334024,1.02546537053633
38.1845604788707,0.83816304524389,12.8828595369874,0.980087776443447,7,19.5429121401056,0.795700658755657,5.09511192480295,0.979796776987058
7.79950419210364,0.349680351707,5.26760357004214,0.807100123729758,7,91.602836490264,1.76975415388927,14.3466355749304,1.53585946760472
27.8540531230461,1.72034754330391,8.94507584748872,2.74917004959385,8,84.6669118748706,2.66459368856033,10.2900009396042,1.43732057555295
75.7449611208522,0.796861318434767,8.6422675766821,0.55681875316115,13,43.5835732477011,1.16559646743094,7.48344397923243,1.25728937230528
52.447525410341,1.15324992380226,7.72357936634049,1.695056853939,21,93.3208361779907,2.54150064101513,16.2128516098704,2.8126273242931
45.9928948875164,0.847609151546473,7.78207885515911,0.525241345732103,29,66.7113079146373,1.0840198311476,7.26130597805242,1.41031149097526
86.0648336058964,1.18962070080521,8.31744779440159,1.36987491727511,8,44.6911091942614,0.886690480906351,2.49842651550171,0.369609063465561
147.445362816895,1.95417290718011,16.1778633670085,2.25438876534515,10,46.7832764757487,0.600543975369711,1.58529450195718,0.321646641928584
140.569688813883,2.56325523880826,9.94731417675729,1.62049273222021,29,34.4770309060078,0.642733603126205,14.630185757033,0.979655407966888
165.269569748433,1.10203255889966,16.5880716646228,2.41210919843767,2,89.8118436418119,2.47392686679154,14.0039340310935,1.50161450078194
43.7082745593803,0.9269578424742,2.04704251128164,0.335751659069647,22,18.0857765903912,0.36116272593517,2.10621488889395,0.357221995464146
7.0954706340487,0.445731982713713,3.71490537582649,0.652508657803528,24,72.788902254293,1.81886963124358,11.1036098117786,2.1045567483617
66.7085833524445,1.51061641389658,5.64552334788982,2.94883385312232,1,7.52954112775379,0.347817811309303,3.51923926078962,0.530895099999672
61.2514623786138,0.533691442333077,7.62513555316696,0.557940599468485,7,73.0076533292031,2.45776879479915,10.9914595056525,1.00571860311345
84.6612767029556,2.04820154154553,13.5669371742858,2.39477239044669,29,21.3638703100594,1.00744400042924,6.182636367042,2.34200501095946
29.2775418177163,1.34247070045457,8.26628916392653,2.09672530218442,14,20.3204638104318,0.656419385285777,1.45721741468021,0.34980426528694
122.064289538779,0.676789038178496,2.745330555531,0.355517969150436,21,42.0883659126572,1.46427282837037,7.69457441651068,2.23041897925567
52.2360900609622,2.83496874711002,14.3405596154464,1.13997378826593,23,75.0528399615183,2.65113062781604,12.8308546467437,2.13310717472647
41.428861009955,1.00126273298189,9.10544318184814,2.74430310505737,26,180.112339333109,1.15210198241945,14.2653036261534,2.02251465200194
94.9713470413656,0.900630695731043,12.2601626066115,0.750660775324732,23,50.266348030229,0.745819935096496,7.75180895351292,0.578050726213036
5.67705115605414,0.342150869453144,7.29452851842955,0.81283152164368,22,54.6968766574776,0.883635586406875,6.55451134046852,0.528808965630056
58.7682409857904,0.993936843940244,3.05930450126284,0.561776737914177,1,34.716024171365,0.762029932317419,4.19254261939231,0.429737512843276
23.7693117716107,2.10895098409092,5.46690664299934,1.04645898921745,28,15.8505051607667,0.425186052714043,12.4482718387949,0.960843441372534
9.77202161214636,0.342872907151056,7.88081595404021,0.848458275209758,8,35.2376349451341,2.6273626141008,7.54616525414576,1.51701398308395
49.0457596669571,0.699265024875943,4.37744924871745,0.408896346171248,7,30.9456273408645,0.852114428214989,7.18555898372182,0.632123791473447
117.712831400326,0.943594143623656,14.4396982779519,0.930975527025938,20,107.995188155308,0.961075846903804,1.39846652317022,0.331239645475082
77.4407666789258,1.46661879423362,6.01058606679315,2.80745279869915,28,37.0284588307406,1.00403405817243,11.0767246601758,1.33853890065968
62.252299168912,0.644899453590179,8.24102117389097,0.929787499301031,8,62.2147133319686,0.950282949204296,5.93999279805328,0.892489016514641
169.006461784706,1.42003926794129,14.6693341386524,1.26307535570622,12,48.2431867273407,0.628584136667257,4.20970807314749,0.400231739433927
56.0369037285313,1.8907211770331,9.50145889085426,2.34285352302886,20,20.214464795531,0.95344604164346,1.11608809305112,0.343744228597477
30.8387290728674,2.42528674929656,7.32107518821704,2.94812694276041,25,5.40252941987252,0.370927527065708,3.45108037010739,0.556334783541791
184.16347620494,0.739569714817241,7.08708829387606,0.490521301004643,14,26.5944386940854,1.53543915541795,6.40189098216363,1.40785280885781
49.2029293195718,2.47668346069056,12.5373635110845,1.83470726294653,29,49.7935214034163,0.742957290396162,2.55949710955918,0.443787018107731
49.0081795676114,0.842639084170282,7.3101797251189,0.6723638350428,30,68.4965529031717,0.834223783412651,1.10864263871483,0.349821249578078
35.6665956565206,1.94749655017873,8.94420798570159,1.78201347456849,2,50.0676417170295,2.02348542873962,14.4791004377003,1.23656150876153
72.7075475303947,2.43341046831103,14.4189501368552,2.68020324172163,26,47.9878075092051,0.806752107398892,7.40179198331177,0.582889593681402
35.7775979619674,2.31040425306023,7.75975182874878,2.78727433055693,20,222.415716926319,1.2915001903927,14.9465739625457,2.31327783801516
68.5868048605842,0.990729395235508,7.75821673889545,0.51779313149155,13,84.9757999133984,0.515574343406848,11.952041161944,0.773277576043841
104.682701456326,2.62514581147552,9.17797048691009,2.11264667849152,24,22.7896781598126,2.06223043519587,5.95932226183582,2.97392016479309
75.4626361864284,1.63245157302411,6.41389309285051,1.23748211326956,16,49.6365228969,2.38886845557632,14.9022282262435,1.48636295005973
41.4961335452174,0.508662032732449,4.67317906798735,0.413677484374156,11,84.5061467093429,1.06442606984075,13.629568428892,2.15298178682677
24.2583132839327,0.855046626865901,3.71420973883078,0.650000650846226,6,33.3958919176838,0.533371503935409,5.09349727633341,0.823882973645531
70.1669584222686,1.52025174266906,13.6682448015476,2.09800730107442,13,23.2079594369815,0.651184573675237,3.12527872710507,0.424338735716886
21.9090886234073,1.97111450256575,6.9143132921157,1.4476712494998,11,47.7718459026122,1.84997060048181,13.6909465913348,2.80563572027865
51.8173722815442,0.665768937283751,5.88101713747167,0.566549955981524,30,40.7839875579132,0.930077785008389,3.42747808710071,0.546298519174885
72.1386343137927,1.12338799078049,12.0714997343762,2.33780512747917,24,21.2085134804785,1.74369969629482,6.81259239977378,2.8963110532084
44.7875087181571,2.84478987391628,10.3770605780204,2.12676620203638,25,43.456439276055,1.9123409131066,9.61377983670733,1.46227193414579
34.3422158039815,0.673649093202205,8.07375735547332,0.830743061248111,28,94.9213205588342,1.50484108237379,6.97242303462662,2.89999197668713
31.2876919884574,0.813009633848348,7.32374216173669,0.660954011991654,1,136.386307700003,0.785205246970433,6.45176966709337,0.605090150724643
32.0345277706469,2.61784834592373,6.38090606983349,1.23174277343309,17,122.390796823321,2.34203454298886,9.69053916909759,2.59941462988137
87.6572779508874,1.90937105478898,15.6430226235558,2.40242849664907,3,29.9548051084509,0.804907398495823,3.80918211742078,0.484197666897256
96.264133612061,0.881602007913991,14.0163907664729,0.99634722168831,3,97.7868663428768,2.46413295831263,12.0162642677206,1.31322507286002
46.8475545106771,0.751498816222944,1.7922477919644,0.312916356739371,24,143.999760917407,2.94534195678674,12.4115958876972,2.14090370323387
87.5543539042276,2.19465591509587,13.6597486379149,2.10848477214362,19,247.07991072306,1.14590575006092,15.1989988197417,1.76671243281076
59.4354916321558,2.59806502316534,7.06014490309811,1.23716130863897,3,97.7743035054821,0.762564580361582,5.5104645826327,0.462667063413371
45.5975929311457,0.392211996110507,8.81664423595189,0.940143683798944,17,35.1862076383316,1.28716221208227,10.2771587723501,1.55769473859511
31.0203612599708,0.761880319031117,4.08522373420827,0.70191189041314,25,85.7012092062216,2.74847335212844,9.55862614103234,1.72857983917634
203.847450857425,2.96841083007357,15.299741635128,2.48468245613624,2,40.6997734966394,0.434371905883163,9.90443822809966,0.630093065618263
115.031929883071,2.87723760749229,13.0408517099447,2.77178234728334,25,34.8523077479612,0.808885349319531,4.99243005158988,0.803569778737471
36.1993740308806,2.75722489273569,10.8398483096976,1.6024408739953,9,47.6785254008944,0.650514883857599,11.2292591947433,0.734884065874602
76.4108700823035,0.981445505204168,13.4708229317817,0.836349259762447,22,131.357123471033,0.897541790304976,3.4830844092704,0.401707617260117
75.0928970939876,0.623468560194289,5.70544489258771,0.789709602226953,29,45.8902753413372,2.2607141247759,12.2041656713182,1.40220089744546
81.6622665378362,0.535477349410189,8.83769778669624,0.846140062891765,9,35.703090021879,2.24960859715875,9.42036805179243,1.86033756348012
53.2063621702289,1.4386882748495,12.7176721835909,1.82113831349423,27,151.953108052621,1.72798033632882,10.8789093031243,1.90119319018617
39.4796490405527,0.952431914665709,6.41231957555399,0.516284742436901,15,21.332044050285,0.589329351549329,3.88029696019266,0.514359498005293
44.8006348006101,0.90563357763051,9.11378620692962,0.90819485615432,16,27.931753065261,0.697455522265353,8.45939971598055,0.671972636069053
33.1800098746384,0.402876461385952,6.82357274735162,0.507862731459442,24,10.7512944577357,0.310639578911273,6.93025749235152,0.584718805456634
90.135769257322,0.616848604768962,8.81372933130058,0.586093616515415,5,155.68092833971,1.18934316508751,13.6061634797602,1.46753470274718
73.9893235461072,2.90898804806945,14.4734633221566,1.68114735759087,13,49.0429198060859,2.09317094646609,6.82602718717993,1.91252701184829
123.743597587995,1.04567184928973,12.0200406186184,2.19923886635165,3,63.6683317028555,1.98880402881803,14.1627700593671,1.07024331569155
10.560440963777,0.426707244165149,6.03031068057598,0.641317063143821,28,14.4427517445008,0.343046824647787,8.65378584725863,0.758985938946479
30.6736580579495,0.692258557928488,4.1853844527338,0.529516036949911,18,48.9180740954899,1.2917912395285,15.2002834175598,1.20810484373408
32.0309059708514,1.60742411821263,6.46902081774453,2.89421985773007,20,32.668219056113,2.50318818443614,9.73261504067869,2.84413584877926
8.58283065900248,0.34652294377767,5.7417068631126,0.540994487030199,18,29.0666992421074,0.56006657645664,10.8095212236528,0.736890159315399
186.287682517799,2.13184872218255,16.5818192763366,2.4496345640921,15,28.9706113905767,0.810043683634605,7.83222385192478,0.644551383846261
57.1394840195653,0.963866159918595,3.37483501189445,0.566699899516967,13,34.1780995471818,2.85252293530195,8.34983681582803,1.2522540833185
72.7995400724553,0.779844786102706,1.11974973341036,0.312838323067936,2,74.3833307986945,2.80616975864748,10.4093864641804,2.83711058262274
40.9777080546605,1.10544091309188,11.6108436379167,1.63848211059242,4,61.1524189567734,2.10867163802324,15.4237387074481,1.54907328953468
27.1214312510538,0.683058824665744,5.69248650441199,0.699439729615425,30,38.1074633681292,1.03000578626093,11.8157171619745,2.86963663178167
56.1954453616141,1.61461606086581,12.6977821264531,2.39124787928801,10,27.2787495345122,0.587746588902433,2.54780074706632,0.40905162048058
27.7224527001505,2.62252628956312,8.75237222462321,1.64568159960434,2,52.9029811070096,2.71254747647566,6.75488874598501,2.7908592532036
29.8076731033218,2.06974437739354,8.06779891633649,1.89654730951453,8,221.933297610541,0.8661155741639,4.36021483824596,0.39547204551833
49.6009139232698,1.44529121874823,11.6800561066632,2.77211227353133,15,9.30428113699393,0.427914723708899,6.13786270735584,0.866542358497427
118.592653823051,2.4415511566733,6.33029202260004,2.86307575894796,10,69.4150041339634,0.781378304560826,6.86637907272076,0.965804091646797
76.8842269608629,1.819963238848,13.1265954586354,2.44431825679151,6,34.5912451572622,2.42684819068982,6.55815688241808,1.65525825669353
32.7426816874513,1.4020973037212,8.03394416559484,2.04763045815546,27,25.91066090214,1.37529370707271,8.65374804917673,1.41993502421808
29.9455478351194,2.7165638800897,5.99529662625302,2.32257276892553,22,51.6170081738084,2.23814929453613,6.36730730052101,1.31656032506112
116.928176075509,1.67317136224466,7.70387156804658,2.16485881617706,8,29.2005217982203,1.59589155428344,7.37142532559557,1.74096284150483
126.260174469438,0.734805659532928,10.5722236094045,0.695973229733935,19,33.5919665585626,2.91107468136145,6.29205559174129,2.20664656066053
51.3694793332012,1.78266100197599,15.9308656482198,1.62987398468213,22,111.420541991214,2.39801629730687,14.2984349396308,2.35904520475533
10.1508982847204,0.336340776692221,8.53628099618209,0.56612993209102,23,38.8966532381044,0.876401334276479,6.99828017230297,0.555512822412453
63.6132312885138,0.989513003782256,12.3698387334639,0.919165476161631,16,26.6799123986083,1.88575732865098,7.35037660914542,1.63667186291371
26.0201088274427,0.641126264299015,6.86290606232318,0.765350517440546,26,69.1552736860617,0.538213320684503,2.57164115489456,0.353181313080041
59.0549488316749,2.84947776964228,10.2432219867069,2.23855440666957,1,52.686944211002,0.849696072529841,6.67858382638292,0.499063894137667
63.0975879363179,2.15125077927707,14.9023620063622,2.49293478375096,1,80.0275104382332,2.03965084630715,11.5914459340882,2.07708133870284
205.368698234877,0.995533620100993,6.40499605520224,0.493287396713177,8,23.5571752827087,0.895159136143325,5.6505432647014,0.891538060940023
136.316614710503,2.23551596367165,14.9451722053523,2.30011394543804,1,95.8604258828719,2.3811687648464,15.318908852141,2.35612398517309
34.0701160801432,0.828650565227309,4.68866180199448,0.759869028989061,25,54.5987951329527,2.82075238955697,16.6590023396298,1.66340352260715
105.753048504367,0.856305108940228,10.2794932109794,0.748048376509674,10,160.829761431489,2.14412805000441,14.3903204618814,1.50048905658525
33.4719496852098,0.615541523766807,5.9025054015813,0.876358358265258,28,86.8024826217268,0.922398380508067,6.16556370899289,0.745725084111414
58.6464792015925,0.402148238911599,8.91999287237688,0.611020615392263,5,68.8554786973235,2.43609003537896,16.793820119618,2.89233863830354
59.0918136572604,2.83094231334753,8.24329044781651,2.02217078321225,23,77.6056639012861,2.57902811629411,8.23974565382157,2.20040478711215
21.5297174772736,2.49066863954074,5.84505475479797,1.53602330750311,28,23.8105161391055,0.824332704839902,1.80651053911074,0.413191161489627
100.823249688893,2.53092923943616,12.0021310382495,2.45981704502339,2,56.210962453638,0.629551107885202,1.01964248704589,0.307440229881209
36.7784169765365,1.84653159105312,8.48833319477908,2.71547238118847,21,48.4415559872088,2.78178933991653,6.52619485710876,1.57901534935315
175.083016584566,2.44579362561161,11.7612868767012,2.53450667601988,22,32.4914827901247,0.729389789542391,11.9234834488725,0.909196119309341
199.880232307709,1.88313469398143,12.2691396854644,1.2895677519307,22,68.6253191148458,2.0465167245384,14.4671963992183,1.09746713096682
21.7981862747664,1.81184918513884,6.85531880400583,1.60349877361932,8,72.0400065114435,0.846214733120686,5.76077642481922,0.637599845491571
108.44409979402,2.55443702871256,16.7886261003678,2.00548375594009,4,47.5844966581268,2.81589259887898,6.91212908136251,1.80413550465055
76.0178065328804,0.517325292882393,12.6873485723092,0.952541286484463,6,111.404596092659,2.60773122892973,8.58395061990266,1.17700016237629
10.3009089607879,0.41215411826927,3.87225513968787,0.458414287425554,27,145.953391839739,1.08296315120419,14.7504751649496,1.22406721893035
217.298575858336,1.93365875735163,16.7977309132741,2.30876824794949,27,110.488190585761,1.28716753389277,15.6805344742394,1.26199866258101
16.6992869160808,0.441368129769708,2.07334371921708,0.432197088429904,2,54.6767404297586,0.925254662163204,11.8147431719809,0.820295342355285
23.2631501483379,1.1591778517197,7.4668555910233,2.59637284769967,24,67.4822422944505,1.79083124055708,12.779494777873,1.12587600394881
12.368278558017,0.335595965032254,0.86596803094841,0.308796199715985,20,23.0535623790483,0.840620251922062,4.96731123650949,0.596144153946615
88.0978524193328,0.717997299345632,8.71679103046438,0.757249986212159,23,51.0228058220873,2.81821224168585,5.80624694455774,1.28828919430659
82.2419016961101,2.00444915104407,7.28279921485998,1.15681077902152,2,90.1763017919231,2.127887158802,16.1311179094693,1.73850284421812
7.53126444203543,0.377830396629872,7.45671111435164,0.917192214968778,28,188.713793498639,2.41944486621752,13.4651627400594,1.57791738714593
26.1661440256605,0.553020450538191,10.2854453495119,0.738216156192779,6,17.1865737720866,0.375683649616767,5.92988301268418,0.933331270054024
32.9117549470094,0.580777221085545,1.50144159414885,0.350300007126372,6,30.6184756055966,1.55157366303028,9.28047037374425,1.17242710845216
104.999084308393,2.72899751648844,6.89717783352614,2.75717304279556,10,92.7954181754165,0.565476893958355,8.09639658341523,0.766983610574226
53.8697700519569,2.95304769156833,14.3138053373778,1.972216433289,4,19.3900466973525,0.445986199969068,9.61885644617975,0.594346261281582
78.921065733032,0.622451620145173,9.67937758073496,0.884936751420788,3,64.3510461630583,0.81607361151586,3.41051119567657,0.534573207239153
67.4198133727756,0.989132135228542,6.94519509124916,0.578959983608789,26,50.0106004232495,0.926635184085439,2.10577310076887,0.3886183912745
148.320301214715,0.692589850237648,8.33895498906436,0.744814024695991,14,116.732695729227,0.781375703371447,3.37482177656384,0.396521243430385
46.9789750396572,0.908501609319413,4.91131221643083,0.442285089310674,27,110.921817424964,0.740844898921393,2.98949659167748,0.375658101434409
50.5779703789515,1.67165304767098,15.2126061515796,2.06561684903012,14,27.3477553623378,0.958756335272829,1.4428074328363,0.362547101823627
86.0276886602649,1.90165888944098,10.1857189935532,1.31125907219003,10,21.6219948729576,1.35495219767808,6.3034428555544,1.35784031092836
23.5309277966263,0.71624346848428,4.08313304097228,0.503799382328219,27,32.8056716417485,1.02944177298941,11.6171614104039,1.86229080203262
211.328350405537,2.66289150471352,15.9956841812565,1.88929533022158,2,145.618893716148,2.77183719412484,13.500763517373,1.39696053783053
35.7516509678302,1.67439909008016,5.64538410783927,2.78067014401199,26,126.062990600002,1.57171542966008,9.98704356268308,1.42315521601737
34.0387419792886,2.09765944901995,10.4748524986129,2.18833250227813,19,3.30990953215591,0.312785575434605,6.5882520209125,0.888196946691662
25.6049762298337,0.842331540570636,4.77449194818226,0.6550381360589,6,41.9475130939213,0.815384474120114,8.35318073206055,0.550473076830455
126.190926919325,0.725183136553851,6.72498386734514,0.712496704100554,16,47.6603108320857,1.70319897255154,12.3431921694754,1.59611371745845
53.6057517062678,0.642595259109216,10.513819667638,0.635151383947104,14,41.5421428265212,0.954268300197785,10.2076905867634,0.696788078957439
27.6910946881249,0.510378995966452,1.32155452761731,0.325560618030353,9,3.34474858493207,0.307011778328272,5.47795472558094,0.70317913038546
82.8715784972736,1.22225883480115,12.0155031735487,2.62553293953973,12,109.46031242981,2.3181203426283,16.074527797462,1.58781472709437
27.8701323660056,0.909045164995439,4.81342769995179,0.635244008375029,11,10.0035239942542,0.368772847693533,7.4217940823444,0.566365959677382
36.0883905902733,0.482178365453669,7.35119133564125,0.632300049099855,20,10.1647519865411,0.320960268698645,1.81083945583464,0.310764864736549
71.6023439438973,2.50111120923201,9.95576400071777,1.24687883109303,27,96.4916377053742,2.70440414423376,15.458226140428,1.70076859722803
24.9969338842421,0.966779522654556,4.26080840015228,0.666176733245649,28,50.4049500333844,2.48683708749096,12.7522680617145,1.38945467820542
111.897817231367,1.13360026579066,14.7637232206573,2.92965699802923,15,34.9806733801214,0.714150290295513,6.46256188766092,0.821006269702715
125.789149941948,1.1320673657278,13.8490431462434,1.23883479388139,11,52.3031790802642,2.01001400838982,6.80252433218902,1.42489543139244
62.7357808621512,2.91109763630917,9.47239393085208,1.98969102069315,28,74.3280138652482,2.00933351850072,16.2710019507449,2.9946404066162
38.5296259231911,2.10695582674872,7.1281354138166,2.81316379675743,4,43.4921773928179,2.26713227329215,8.68117698802704,2.91998228799963
63.1142987112604,2.63703051090695,14.475595425249,1.7530052801114,18,20.8250952353799,0.534588773813869,1.46200456986233,0.367988397537184
55.4543837212819,2.13695416210278,14.4335462130099,1.06526786545403,15,60.8912279133498,1.47547425222072,8.61779733545013,1.79589556741846
177.497577962456,1.91258383948517,13.215018009373,1.76442412663927,8,90.5407446569783,0.942835984821184,6.67678698378107,0.914198030405096
79.4817520648957,0.925345332846621,4.33412779756116,0.528695019871746,30,21.2188663644665,0.420822418587232,4.4259040713659,0.474886276030191
13.8299465026218,0.401831444910373,11.3060126964008,0.952547999124027,2,47.108123974344,1.0354282664432,15.6400185133753,2.7649635908606
47.5090663139592,0.83514654900694,9.92628186254501,0.600965685606822,16,158.394833464606,1.03978158587789,10.0788885660855,2.04610491238131
41.6033604231356,0.881462669906327,9.29325989198617,0.640225385106761,11,150.948074080106,2.30386447005906,15.9122426261552,2.09149498405407
49.5351349203363,2.01668711790329,6.25015116536704,2.75832692073756,15,35.1700539389989,0.525902323536827,11.4766333040848,0.876803941151543
89.3541856336345,2.95325227666175,14.9250600111543,1.20429244279643,9,40.0210035181613,0.454929998574149,5.69743547672103,0.475214966140509
104.615733508131,2.38273035768827,11.0236557206157,2.70345091675638,15,27.9615170612024,0.415025066372661,2.44210584695495,0.369413010711335
105.449811143388,1.35981867014285,9.82384375714513,2.71142208734693,16,250.484813676479,1.48337672154186,15.2404003505427,1.24178406518151
44.064597220081,1.96988875030136,14.665347139914,2.22156072061473,12,115.896703593062,0.70434149716265,4.9742200363459,0.437368095706425
47.8217482915637,0.675375526534192,8.47708664777146,0.726860942182815,8,19.2878682678419,0.379049964651433,10.6571347483124,0.829615964254553
47.1923399414236,1.82284723143211,10.8406832166431,2.8232625858329,19,16.7032126829689,0.423858473985366,9.2877566849784,0.615786176532669
57.1680975539732,0.626799478395205,10.7306206002606,0.773589406918627,4,40.5098376283848,2.78086221608541,10.6174908554253,2.70722187436419
10.3668759241766,0.365233599430316,5.82519780850541,0.988815885789501,24,108.222167563467,0.702363932575529,2.89479558676171,0.420717223947467
100.512921401249,2.99230469995261,8.54420948545793,1.98456291260139,14,46.0838225104777,0.939846177449879,9.34123243205416,0.656360495507071
59.3752039430652,0.510799965451833,9.45860351307808,0.592813208953011,16,71.2514144022196,2.01734440162573,15.9144602594459,2.99256879161213
241.697887704993,2.8021970158701,15.4373357419566,2.19464246617336,12,32.4835061015284,2.88250610653387,7.47410516890827,2.33095229510945
29.7071520541842,0.419494945479083,3.00635500162915,0.375290152660362,21,130.347797055004,1.73344882429604,13.6981238823761,1.41114369104496
24.2707638160745,0.662962119642361,7.08141820112929,0.702643983719995,3,17.8637649107824,0.343890010990014,5.36378804851658,0.597226439016934
41.9557949175516,0.861895901016662,12.378873939919,0.736008332098111,23,66.182790888735,0.984327250103923,8.07692174004563,0.698397523960663
60.6888267674228,0.818885366086157,4.06071557865072,0.425815294085026,21,74.8035525519969,2.69773709494729,14.0290866588961,1.36733564922543
148.667184245279,1.44616074822135,10.8764243246716,1.60973673323952,16,52.8126590232433,0.906175548162013,4.43653914665418,0.634589522562916
105.641051992966,1.63393570953364,10.6881020467621,2.90521199286977,28,21.6365334041018,0.383412543630816,10.0969241110794,0.769418404449871
21.0335843830175,1.81508867311712,6.32435179196343,1.89283174342936,14,130.590899056748,2.99073335207019,11.0138362210143,2.99292290059505
89.4938632687161,1.5896060974415,14.1304269388989,2.06452414235932,4,56.2410209195159,1.15415799010321,6.69558300726792,2.09983600304313
233.281438532229,1.67141863644091,14.8498329986895,2.96825990857325,22,57.8624875367785,2.7408687761561,8.01050298881071,2.85158147808537
128.782939140601,0.927445983073874,6.29980436248741,0.52552313075235,25,31.3733567099833,0.422534238944039,3.42128274459567,0.386487525718022
55.8673046909262,1.65580522474131,7.07588702983243,1.38259165688635,23,39.1032256145663,0.621470013060053,10.9676495183165,0.667557143241638
54.6844431588444,0.912678631072346,6.16142389924488,0.514498320544164,12,28.3673571833217,0.539852370565834,8.10114377240459,0.729426761751629
20.3039105166524,0.447328073588131,13.9402039160031,0.891026353060563,5,57.3946128980848,2.37734947926008,13.8718394687108,2.39235961377243
53.266282720372,0.789379155012453,1.84778731757823,0.331714814833611,17,58.7481023550137,2.7758263674496,15.2839450767635,2.03920120367143
38.2638105934399,1.23971134790996,8.58989783269911,1.74843322476188,10,14.927191924535,0.629267151480958,1.58981493727735,0.396373571564451
10.3585699440424,0.4053180126402,5.08530559264548,0.717908533797067,15,151.375236597116,2.55145686593922,9.76649028709473,1.4908704991024
68.1079803708046,1.10081805492521,12.8709531339422,1.96506787778562,14,30.9237030687011,0.956177273517504,1.94550888094324,0.439649001148901
60.6322102528682,2.25261765347371,12.1317295753713,1.59691609087212,17,115.776395917334,2.59042919821774,7.03447653854031,2.48525701760568
34.4637821799967,0.784689861785847,6.04872355753185,0.97509720384905,16,15.5242789092586,0.829804566366662,2.17976195519519,0.463803106022527
41.954675706636,1.38895621622063,11.3834187428867,2.76122415244429,23,41.6270950603208,1.18406907809408,6.00823144494996,2.57436351106897
40.5531959426586,0.720210266371436,4.81583987022759,0.742441648395327,15,137.232923595165,0.932377279593099,5.00133324524321,0.592900013633848
24.4709603765488,2.88746061218032,7.63223893647433,2.38564958097929,6,45.0566672306137,0.721490616666239,9.07601888280997,0.671703636082791
38.5861740561268,1.95509566964878,11.7750333829361,2.07568585196089,6,221.143480792354,1.83735273525335,12.711270334045,1.51727525658126
29.5899945837902,0.820537836022561,4.40541600919749,0.724754922534066,24,200.684778878529,1.2023372118334,12.3276655497594,1.03392720447191
10.8587804419436,0.370368398089173,9.49731096785182,0.634101216966423,3,46.7674022658574,2.16712809728383,7.03591995406155,1.75717926993974
38.2719881782107,1.07227442475889,7.56694579356881,1.65700682274728,4,118.638242981882,2.26593672470537,11.8957085967401,1.97484313179278
67.6759759407482,0.738384243113149,6.19226501286022,0.883547194942018,26,87.4287499438625,2.7281234305066,12.5191416984297,2.13133828947918
14.1476321989794,0.569987801503243,0.939504564275761,0.325914743112063,19,37.6240872186641,1.70126803663252,11.1571527620686,2.35788535903287
37.4285067553018,1.8762921760551,5.96366245492959,2.61991832017747,24,39.3641048746636,0.759836546507217,4.44166015394063,0.632297904363143
85.9419121754009,0.507532862665366,7.99529776331628,0.770776704063363,16,51.1047914694443,0.365564393027884,11.0827451362796,0.83855413923164
226.713566230285,1.50679518926038,13.1678296381793,1.61856813779106,1,46.4267711817365,2.57748031790541,12.0531263694038,1.07916562639262
41.3352248291288,0.360723535245813,4.50578871753225,0.417052167573548,21,73.1335621926284,0.888760755775318,11.7828451506303,0.814252323975856
61.7909864940753,1.97363886441221,14.2349988621447,1.62860424679668,23,105.234244205052,1.104209605667,15.4672959021333,1.65850154353659
41.4627975284228,2.80408430777459,13.7501138580207,2.0060066616937,2,65.2611119765677,0.839468505436459,2.82651866676044,0.492151950206061
13.9756251467271,0.425340967151982,2.95550371236862,0.4739637827758,14,107.972630651861,1.17995776253854,9.56928359711052,1.83453272294796
43.2739533248193,1.2816078714664,14.4743920542118,2.66937236717719,18,44.1292797449906,2.189717323504,7.71096038329383,1.72966325623428
41.41288499814,0.683282285925205,5.2302250428226,0.51195304007803,30,57.3182937469587,0.608033045242848,4.70529895641699,0.429309118407985
97.945127779855,0.998887101849383,10.7149802143305,0.668118103229312,18,36.7530512564597,2.45119024651291,10.1379983248323,1.9391534645922
62.463689553304,0.574697245696359,1.69473022862499,0.350249257624796,10,68.911877071717,1.27442152532656,12.946491133122,2.92249676410535
75.3913585406149,1.53543114058311,6.31317215237264,2.71867359202974,26,9.72212103464739,0.366965668534386,7.52604006267587,0.54506864646248
12.1851130274173,0.448578139014821,8.29494982339996,0.790167036942571,28,35.3183662999815,1.61370384204696,7.31931918427992,1.38700593610193
9.17446398159001,0.425049733826448,6.63541442711263,0.863686165770354,6,49.8800443714545,1.5237180556855,15.2314683759261,1.28407245139205
145.56247632052,0.738110856592185,13.4403188907786,0.888965971729615,8,34.3227029362027,0.468927348929632,11.2226996880295,0.966369667586625
104.135274778002,2.70421006481423,14.523964662325,2.50332654908295,9,41.0257845393063,1.43011925135242,10.241506747295,2.49385582389519
134.628718273238,1.21112500614523,12.3226173127325,1.18726057981468,19,13.6707814632055,0.30682541713692,4.48286228037871,0.623957865691774
173.910874708452,1.14616303264374,13.3576756203024,1.58657557000222,6,49.4732837186385,1.31762457352192,8.70251743203081,1.42457918503454
90.3116962849357,2.00428730781217,10.6715052121684,2.69511499585414,21,55.9237615608435,2.74836320928304,10.2185103216219,2.02430138008335
80.103348547456,0.773156203429028,4.7488502478594,0.676354975901225,29,42.9887865846123,0.650402399800106,7.421289395923,0.860640011358124
55.1784208616554,1.50932776325071,15.5624688077786,2.44451436298727,3,42.442077016242,0.709253865550173,7.51347161521871,0.510089448072749
152.23853166726,2.15799863788436,16.2443301973673,1.64113455311688,8,46.5559406018733,1.46907914097407,10.7466901024927,1.78130650960888
106.356416479699,1.28562712064299,12.76024220025,2.93367660334141,17,17.8472694081278,0.421258810870329,13.8932539073662,0.874176724966712
36.6280773220013,2.09997553171208,11.0626939403824,2.75565980939112,15,80.6992203087341,2.9160780578629,12.6091597571292,2.09576234374092
56.526179964362,1.68904839723323,13.0817157055181,2.19158925391784,25,42.4313429084788,0.720307652742342,4.6152625481132,0.700561428179078
17.3939925474923,0.346143858505446,4.47951362441424,0.731140463777787,15,73.5107220151834,0.784508237448062,4.60263692011156,0.436765584542673
91.8362891043741,0.717786383237072,8.46337872287445,0.603850067503457,8,45.6250005757269,1.06091364930171,9.42390033050075,1.31432411477948
108.453794299417,0.898986037119459,4.88056120085354,0.641117298014582,30,216.441307694456,2.03663063534607,14.2479886072166,1.78003902852106
63.2876686644796,0.872214212929448,8.05322278665504,0.942469508209197,14,34.0789948167718,0.581164747138037,1.43462812293429,0.329585517535251
39.0641247936116,1.92593761231666,12.0801171973316,2.44819183132386,7,18.2442641323902,0.56820057969385,4.49571895440005,0.545068612363414
107.02040921712,0.795279173919041,12.5815825478245,0.803386696829443,16,54.2757356211726,2.46365213621511,16.706656723116,1.63107643117421
123.670019483757,1.79634154721743,12.6638499401459,1.59452580456686,22,33.8347017918784,2.95822501778927,8.40999087646536,1.55073887952117
75.1997472120898,0.786759148557092,3.3725216904128,0.451244848164821,10,73.4605296898775,0.405002781728373,12.7972090858214,0.822631633921492
33.8380436367288,0.978340802476463,8.23205084618919,0.812891438215508,2,30.259536862781,1.29674461205138,7.37400467550941,2.59657763283018
25.6106431165563,0.416027828310464,8.24791315855531,0.645503917507442,7,52.2069783535608,1.44507107117308,9.72201153694261,1.06022564860867
150.70689846463,1.49386609330164,10.995130473615,2.48097545277607,4,35.1594560891738,1.8461487060272,9.03380825625902,1.36525945306662
47.5381901430014,0.734308463419272,11.6446844416675,0.690723695550504,27,41.9181430584356,2.45542863216098,6.67515776000482,1.22393697908664
51.1488659438322,2.8086799495824,11.2148592361094,2.61690960020479,7,17.759400487245,0.350343420896989,10.0405205353362,0.815815386060589
15.6923079761342,0.327634358635763,4.48159276020232,0.675928415362146,22,69.4916747042745,2.49292103378965,16.4598756940088,1.98627717143841
25.5489546887672,0.709232626961694,6.67695335215817,0.588248045235661,8,32.9209068714567,0.692412922058355,4.44436897236172,0.690122585341237
25.9314731888509,0.399599051940035,3.22165145523194,0.379604405628732,18,45.0609517546404,0.672873575018555,3.87615298415373,0.392554373279983
123.025208507583,0.888878250976074,6.05080306429196,0.457554809138809,24,65.4318538996426,2.04452845759325,7.97076825316538,1.8664032372793
47.0097590828555,1.44596576587545,11.9146418058791,1.88339524465107,22,105.029703204817,2.41209764962669,12.8689954908064,1.62016222137599
101.501788630984,2.78599900073264,12.5970796236424,1.42453186831305,13,13.9958593808632,0.388782211991139,6.59138487646013,0.522178639234237
11.280327234025,0.345616169816883,9.98413990075017,0.60651248270673,11,84.5122260319438,0.882658037137348,8.15001586586447,0.840832472191195
62.3658764104401,2.57654793612799,8.7554857512927,2.3503341431207,23,36.6191874521943,0.834082319864098,3.65199736545403,0.424588238960045
38.2107956074891,1.70911782997131,6.46310466068123,1.42739458624374,23,148.284984330128,0.579268547027787,10.3414929349432,0.678435869784906
86.7523996939854,2.53427012472237,11.4600185857668,2.56406960849163,4,34.5934025553304,0.63671308455954,10.2712914747876,0.985599596442255
47.0042992273471,0.880326486673561,7.26370352096793,0.504452736407926,27,168.426392079019,2.04655628166869,13.0334939634013,2.94056878527329
10.8213538859274,0.368210692001494,10.2813806905207,0.807250130204096,17,47.2671344017401,2.74829427133096,5.7262855084812,2.27988821370577
14.2694165462408,0.533789073685392,6.40070218689033,0.761720787373469,11,34.820079256606,0.900346734956111,1.65917402717641,0.364466629807149
25.8712769983987,0.562495421198381,4.19173545005926,0.473906519223052,16,205.62374929195,2.09105199545572,15.4153315886052,1.86921174668523
68.6497816238187,2.39912444379612,15.8121061495509,2.04085569415704,6,30.4006352977529,1.25468942462375,6.69255716846666,2.30322193175196
27.8849105897908,1.98491565050285,5.4386549308649,1.14980851601691,2,20.059117565531,0.489263364250928,10.9364348948083,0.978614098163004
69.5356081758335,1.69671571700969,11.0501233864944,1.23531539241691,1,38.6925085484798,0.731158402481939,7.85947838334728,0.593702588702166
14.074188578951,0.475246501927184,6.93114691683027,0.875963884877615,29,114.259709116951,0.840348725620489,11.2687287158238,0.806997222760989
49.8742329257301,0.971432388263406,4.5426803369393,0.712718101074955,25,160.266947861883,1.47400310764489,13.4772761258468,2.79655981045758
73.1600165463187,2.40972412819569,16.7598385917147,1.73998093059739,6,75.3020497765505,1.72624557622107,15.7637740657593,2.80701187978589
20.3695221726776,0.728445201215978,4.38652816065897,0.699338107520437,7,21.9056298808921,0.594971073174807,7.61552674440369,0.974805782757893
180.676848214312,0.896718321219911,3.99244607099291,0.411575834628574,16,37.4213259811805,1.55224460307157,6.57232695408632,1.5134631951409
68.8346109850908,1.63919074558316,8.59396816391966,1.10229337326301,19,82.7541929901349,2.90471171009129,10.7431573175265,1.6624522545522
57.5971559741421,0.763516327969789,5.71946427414271,0.451817206016557,26,42.6492430525833,0.845443856516902,11.8330772839465,0.852897634110787
16.4439119146562,0.483898163254845,1.82605101826229,0.374243404256161,17,32.729776825771,0.920343610657801,3.45311603667271,0.489305690712081
29.8654990425124,0.619730175745861,12.2014817125922,0.897513462969736,28,17.4495389636608,0.741846463655234,5.98402258969691,0.826886974642875
13.1539345733092,0.399150983367403,5.17852979711481,0.727686692228908,3,15.2835638743781,0.663337885052867,0.819320772525516,0.327658612454129
19.9092753791438,2.11768110768883,6.20423825466958,2.55689761681676,26,113.677495680479,0.525151238188698,14.4901440977372,0.963204636969794
29.8793595113305,2.6184759374469,9.65699153185563,2.13016883893547,8,9.59415031534562,0.319382971308536,5.31720714961698,0.692458494454836
17.221579012907,0.594578669843823,7.04820042643671,0.755916943176769,7,29.2129096834124,1.07853520870128,8.30053645523019,2.95069475954532
112.246246501602,2.98451695443877,10.2011748761668,1.73370654012786,3,21.8207713420032,0.477210280460125,1.73637413089882,0.344934933670944
168.653138756872,2.58679354996431,10.178317637204,1.90622933451222,3,28.1659411062134,0.912262416210846,2.6342959358753,0.460085824649704
72.1508922968816,1.13801806003992,16.4692979666428,2.5618594550169,28,35.4888044518517,2.26173316028462,10.1409937370836,2.36130734087693
36.9595739665008,2.0704119511724,7.39475733971986,1.63696937481258,5,41.188863302754,0.552587243596055,7.3810845180801,0.616055023106085
34.3818452065134,0.671288648250244,5.21839315615869,0.975495865393765,16,52.1145698173492,0.907162378390224,12.2069116550307,0.980495355526109
159.07449712147,2.93569131319997,16.0153646440236,1.5434728165953,28,152.009141918896,2.62765427818971,16.3172836509666,1.97905859109777
125.783321599488,0.801505683269035,7.0574097676404,0.494540482570851,11,25.1400166458175,0.909653916775675,1.65840189574416,0.373659792251205
118.206679817596,2.065869388926,10.1706327771575,1.71743225433086,11,58.8412122632971,1.98241002734841,13.6461331957555,2.5397477491563
15.9739035927667,0.563583358407264,4.22427373075562,0.727998306520171,26,43.8310280518977,0.705874624571841,5.06806327611757,0.430963761286552
121.959820277325,2.70681243139916,8.36544478012013,1.42020740789214,28,35.7109724983501,0.822255717743357,9.78573797200083,0.832237282576787
13.1579932790921,0.475858897806173,8.48681774890524,0.905512370584707,14,100.073765128017,1.40494173875676,11.9773016740179,1.33465468466676
37.9469524539404,2.20535635886553,7.64034407871899,1.91065567260954,3,41.3142615914238,0.611708257473007,6.57491884578763,0.682670027574753
60.1872655472931,0.901972438134242,7.15201965083262,0.650028447221758,7,23.9961377852081,1.60550977397022,6.95825947807352,2.67303209903792
192.311745702615,2.75280903911875,11.0816964260155,2.95447145117709,26,42.4767907638125,1.35035246717905,10.5042202036017,2.42545192921801
21.3975435577245,0.800822541988673,4.74977288783378,0.653214986049209,30,41.0011233071851,1.35626727660588,5.94080991736389,1.52521612101662
7.11127443071963,0.315740596182407,1.42785936692952,0.324175700357553,2,27.88943143961,0.410385988212218,6.44902398394972,0.576264599008819
48.769870344836,0.685381231978654,7.99906298276753,0.520704866435982,10,90.273660581837,0.561889136066238,8.09881023416078,0.697079852913532
136.91536535273,0.951895161986715,8.19618002564848,0.797833941601277,6,131.107078416991,2.33795388470886,11.0673922867671,1.32156603198701
56.8876313319804,0.83824194191271,2.54512728124868,0.423836849518599,20,24.3095717727339,0.453172923290676,3.06741847905039,0.557009475879429
264.035392411573,2.92168550740962,15.7415739982447,2.32438420780557,22,81.8012046040195,2.35008165420557,14.1089671875868,1.50842892568641
43.7533203484874,1.02675194147081,7.59781905776457,1.65990188229951,26,66.8661870053125,0.751031713051984,2.70282428200161,0.469811952719756
78.9065314899798,0.977221363979479,8.69322082232611,0.886709121397556,25,44.6601667893401,0.881446547968465,6.20060471302767,0.634540539878926
45.0450706544462,0.72563213869171,6.75388069978567,0.541819406892927,6,35.8753994554399,2.82140186358429,5.68147075340053,1.75697195022116
74.340419462662,0.695235576633817,3.70123499104455,0.375809744501091,29,39.1773422681471,0.57411087185319,10.7835792146175,0.761360035964826
58.1955922264648,2.90046594834183,13.1105185691218,1.01804710424663,3,99.9099875472386,2.19086473490367,13.8466300573265,1.56370428668971
31.1198905239973,0.851930500909954,9.14681747135536,0.998057985402084,1,31.4387546575891,0.453074947954644,1.47239099369937,0.303080721986826
212.493149077054,2.52455914893992,15.0514503984182,2.50981091931435,24,39.1891589880108,0.884761969037522,10.4882381578694,0.683413452072986
92.2313405257736,0.789696367322392,10.5731169975338,0.90898070910728,17,84.5940306095159,1.34308854859337,15.3469957319205,1.37994610746993
93.1573661840144,1.50234635875545,15.4620908796637,1.26751395207992,28,23.1400814647311,0.901791308937224,2.85926712014192,0.529876398024631
143.233839029789,2.6500829797574,15.587156812734,2.66485898335071,8,7.66373345808349,0.488694210324698,5.09943631216395,0.943873632914981
25.7711284070233,1.17432158077698,7.2501678750033,2.48253056601454,19,161.354445221508,1.57421272929018,11.5516489496163,1.69216795893732
105.398917193688,1.86589669302207,15.9796369751759,1.50786092828331,3,11.3940774977174,0.522251473618739,2.8552411837886,0.537801405429961
44.7494109954732,1.91294952888512,10.4129084240131,1.42836908215364,20,119.218380431763,2.31558855331611,6.53886543585186,2.07794688253588
38.0306324643046,1.25584196882507,8.51634832384858,2.29004820116219,29,59.4010500757987,2.355464253825,15.0620895712413,1.88237131226219
7.11691505151106,0.31912688418972,2.05958246720319,0.361370085682029,15,11.4970759178342,0.3610125108903,6.10955317179194,0.544736470966049
20.0417840151219,0.564686638290866,8.97821996708806,0.803795554156638,4,105.638590803074,1.34232681140596,7.75776200851204,2.46636030513087
27.3655843088334,0.681964006139282,7.96856586200552,0.7682679567705,20,15.334907001916,0.479180357676554,2.67071082406221,0.411786726760365
57.0905482445398,2.54212617734321,16.7865770640718,1.81444358512072,9,38.4654018061162,0.890572773178979,5.27179909649612,0.676849380790866
11.0253782377725,0.576594185716985,4.00186553178332,0.620929646780295,26,80.1697698138151,1.2046580836351,10.5469122932321,1.02608099687776
121.418740481089,2.04656427182124,9.50389468342129,1.07709244739475,13,51.8322973202351,2.25502545730931,14.5467384413668,1.66358031604043
42.2590396533673,2.80205641044297,9.33448197964439,2.46458827888509,26,30.1438208845789,0.427112934858136,6.15555561039967,0.791204936206514
24.7452082631185,0.547858203783878,8.04654553482168,0.950067745060671,26,51.9152289783616,0.844028429134928,10.8443053587556,0.885150491827225
18.0646389974145,0.302752359890246,7.95730498892301,0.58417794535316,23,106.825025332842,1.64520843629297,9.55243887169133,2.47931822939935
57.8794729036885,2.05977485968058,15.0140824905865,1.35124416859761,29,8.30670637556792,0.496141445696422,1.78980407903664,0.41756463318965
49.2000982885036,1.96858604494606,13.4816904447029,2.16612589132106,30,34.3229274357681,0.781593311842438,4.83943758798655,0.567879359764838
57.333280450312,1.89694292068378,10.6995573309283,2.71839077944099,25,45.7466265867312,1.83296607609625,13.3801030557983,2.70454530679694
103.730453655854,0.934426514677838,9.68054042422402,0.600769226665078,21,38.2950807364824,0.47895254467955,8.24407452014536,0.700710625952471
44.2977801006792,2.06500196991141,13.0202834306318,1.08419164219978,13,81.2265795364594,1.74022963795345,15.7591668733659,1.78707305322338
42.0954832044794,0.833311852370209,9.06352293271146,0.901902844825705,13,45.6303988838122,2.70559428288676,14.3693789078091,1.24034833267671
240.240531451037,1.904112710332,13.6905309743575,1.48434580939483,7,55.9506243058947,1.48800706496817,13.694154035482,2.62914331221926
67.5803384041261,0.583936810880208,8.68399761450791,0.772770700012806,18,66.1072237181268,0.711736210579863,2.01180155655053,0.368775915754133
67.5567797743433,1.52688710463994,14.9853649235934,1.56298894105345,18,21.0709422683855,0.465961060002277,7.13915287058104,0.544097316790615
49.6707197883353,0.947965366935642,13.9733120798834,0.923458979626195,29,66.4942147153438,1.08735778405045,11.7661585733923,1.09395465664372
33.32052384845,0.429981220194338,3.20934081081338,0.440983098269566,15,59.3328658509143,0.854680485489777,9.95281049159787,0.962570047123979
74.5733793852301,1.59798907540091,9.78758610843029,1.92284128233135,25,179.011536276951,0.856032544637251,7.49235873512826,0.513785541923127
40.5091401532574,0.738588151189583,11.3259207972259,0.78739122363247,1,45.0030557478719,2.28868569176977,8.42934425433871,2.02165884613557
42.6485200774381,1.62661035854972,13.3836670117677,2.06890814214237,22,140.875125858523,1.18314505579577,9.32398819952243,1.08856023957313
49.3905734494855,0.929684886702258,5.23000098050529,0.461312218036119,24,36.2704691303003,0.909591505388167,1.90543081948672,0.413036371270544
19.9797000479392,0.343000126621205,6.86074910625759,0.804068130425787,15,72.3339736807489,0.850723964737996,6.89285584099479,0.79182056937021
21.2638618560879,0.853998196642879,5.90170212249562,0.772528350150237,19,106.41657182328,0.869702483667954,6.14095953481588,0.484670417576638
47.0172540661716,2.94054793303226,7.80458914527184,2.93152268264436,25,17.2888051618462,0.410202722729874,6.05062512757789,0.515895539537397
138.760171493364,2.55597869163114,10.1986696657084,1.85742850029254,1,86.9824841572149,0.463990518291681,13.5291108417978,0.907122116424289
35.2699608939707,0.790543204872715,1.48533482140072,0.381773361265367,30,95.0558264876242,2.08633501698488,13.9497626191153,2.25470755718103
44.5238272558298,2.39998606263898,7.77773816355126,2.62213676946649,16,11.0455532043107,0.429052850722718,7.10644485797457,0.935244788129389
10.8104499251241,0.353333330074432,9.88125075691967,0.719018503063743,3,24.4690267791053,0.623478849190599,0.841338246546856,0.326880338897202
102.549244470591,2.28107854533024,15.4159428668928,2.30953771105974,12,91.9708203983511,2.10274859382197,12.2309021431277,2.26732816626583
53.1276998894022,2.18812802769926,9.81523311273443,1.92674085676378,23,37.1504363879832,0.90881598940097,9.41677393488851,0.886569363341435
35.7514252447575,0.946418054335389,3.91011285044949,0.424708189091601,21,56.6772850888393,1.18504376706354,16.7321259608049,2.47280845503159
85.8186715185572,0.737534414921086,13.7307073630289,0.847730789493954,29,26.5512730522624,0.552529668323755,11.1857734033924,0.949051850716598
29.7657883671893,0.832714069131893,8.6965578237204,0.716026259245624,4,37.8510982141271,1.43973068921822,12.5134231160437,1.81200124746853
34.3826016593803,0.31566841898312,11.7534912832861,0.773520108986158,30,54.9999886261154,1.12568432183185,8.75275013395741,2.80388050726073
83.5596142454952,0.630891326809478,3.9689757689768,0.41500467721002,19,12.0452473674841,0.319196823551121,7.48397439844136,0.531519324524285
189.066772621719,1.37215567924703,13.355922226615,2.45430891130123,16,9.29659839984963,0.400503493852765,6.1119969469835,0.758809323734085
49.2886711134345,2.08647977457469,9.87598610344151,1.07165150561804,7,84.9918709808456,0.963824860396601,1.37910088092439,0.336402640306427
161.92983707026,1.85169581616224,16.026700694161,2.59108492747876,5,45.5227701184003,1.6018629356495,12.3612119398323,1.76723717492857
65.5749794468935,1.56921073041765,11.3930610759426,2.3269188743061,1,21.7668059259122,0.673302609499908,5.21634302216437,0.656627197578253
39.1639753493424,1.5580903210101,8.46579586021745,2.24516039448207,3,28.9238945783684,0.554238677725221,4.30326552501526,0.691494242443593
185.207477396807,2.10042256764017,12.4844939817952,1.77440193903278,14,33.2593055999941,0.775430121468276,3.64401330206112,0.508885068106576
39.0691553409232,2.91019248108626,12.2909425349671,2.43519135424928,16,70.7645187318794,1.14178752307076,14.57520750139,2.27932881775187
6.1140212814619,0.304523728802522,12.7011585608197,0.982589443408846,28,18.1675235770829,1.49807914753215,5.85868497528773,1.24462026394737
64.321928376926,1.50026819927,8.49203561059871,2.84196252920792,14,60.0915068950464,0.442686288565451,6.23103377827738,0.481237240349279
25.0497504591442,0.717303830007548,3.44565104441297,0.462782451726564,23,37.4095767889068,0.99378242335306,3.15230090220993,0.46308091260025
40.3896399452667,0.479878657953757,13.5040519644152,0.829403868095882,6,32.7243332923383,0.48231767590273,9.54112791857067,0.61028238370137
33.5085531070258,2.92102509275468,5.53730849666436,1.45860385728559,21,68.358343781783,0.788536133398163,2.1668206661983,0.354805562813545
51.4608553898845,0.670713268486337,3.92856951639238,0.674565723666887,9,94.6571664457607,0.764123373712873,5.14129315279663,0.440653133210726
117.099707433769,2.46525495095357,12.866190846275,2.60528311394099,26,13.6129751258172,0.384026543788372,11.3612613837753,0.782223520233155
70.0304070043464,2.61462053991515,10.2802949697265,1.58270076857872,15,32.7791024763292,0.392230363640188,4.00705105537333,0.405985100617503
12.8819433024163,0.387038212650932,8.58062120468237,0.618903302946221,17,109.911886919181,1.43282797616277,11.6518761948801,2.57382521374299
78.9710748098753,2.39651146777462,13.5716264487069,1.47485029417234,5,178.212993464182,1.05156028474007,14.8555264431885,2.96773406101926
140.962590977426,0.675285822374825,11.9684599357723,0.734082533507092,4,52.6768994264663,1.97607892609191,10.8508990449279,1.69340268886972
27.3012239831157,0.386595475779574,13.9450755658503,0.874281854529008,25,140.258590449355,0.917120444852634,11.1231232196196,0.75174816013845
54.869647380581,2.9156804412477,14.5864878177965,1.42991863144846,25,62.0529361138638,1.60437091225102,13.6241937767806,1.03981185822107
11.9738992448801,0.538090288767984,3.67738013956065,0.61139138234996,6,59.0101100670018,0.963172212983419,11.8910287649976,0.980185026344476
10.4874063890246,0.317583171602203,8.48913696565367,0.561217663525349,29,136.226115313389,1.80289797652266,10.7493380725261,1.50884167684389
43.9694232783543,0.559589863763968,2.31450221652451,0.357636838174066,27,19.931001262455,0.828185046708255,4.69978374095347,0.661231400290626
97.9667895919631,1.03805321689219,11.2277102288966,2.02586548135128,1,81.6292457776497,0.798603157479185,5.90133245591796,0.760298632842027
59.6436017534382,0.950366285665528,8.06991106324296,0.789378961904603,17,21.3449914609614,0.618286550244076,6.02203227022386,0.584193244407599
29.179041476215,0.689001767546289,10.8583044585743,0.86856952401649,26,26.9187782358277,2.69549748969075,6.50964371485851,1.2528621006872
49.0776569230903,2.78228705229029,13.7283821224299,1.82846709159669,28,78.1729705826591,1.54612767038134,16.7122080697754,2.20477412320511
32.1641765503138,1.98953679457736,10.5707221044417,2.92710523422885,25,54.1897959417231,2.034017850973,16.1311152711797,1.96892699932391
23.8357020476724,1.82830602008855,7.36992869382182,1.87301986456152,19,160.119732009354,2.61205799632559,10.1047890774544,1.15404475314913
33.8623631689934,0.378897698845724,2.18183622261492,0.34299135872548,5,19.7956136138657,0.421997343402633,7.96335700660165,0.977605581146373
48.8051600972801,2.62950424910939,9.0997429365877,1.56350572574296,20,109.995349146241,2.87608184706537,10.8791536859769,1.83088502781804
29.704153607428,1.64274170349508,7.30689860511534,1.06167760942048,22,38.0773850215613,1.57159890176401,8.91641662228386,1.33452677274291
36.192945379525,0.691061317921405,7.9771017687826,0.69508873957028,27,74.7879527433427,2.81814312942757,16.73616844127,1.83602424179558
15.4746381705678,0.716372853066584,4.56104825958129,0.697101290136815,18,132.088548874177,2.87449413306209,9.71855254367103,1.382093230206
227.779570159427,2.85581233325749,12.5956860230739,2.77395719295411,20,36.2429986054675,0.874597775858203,2.41373323662893,0.353616831160463
120.985662548718,0.870694637390908,2.0249625564981,0.355768828174474,4,38.6383756179614,1.75600003381978,12.5083661214476,2.65292493303325
47.1390577542958,1.66492778123158,11.5954818901845,2.23426169181947,18,45.0084833691201,2.40324542001167,7.39272004550633,1.59280687266127
26.0152335329727,0.779525547805411,7.46310053662995,0.779513772684715,13,25.5970466343291,1.26944480393606,8.19038276957038,1.25991262097044
37.9876385259661,1.37136663676777,8.71397629161359,2.26784266775025,6,27.8303452303351,2.43892927902814,8.16075561539227,2.27399304038057
13.956301434906,0.501857540774217,5.82848136586341,0.996554609724146,10,43.1550212573258,0.693167407969042,14.522571126705,0.936646862545984
45.168510157339,1.6953397021496,10.6353413000144,2.29702078463335,18,42.9715559527896,0.513875213255531,5.42609274257743,0.474955669517193
43.5270376409865,2.77914139169054,11.0456832489128,2.27593078930311,30,166.57417555378,2.44559565067456,14.9144696830406,2.81812718494598
62.7937733908225,2.78069670578307,6.93945518182494,2.03638201997968,3,16.8319807514646,0.982520360922551,4.19706852856313,0.748044002368557
122.556509138457,0.726651953336411,4.35488870078488,0.510510728294395,6,50.553025509211,1.50393442882705,9.44390004619335,1.01599710553535
10.7618300228538,0.387744463312876,5.4564524973948,0.927607998779067,8,104.566464406507,2.08199984886794,6.96875065948105,1.2467595754749
24.2473043720693,0.442840603565242,9.54644959167884,0.883677337751694,11,51.0967419991557,0.996968519359465,5.29417705957805,0.568710030335919
34.7223918979077,1.85444851480635,6.73860616715576,1.41083270652177,16,26.5967342772268,1.81246059601764,7.53359975703316,1.21011178473377
106.390045389262,1.0298532645185,12.5269854950806,1.87572892613975,19,29.6275253522287,0.37115572470642,10.7809445595416,0.96515986676632
44.0864654206801,2.33617598967929,5.49092090313779,1.23361801624741,20,29.5517766337189,0.421660834884424,5.82852828424503,0.805935062172026
32.751546220503,0.661771134842274,13.5420187004404,0.891323549359378,8,19.4658068562744,1.37966775562737,6.48979602248211,1.72528464374032
59.4850904962979,1.41068581054373,14.6514488369321,2.27189987010062,18,52.6164215332654,1.73389739056175,11.1154987543627,2.67003840567542
117.049769965176,0.796806156774302,9.7027911995411,0.80266702720475,20,47.3226971806007,2.81026750288346,8.38718518008397,2.54458209334864
6.7471150788314,0.320722801038718,7.54192298975309,0.739731052928837,11,14.6075431984938,0.513995320636903,5.6034370690284,0.634085198430975
23.0437801586141,0.879255817909574,6.37719822773703,0.842574726937709,28,66.9228478176621,2.71913279969819,12.2473687577073,1.61668879852024
37.0576911661839,2.80457224370112,7.45021327759836,1.10435749738822,20,35.6575612974051,1.11503151313038,10.4237099309719,1.90069293427889
141.148586744927,1.25432991441699,8.16250977954525,2.2858889611989,21,52.6994354000017,0.920817047027194,1.29782042659511,0.349162210696087
24.5853236484322,0.804346490477303,1.91640892553569,0.397637919952268,4,92.3782984922321,1.7177401166919,13.8328213874172,2.87963860502834
108.413635497956,0.684209463720543,8.63519262301791,0.883482863426702,18,24.8226252609682,0.990573679962993,3.64173375385888,0.541197080663702
44.8120496106829,1.21228000405159,15.5354722140099,2.49903572564015,5,73.7616931006294,2.25028212647919,8.26140446945782,1.35712519042594
32.0471083356404,1.19620330141656,6.14161137542915,2.43842272884168,20,77.0220749192313,0.921241949473647,10.3981956653765,0.991507411083782
70.1845332117811,0.977358797462852,11.4495645581233,0.992596312505385,5,21.4301397286196,2.34453461915682,6.30018014681255,1.63913450327965
23.0564247301136,1.4067921893829,5.90988256518584,1.69873738316915,6,108.598384810981,1.48693981223153,16.6663970461449,2.57791232727937
25.1284462810312,2.28785848776436,6.47320787337725,2.43587129357616,29,47.7612260428844,2.5358655779328,15.6743276625689,2.67931386763322
24.8976020175388,0.632875608532443,1.73583642190701,0.379362875459496,9,79.0827679025802,2.97820915877261,15.0194405551528,1.15206621592883
19.7797571510166,0.49552713772393,8.2790579476585,0.848571890773553,12,63.9345223706571,0.728043865860938,14.0545316115914,0.993595033681442
64.4104327668019,1.52317983204159,10.0310375244277,1.6838515347889,13,18.9367900590341,0.461231699363271,6.21228369287893,0.533816249175362
72.8904851755787,0.980391690124606,10.0078891508944,0.664825995211306,15,6.60271307269588,0.308306514736609,1.32613685547324,0.373875575618423
68.5458490542864,1.62555485504272,8.53074889891376,2.34334150760699,30,38.145305731631,1.7014016418574,8.96755525994452,2.9086044849232
38.2000352797368,2.13856060945682,6.09998945707232,1.00770091033305,1,57.4488519432907,0.45346326898664,12.9564929915489,0.898816140450257
54.8104639923664,2.60887810552515,14.8138191750249,2.304870409961,10,22.6526767280273,1.5287871145395,6.27381577764534,1.35867756567592
42.0879620301032,2.02054287942489,10.1380857336339,1.78120990548687,27,43.2670345725042,2.04278753340913,9.78542522227564,2.69094876877716
162.304721275786,1.58593412444159,12.1324048353993,2.88388610861342,23,18.7058025505623,0.492722877885193,6.39447671590868,0.773704356289902
28.9063045457803,2.12973033472966,8.96214677685149,2.22506184249945,9,22.3268408725547,2.25629568583331,5.68929720676474,1.95032094794863
81.8346012829492,0.896625514257696,5.6278449990844,0.873674082877245,6,56.4108180994238,0.96909137447256,13.1324846314455,0.988634537232908
13.941275786725,0.521105144452532,2.14693445545635,0.398378379179987,25,102.923270391524,2.53035262707557,13.4198670002839,1.52258060968304
8.724827403515,0.425335041921693,1.49518409007741,0.367208145100413,17,50.2565214429485,1.68417155952223,11.6991959331737,2.550503588939
25.9755770997932,0.616835588259321,10.7021630705074,0.915957702088664,2,71.3864202188474,1.78406700440113,9.63523841552208,1.02306441840102
89.3727652925865,1.09301206017396,16.0660163502718,2.44707883968696,18,54.7102491850728,2.85684287167088,12.9933649662772,1.69985677122083
30.4651790060882,0.764714001831685,5.03441832871865,0.716714761966605,3,72.3785684153068,2.50057949311572,12.9828684173506,1.80159621792377
21.6318058255654,0.547571411550576,4.57326744878276,0.494799244889496,8,48.7375622842106,0.871712679363496,8.21778092031426,0.8565626396264
85.2703943517336,0.632736382988478,7.04002029637549,0.777383910126704,11,5.41218677068644,0.367740911601131,4.32529719771247,0.691870365723921
43.2246495632228,0.692615993536194,12.4418043613484,0.975283011826829,8,39.9694541506315,0.98369115336188,3.44482250664429,0.449382931100675
13.9139330065864,0.442374794252825,6.25667276645215,0.601552668649237,2,35.9673229293949,1.11296661873636,12.4959290997216,2.87291711629496
38.4717586351763,2.98359084464768,10.4206496208728,1.18680073690893,24,93.1198516257888,0.692977958538969,1.87581170316051,0.327900325853618
38.2310837615204,0.741275255174264,8.05400345017578,0.745739716375974,19,148.697385333297,1.77362290510919,14.676994515438,2.15122760789147
64.1810413687857,0.834845088759453,7.52244658747717,0.565256623591035,1,55.9177758627269,2.44131436335972,8.55605718856527,1.07220543478344
73.3546313283139,2.61494795667181,10.7852758778651,1.48198403712998,20,47.6239101726981,2.7985028500608,9.80294268415268,1.06281969094871
41.7410175011747,0.593242320678631,3.64775102993957,0.517009734453939,1,67.8180631141885,0.886947761812829,12.3379503233994,0.935556452632867
44.1773649969043,2.9650985488605,11.7969521396395,1.16600934796249,7,13.5881082477206,0.498176296176972,8.18201462303841,0.906102175401744
10.8801782087035,0.37216111563925,11.038791555245,0.949023032493125,4,31.1345867479259,2.82113409031184,8.58482776991551,2.49579684656356
20.2883473379407,0.63243110149125,5.90095481982693,0.929301217692287,27,93.7133245488024,0.863909510203178,10.8763599450199,0.832176913950738
106.747753590096,2.33342317961728,9.37493886688869,2.98225048429899,13,45.0350081418341,0.737483525490482,4.95707946988885,0.456075435041652
52.674034975896,0.764144696609432,12.4928618348692,0.911626408500959,2,28.0913338459484,0.906256221623373,5.87266018831089,0.729599528604216
62.8155374271866,1.21135306588725,12.9632566780751,2.28508989935177,8,57.5987110477575,2.9457826038506,12.0391046261656,1.00790359980807
28.6057057124332,0.469645536373738,4.44675548366803,0.43784505644798,4,34.4009301434865,0.788719670288187,9.49784948592573,0.697393599878396
23.5199927594424,1.48438243712735,7.01493833855382,2.9497944808656,12,11.3125317961669,0.480531501767206,5.13476605486612,0.588472936105544
122.212329765344,0.869694307678678,6.56932810194328,0.610620097305235,30,42.2984658016307,0.456549810219376,5.84290345428209,0.57825451395366
48.5137912394849,1.6489579035343,7.75035444685853,1.36264987002877,20,24.8893805247548,0.318897932375959,4.35840408394707,0.404092526254983
12.5180038966441,0.534124681085245,1.42222902613731,0.352723178803224,30,86.0798851642173,2.83601402008381,7.50251040483273,2.8093719934633
59.6715592249121,0.741935147384761,9.3764671025622,0.688007514775798,3,104.247652824947,0.927174485541498,1.59461890602387,0.342797124728798
52.3335193173854,1.14821000339575,9.76747451990631,2.99163032038903,4,32.9673631373922,2.33489690587516,8.06120388865568,1.65693480697948
50.653593633783,1.05580975370861,9.79348789471132,2.92329698160249,29,86.5538180100291,2.27732051548177,16.1690564814055,1.38909737595861
110.586031863895,1.42992501139783,8.65272239878712,2.64654477259166,24,74.2833099076685,1.70045855621022,10.448492812048,1.85315493104404
46.5128880175901,1.45110975350411,11.7531982642282,2.68545584429605,22,31.5467016678954,2.30064589304323,8.96237106430707,1.576144013512
65.6012409217934,1.37840944388265,14.6543045261241,2.87974662255111,9,4.65696751558236,0.307706845009823,5.88371764098813,0.744522642846014
57.2771727061312,2.84495708484931,9.2651104720458,1.33389561827822,1,51.121753339892,1.98041626177338,16.2048287452765,1.96300767041113
79.7452590548884,1.76761980710919,11.0186390483504,1.1130893517886,10,39.1500752201444,2.12198106932007,5.09535260385125,1.03592163048806
150.191482579135,2.44370839964079,11.1365813693793,2.27641544933412,5,60.4992357510656,2.20821144766881,14.4729282988002,1.5407855813687
166.835787527403,1.65385055340011,13.4664178431325,2.22923034733009,20,6.06355816593773,0.389818299663942,1.85425758808749,0.383953685294034
89.3331232921335,1.65233962162201,8.5457885501294,1.28202065012017,26,53.5057845772186,0.782925912586352,6.38503134586299,0.548636921474625
75.2483552964858,0.882565933402175,14.0475889157936,0.925002910163159,30,37.4657372663868,1.58105106272039,9.92259862748204,1.26806939642021
172.982194352497,0.687865605118643,11.5186712802762,0.868113643899347,5,36.031679261782,0.553309979627326,6.29036687197247,0.875866026871495
163.459472438724,2.63268360755591,8.26456392539156,1.0557910493947,7,37.5511650003155,2.894925929041,9.32166200282329,1.43557439381477
148.442923465518,1.0948287874452,14.9936071055746,2.19017434017979,20,43.0466620617508,0.491102618549464,1.44691361722863,0.357330655558152
32.9562076054147,0.722880823392633,12.0728958805891,0.888018757108726,13,55.5854670281408,0.974086651659456,5.46203688943717,0.73851495161921
33.274287933908,0.61689255971272,10.4391950937179,0.658282418196064,17,86.7099954627014,2.86402415049349,13.3829486636768,1.51364921146048
157.192741908569,0.914255519069075,6.21944826225766,0.623166385730313,29,78.6969714163945,2.88369633045634,9.9266617150318,1.34503699595719
65.9222318622686,1.04437968342319,14.6844253648889,1.38883720595331,5,69.8453259286122,2.73782254404586,14.7501416419655,1.43659659469878
31.680009925992,0.536407362137699,12.7555106239715,0.973583002688762,6,46.7378199549443,1.09512896022326,15.2491527775132,1.77258928805944
67.9257248740064,1.19283607743853,15.3429106489656,2.83835770958047,1,115.625895249266,0.643633380287565,8.44392930495287,0.686379788806865
60.0670267920165,1.26169372243135,8.34469735350189,1.11763222448166,23,39.612507602336,0.912071001923488,11.1216731327645,0.715987756022221
55.3369010993252,1.3714404240852,7.10456829241516,2.3720215817903,18,75.0710797885791,0.689071219196278,13.9252503932899,0.930632677297686
74.9751584866176,1.19750084343179,12.6824691815509,1.34823088966638,6,10.9600281214208,0.35457723582473,5.29713214181075,0.435546332270809
37.1511132309018,0.817893973591786,3.90679190770679,0.499912461075543,18,36.553003310332,0.852117564684627,7.86725025242672,0.769366162808915
35.0312161357418,0.927437179629299,8.25929926907571,0.76562008249636,5,191.225259229127,2.56495820434666,13.5078087402433,1.53935480167717
88.8979154444235,1.33377287021515,11.609194298907,1.03706527638398,16,90.7698791599582,2.89952968405726,16.2531581451419,2.50811434490563
143.112847341349,1.32185566616328,16.2977815759182,1.87700159410281,10,27.0190463658585,1.90855211318924,7.89617787701697,2.33359113363558
57.605704976063,0.983285773701369,2.25919907576065,0.343258877968292,26,24.787877072986,0.617142519094817,8.15373184183446,0.726280125829203
26.7608788811656,1.80522670809034,8.85961451576017,2.34611825075655,29,151.675065520573,1.67709507948151,15.5348419648756,1.79034643955497
55.5421917302815,2.35083306902378,10.487221806255,2.9252632590185,24,45.1233521943407,0.798770694415743,3.30743865094582,0.397501404462224
39.5638192475779,0.809019932060519,14.1574999977667,0.968641455926177,10,15.7230641463519,0.569229672205183,4.31265363449118,0.602851108440206
110.862450227502,1.11274502031087,11.0839326555582,2.37811897403227,24,146.338730416967,0.785942985604008,4.68040096853397,0.497076359391906
18.8388632489162,0.71208731630764,1.81739835470763,0.391956631557004,16,28.3481335910454,0.400226223827848,2.85382127540233,0.373172275557595
98.3932229108041,1.17125788264521,9.3086515909322,1.15353417333866,24,109.801612337284,2.58148547475884,12.9857943038875,1.5869235408202
100.882231962832,2.24822045316431,10.4568292520907,2.49576246216328,24,6.03757919407948,0.378662961779891,4.7483098823507,0.667258720098377
28.9630358190725,0.892981811483697,7.91162109906591,0.854716606315286,15,36.5261209718993,1.37196310494018,6.68948510259112,1.07160856314559
171.807668364385,2.835752664207,13.4386226297365,1.56505936380586,27,55.3204808915606,1.81122632222,9.83225592089704,1.82035102467266
159.300837397556,1.58254249787722,16.4312968140737,2.15237879201864,2,43.3068160627582,0.940844676598517,3.45210214223503,0.404509767149896
71.0946929500058,2.90150704342126,13.4804077332474,2.99766825809668,27,13.78197537643,0.352236508127908,3.78360228158453,0.378362218522859
225.745839032686,2.9873944002245,15.4118846132,1.89526929945606,10,53.3135827976162,1.06593935472904,7.70757118919031,2.09065940752081
97.1727768758971,2.1507580378756,11.7963375666435,1.55755247381051,2,43.1431152409446,0.992920083899686,7.06817275301463,0.665468065658666
155.027533441076,2.16458598762518,14.079825159217,2.44932868239325,25,33.9307531418699,0.597043970264962,4.46923840137272,0.421074368304569
59.3983515145184,2.8978329993279,13.6391953863388,2.26683275094238,21,26.2948171457153,0.550573188603854,7.19473930235107,0.584652040964065
28.0287430347483,2.36163537937468,8.51402428912558,2.58396330764865,1,91.8833938013268,2.2820681543408,11.1434136112435,1.43657162262338
39.2080096974162,0.754498053255816,9.49246129505344,0.784671179987316,14,69.9138149992827,0.861540180538698,5.67290975150178,0.438694291109711
88.4609254346884,0.919205622946632,9.963180402734,0.63368001914724,20,90.8725589984921,0.816602909638672,7.63077261963524,0.650745294648767
65.4732412499105,0.526131737974049,11.6319678994516,0.854331463412328,3,112.745517575938,2.75736028139795,9.69026453939419,1.17187865457244
14.315001590976,0.390177811333804,1.23063070560799,0.307597345776705,11,134.711513635219,1.02932282338521,12.3143749775484,2.26225169367175
102.516354089641,2.68869486312155,12.5878580592215,1.14751375817247,12,43.2263868186206,2.03618861679519,11.3503679599511,2.88095771538866
79.1470612430445,2.23083796219416,15.4828614923763,1.90762029023904,17,244.189256759033,1.39403044672343,15.2982074180666,2.27107563657604
41.4601897643238,2.17298173576423,5.7087249726242,1.07760534378559,23,28.9946521255217,0.432324065786517,7.03466625863641,0.566174630291098
277.628224253134,1.17600823829238,15.8819402452921,2.60581565751588,4,19.9118628937253,0.510840347276477,2.11207203071442,0.402028799254974
17.1661705474869,0.411664641978358,4.03223403535706,0.392000824030073,20,29.4783241858578,1.18744423212502,7.24590809739815,2.11004557660225
21.4687660510957,0.948892105004495,7.12747300462883,0.953014070964898,26,87.6607100012538,0.801889082713771,9.60887524192014,0.833867719953812
27.4132174076411,0.567193238537933,11.698594475052,0.966228580517479,24,46.9850943326197,2.89755618962068,13.3689275464145,2.67209660968309
79.0235129089862,1.75446474719926,12.7988872600358,2.53200669886936,11,100.457058415981,2.91033742343643,8.20494435766016,1.37181359380425
33.2986490546324,0.541882327280344,9.1204038616098,0.572064590006004,7,132.309168483862,0.789058235089708,7.76978991137383,0.515055073676415
25.4297914571495,0.491946948824,1.4593230410599,0.307021421881259,23,25.9023380178912,0.371734768498156,6.33224474824691,0.509784811254643
93.3208445286075,0.67661321416267,11.1359802227656,0.887484328222023,17,79.8510435255713,0.929248514639136,11.8749257543155,0.768262678004164
66.1831824536356,2.34141887773906,14.1975838034448,2.05627252738092,18,138.631711410561,1.5083665463853,10.8510199718145,2.27543897772869
153.554892619123,2.15731648683023,10.5760840349917,1.84922764902334,25,4.24201929544969,0.387082707538497,4.67967799104042,0.854757776372862
32.9487043441237,0.503963475618633,2.12472493506995,0.333523335782195,20,62.0195652498112,0.662122535865904,12.5125681466149,0.975021003250159
69.9188042372994,2.53454194858646,10.2592090315513,2.91322888310029,8,5.11083765498484,0.32923283014552,6.1507991320753,0.613225735543061
82.1690336199951,1.62286911417376,6.88306691749378,2.73631006155707,14,46.5075548037804,1.94930008452062,11.3695550048235,2.07110577453523
2.78142081732968,0.329686613173104,3.64400165594022,0.602358513229484,7,48.0190286927697,2.27200200972559,14.6037186784895,2.38113052649488
44.7137927952584,0.630776489756828,6.89549715138161,0.538261165569976,6,25.8674918729629,1.54652992775039,6.00468378950116,2.70271973310586
44.2305026605892,2.76643004178483,9.49667873077479,2.454556587653,5,123.122642184912,0.884523874843956,5.88132677871341,0.481591917681796
56.6844289623332,0.879312770927972,10.8885498889608,0.797530977737775,8,39.0224334157904,2.82031643675803,12.6598807462,2.09380753888806
29.2665653303388,0.446988353888658,5.30107713003871,0.774929556545783,7,104.012352400997,0.977908466293663,12.8582111361417,0.874419546349808
50.5113749029473,1.99136915129721,15.6705632755004,2.06059013618718,24,29.3433315457727,0.476072043198798,2.83647695945835,0.36815724712128
198.16763811349,1.78537345445913,16.0171549087314,1.26292795765739,17,52.1322141345675,0.624350555342539,6.80491384884947,0.769947213937743
62.1284385147047,2.88238091138649,15.3366219446173,1.30659447719258,10,166.844847984769,0.822273270751373,13.0081914956951,0.846463096248791
184.093843304975,2.78318102090478,12.0146359516456,1.32080780656201,26,38.4068077753658,1.28086789974611,13.2080055530688,2.86249776649735
205.102211039613,2.66478728585119,12.9791111811615,2.08436984301897,19,42.6045481720538,1.61041471557545,6.38110575433523,1.30543776836503
98.7490722283807,2.31611567464696,8.77512593783016,2.53090888923993,10,13.422038446109,0.398578343135115,5.24320085418193,0.555744942472037
52.9686703332211,2.9332431176067,8.52128503802164,2.90697367427173,29,91.5556626421815,1.94652270700322,9.87211044384874,2.50770743691192
48.7721103434907,2.47187605411142,10.5518542513521,1.83967402289589,21,56.3732553619073,0.845140156392763,4.66449044851959,0.455525018964351
92.7224400849829,2.84857788457972,5.94810682990697,2.46122355497419,19,103.116521452473,1.89770624089472,14.637285598195,1.95917127017886
50.3530387611306,2.02665739779172,14.7431949877604,2.46315678135229,20,102.951457429731,2.98519513564099,14.5936080481711,2.0450890112561
181.936198612505,1.21405399942478,14.0839915438815,2.89452685139459,4,27.2126845560253,1.64740309468955,7.21296537341014,2.53691327949637
150.290462204415,0.8743275688775,2.87942805391782,0.353478913531614,30,65.1750048002721,2.4540243437513,10.9206408986221,1.07553004959085
34.9216377763457,0.91195525182241,6.89636239283215,0.716019760883973,20,56.9620712067624,1.99177283495883,9.60691251683764,2.81870008602332
51.1726553377264,1.10187326606544,13.7873586200418,2.2657080355258,29,19.3760702222778,0.477760050845236,6.90529769119223,0.556058753435579
59.5919895275893,2.39704860383886,9.74211131872829,1.01900659109473,22,21.8013613209809,0.525059679271375,5.9901581166146,0.707233109730839
49.1941573800576,2.70815084655796,15.9948589146016,2.59040526801192,17,56.2753060798352,0.776656233221336,4.60740203216853,0.549989251094434
49.918195141324,2.54737702372426,6.18270955674472,1.54326243251529,7,41.7891135162705,1.84562608275828,13.1159725279462,2.10930013881782
106.457295763876,1.77838092797714,11.7699989015249,2.86463475013594,13,88.4198631946794,2.42670749445558,15.019968894876,2.62244001209358
36.5183101962218,2.67385171397718,8.07153475024593,1.04541453702541,14,33.0298274089767,0.445005494975519,12.9033713640181,0.810219750953859
41.4783798838722,2.44032844759154,7.52169820322017,2.09362345931162,12,103.763959989124,2.85723520445183,7.24706184999085,2.17911898697691
66.3816493681696,2.59760476878231,14.0506380998441,2.51356952759044,6,31.191548544058,2.14432980947516,9.46979830895846,1.59267895825728
47.2625464524529,1.2653134753275,12.003809427326,2.49592790200405,24,171.404327117819,1.79836727013191,11.9203497618117,2.88916124791767
19.1286015925865,0.933272687817578,5.53273277785316,0.938689192122066,2,59.3643567694157,0.89622817939368,1.45027588269656,0.322250104910784
35.5661359561687,2.70513721228411,11.6548582370287,1.52375474358739,15,37.0611118266536,2.86111842171935,10.3561979936755,2.29641408880269
120.443329384146,1.9901414778707,15.7284878209702,2.07135516812539,16,42.8515913435432,1.34627205328168,13.112864550135,2.88322058640105
29.0384983987944,1.52007484551348,6.2484750966558,2.71540516445606,30,46.02242355629,2.81636512855686,12.6901125471984,2.92125628599276
31.0919185917358,0.9906487822802,4.1670430093188,0.545649801096712,2,35.1375542221342,0.906318316116594,12.1885545718941,0.988415642804413
33.0169767882979,0.362763749585031,9.54227096947684,0.724302798609121,4,74.4856839822171,2.2341842503679,16.2968010225639,2.8570243929992
65.6569569426373,2.6788216539321,16.300860994475,2.91996110170046,13,17.7346006941159,0.542529878529505,9.13538244669704,0.904612788673554
79.3692048639619,1.93956667774437,10.6402456561399,2.26022796528825,8,82.6244649457877,0.852537898237046,10.9184836859409,0.80381856685982
38.6868068696957,2.21461478484477,8.03819932841846,2.94587159883671,25,58.9322140674205,2.97781519395663,9.12808705612541,2.47070474386427
45.2934466972847,1.52969382414505,14.7161538817052,1.96873244025144,6,83.0203743384148,0.853415483821441,13.0840327248852,0.85173748833782
35.3777835348385,2.93549700567005,8.72769884531604,2.98309667152752,30,21.2955596316958,0.391394452927375,14.7519763292939,0.981910713950531
205.703546870891,2.31603833696335,13.2376591496985,2.66452416642427,5,56.8879960988271,1.03157090026871,7.20345646447332,1.67617192824083
30.8103480421016,0.537406084403298,4.59461771471158,0.697792587688445,3,30.9164295983237,2.05287394433964,7.91330649005143,2.62119286473975
10.4640438146939,0.455337455859483,2.43766770635386,0.430792616832982,17,24.4516583711739,0.626124270901347,9.69162236568442,0.75738323224746
197.253247245322,2.35918645631208,15.3411408674687,2.21283391693066,6,52.8260041189702,0.576668287506279,0.68013616224148,0.308350410644652
141.543882629212,0.649047534157764,7.74898480295012,0.606735429386489,22,138.484184380723,2.89673002164922,14.4968062958288,2.0038278493925
18.0403418006876,0.339122394380049,10.9059008350984,0.808285860900327,10,67.7831677052801,1.99514197786257,14.5046506359474,2.28522227426237
115.321574972622,2.47432825255484,13.7931549303885,2.61238337232102,18,39.7822598129328,0.486757452236656,9.8396659464071,0.87880671130511
57.0087671631296,2.38425208859042,11.9836569495583,2.22263847158732,19,120.534882596839,1.69087559387269,9.45701023996364,1.42558533299262
75.5323240296471,0.614363341904258,2.29822913913988,0.397049304424419,16,46.8345397879945,0.953677177115516,5.64331628152411,0.670183529609561
22.1779134498362,0.940202279431619,2.66635952737751,0.425125120765849,5,59.9863662316702,2.31779631249923,14.4447445567333,2.44300206245615
104.251432347323,2.05320004654103,13.4646457528646,1.66267439026306,21,100.327188654701,0.89548010332831,4.27549347391264,0.461857306119611
106.43957393767,0.884603956378667,3.58158367224283,0.386369166929557,23,74.0256649222509,0.887102524104297,3.53071018219905,0.52588606809955
69.9841553327407,1.38747925608835,8.88559514688389,2.32423846515079,13,18.1186009764134,1.74824574784795,6.02227565093537,2.74144401584472
49.3935974131811,0.841562307112116,7.2551972830172,0.798872713624261,28,33.525157234871,2.86915590986363,8.09045025553232,2.52315976635152
26.3538825239891,0.722749514168667,8.64452844859418,0.837586412594037,11,41.3788433820964,1.34878349712352,12.8911490680849,2.15850567681085
36.7356617428877,1.25742286357485,7.80991907663057,2.46729533285715,26,123.165648164375,0.731891267605507,1.54815252759248,0.335751554141589
36.9008247604707,1.69518529051453,11.2054088313768,2.54893256345368,12,22.2257862575367,0.392659483747309,6.95657944943475,0.488460184735865
38.7464181690097,2.96239641698599,8.43664950761635,1.06346504884549,5,44.3306057423902,0.552720443021089,8.48785881262702,0.547977058858478
40.0384752808797,0.97727257799207,7.27107020054846,0.9584563305443,1,40.0216278729514,1.12064190216769,8.82831079115676,1.11305759238597
47.8639154101237,0.826504349240484,11.0755249735815,0.821746275722002,30,34.2198823910021,0.830355225298687,3.48793700982532,0.402808082317307
37.5625826112305,2.74153227759836,7.00354413615009,2.03541110366519,19,150.55583952651,1.51796263117641,14.6448264809222,1.88493979358318
95.0091759181314,1.52023982461187,16.7836009084888,2.78799498301378,24,95.5991517839669,1.57956149604147,15.0846013496641,1.02090447872999
72.7454440741346,1.71290555760855,11.7842791055204,1.01342357522018,12,171.497061296218,0.948458652472912,11.1588750201618,0.787770281371419
40.481446102518,2.65904548499962,9.47068791752506,1.03922906036308,19,37.6776786818644,0.679222295826445,2.28376584973182,0.328466137388867
42.456155980299,2.84325763116468,13.1344266802749,2.30538798803868,2,51.7431912462946,2.96134709470202,7.04024141989759,2.32144476318992
80.6311871776253,0.699410835969234,1.31699845040274,0.306967169107425,2,17.6375240428737,2.10333241564668,5.7400511570794,2.27503888582572
122.346455637454,2.25460377141507,11.1219196935575,2.01308256080841,15,48.2548192390785,0.903843053575825,1.85513966227572,0.339116640277039
72.5111120849557,2.28589155120344,11.6512739106368,2.50173407110418,14,38.762270629934,1.45509014955439,12.8187709019993,1.59565719761805
17.6200214356148,0.858357266772194,4.9174184246803,0.781505083917652,18,91.3372893947087,1.88989829923929,13.9300612532538,2.50016399266003
71.5570291203883,2.1174978530519,8.50474938520872,2.07214014483246,14,51.1509736646602,0.828495768951719,8.83693537552545,0.586226006613786
12.0867097012464,0.444330277467297,5.82304370234704,0.860722148850743,17,14.1003029162606,0.629811219191465,3.68866630187465,0.573261972043582
90.1843298613109,2.18473793446806,14.2134487724764,1.09099905677605,28,39.0968851412827,0.918075779843999,5.6444123486678,0.57831063720009
47.6790113941305,0.401957224982416,8.85704275212781,0.690929247768746,29,33.1703075317032,2.85920046065615,9.62809710637653,2.8004621889565
50.4706840454212,2.39642204479768,8.00779497442791,1.67097385012373,21,21.8946640929919,0.733348114451283,5.04962546511172,0.641494087737723
93.2663145875919,0.793419778192021,9.4239493988201,0.919746854066892,16,37.1893284474946,0.664671958698837,11.4543568460806,0.96817434316531
270.233693992129,2.8384792147826,14.9701108765033,1.95236257910893,16,60.6243915087548,2.17003069692718,9.28699103177281,2.52127904015566
41.2541140681607,0.697758394567658,1.6390172126371,0.329290875239214,5,102.586817032234,1.46402658904059,8.04493147339281,1.11506567696148
55.9789055273348,0.592358670073331,8.31842511051023,0.692924766437623,21,28.9661814035081,1.55116876584119,9.04280373791063,2.99306177570565
22.3164711159647,0.926170397129979,5.06657634696695,0.713973321472476,22,19.1285374620325,0.324626704395045,4.72772165651178,0.441635583614744
126.598108883713,2.93729423489501,10.1306141518083,2.51529575287105,28,17.5741943647718,0.503086112829531,4.83920774575149,0.604712388188448
21.6382731998661,0.542008331433242,2.87075152549515,0.426823818537541,7,120.961645027688,1.96082814479639,11.7848876256838,2.42952137708867
2.70656677968677,0.302062874726847,2.63889580198776,0.450566762147242,22,36.0255232739616,2.39219233567333,8.84920578518619,1.06648200576904
175.97965609316,1.06913079307298,14.6058004159803,2.78579174726419,13,28.4297769944503,0.51341063032403,3.20015253847899,0.391793206112752
41.8619610964247,1.00042260898044,10.5777900608883,1.19975717928705,13,8.78696598918227,0.385121513575795,5.81668549580051,0.556701964421762
50.1673381626581,1.86724527806948,13.1822375701645,2.75179858452782,11,44.1591584374392,0.800558558626261,6.66647052899552,0.828087870113102
60.6552260489338,1.95378786243817,11.8866252981424,2.48014518379183,4,20.6707008852491,0.542424407371344,4.09402954588961,0.420887723389991
9.69187521362607,0.357562665698521,8.71896504204073,0.857028881770268,26,146.888895596828,2.87032086468099,16.3827417228171,1.97231223897169
43.1582136389802,1.96367972419664,11.9397082251203,2.53428926521114,12,103.192685001479,1.36903562337728,7.71048619637506,2.3404972370784
38.1747850150023,2.21028216051817,10.2148840070284,1.42312601195245,24,62.6902354087301,0.700966916049004,1.33627007008493,0.371206635485418
172.329954603266,1.97880004234105,10.8583044632642,1.34613030462044,7,25.6090187885523,0.800779250066988,5.8273137372508,0.738950537862613
86.1867163119885,0.878569954959335,8.10086357552294,0.608015918189939,25,111.271071954002,1.85014868661813,14.2886115950016,2.85606456572743
6.90743548793469,0.440355293427096,3.61451899607716,0.629422150386404,21,168.050713304655,0.662187204523909,10.8940402360362,0.823782032574032
25.1625745148263,1.30956162147012,5.71611199414827,1.29664925086148,21,17.2946303986939,0.713705667878833,3.46878885022107,0.504183591741683
46.1651230800145,0.707647203518677,4.08537738099263,0.663210412950849,23,104.323887012906,0.860968340946583,4.26224546649838,0.58793914919217
48.9792918594136,2.18594406533499,12.1019288081017,1.58671438064618,18,157.724589907127,0.662836942538117,4.64351518946919,0.407077411531233
68.4963330311994,2.99083710447476,7.69753857807591,2.79589584072083,28,142.392202803394,0.863303202733305,7.42995204142241,0.763102806297215
96.1131715915822,2.80369557358265,16.1130045606522,1.69433957866951,3,32.1778409922906,1.35612412716423,5.91932282242885,1.72922225691163
145.918298866131,2.39591159681277,10.1744344311046,2.81917970946818,25,99.6573656341697,1.38827333883206,15.8137232187869,2.07937518974442
84.2745981556881,0.795607881733926,8.69906174669599,0.976381851204928,14,44.383949770344,0.593109401214524,5.13340310601733,0.67245672594855
17.0945585311315,1.17118102620144,5.73466217237259,1.68506306483537,14,49.9055645477597,1.33053078777281,14.5224699492532,2.32337306846961
72.0018234526803,1.52105962587438,12.1638249437994,1.84370613883446,5,72.9981044471573,1.83962587737315,6.52612124084346,1.90704078838918
163.723218426465,2.9524791156849,11.1942495874475,1.93873437765724,22,35.1255777998012,1.3746861141428,10.9502539074482,2.33336271429295
35.2326843222282,1.94491260607067,7.65352255656333,2.99610326091232,24,245.936178869961,1.06944771693295,16.0244223499063,2.92450856467341
48.6458212931687,2.08671626488034,8.17972352843528,2.52263014808299,10,75.1485673085157,2.73727491041506,8.84409355931871,1.50126046940355
49.4429477257331,0.820387608530178,7.11150959387918,0.731370682076039,30,150.112452446388,0.581600847089788,12.1129626665228,0.943446470214268
22.83576140047,2.6037680460688,6.93305507477088,2.51436075928184,16,28.7255739224845,0.718684199563846,6.76362151642813,0.68453113929483
50.4698400201161,1.02018974127851,7.89404542649212,1.05464546730106,4,25.3099567760502,1.52291210521758,5.77178309676577,2.72206570404363
18.3094122871496,1.81727465768243,5.85745901709816,2.9892961238266,25,82.4389578465709,2.45383756248768,14.9622574802547,1.867777076801
51.4825027323375,0.725628879754017,3.89967169287204,0.457564296323893,1,45.4966638229785,2.66205503191632,9.67025692011001,1.05524882369272
18.8920265808331,1.31361155527972,6.42075778017619,2.53664002505902,28,56.0815720158452,0.639463455680011,9.55686713565337,0.702655095569162
15.6542891517109,0.626796157667041,3.00636855270884,0.525755460801013,18,94.3239564285535,0.902045574225176,8.68328628098554,0.562786167809731
193.045359544562,2.55785858021909,10.6360287731793,2.9548804742069,3,54.242774658782,1.08842248077748,7.46310415419361,1.29067322547421
34.9951147234133,0.396828893166449,5.72498523389284,0.503032116057951,1,36.458734080067,0.611700546577735,2.85979638045285,0.408912444577591
24.1965957334284,0.31714814633711,10.556363008336,0.975568133083595,14,24.7295209961719,0.588471441892675,7.50638647925171,0.989005943746472
20.7953616214687,2.91159514711293,5.75081087855042,1.48559730755217,12,46.6418614382474,0.951165645296598,14.2379955930696,0.971446195485686
43.0211511377412,0.559080061634636,6.26151925886758,0.905048501258491,7,62.4235300532443,0.606140475056558,10.4154508167289,0.802991746795175
28.7825244572832,0.4198009346466,13.6242305806118,0.972124451852978,24,34.1250800950563,1.85120701432593,10.6682001247488,1.34767697031412
46.0332184689933,1.10762320004212,13.655324187292,1.65754024406529,27,57.1491205319304,1.66748687230519,12.1796569541813,2.64583048441746
24.0886136094935,0.511985839170796,8.16154154077135,0.533699064446424,10,64.8160807991932,2.78640601860018,14.8627839387849,1.27921632466749
46.3032680697232,1.3108968915038,7.6939105255842,1.87501825584107,19,192.54404352653,1.98185496564566,13.4907113375352,2.68641693127152
13.4503428476648,0.439875684125637,3.81632669263738,0.525251764599902,17,8.86718836101085,0.329815398622705,8.54721433706972,0.629336507199014
77.4496468674593,0.546357827527966,5.03323149784975,0.506386996078395,29,72.0349739086487,0.652485697983778,6.60321601510931,0.653989771984912
222.233355467803,0.819396607560444,8.98118442210396,0.586870831252495,6,92.7461086913865,0.776281701903795,7.22097428856647,0.713594401958783
85.9376679390951,0.697663469590961,11.7745873822901,0.914930219719898,3,29.7370531748481,1.02328250432743,7.23675004653916,2.01915556804753
9.3579314882494,0.362905058623298,2.49791734608199,0.362529961824872,9,27.1242133402076,2.2241566153133,6.25267329928125,1.2780530135079
51.8113748398631,0.817110224734125,13.7697293453684,0.975152815430371,22,15.2093923129942,0.590372841552937,3.20993369129318,0.580188236103681
27.4634752962103,0.86903315006276,4.39029393103081,0.505596105620975,1,65.7170792090853,1.44804669860224,11.0932832862097,2.05055370781798
21.3522883848643,2.51061094585243,5.94972943110782,1.33511518799762,25,9.67955008310818,0.300469842811228,2.29356277686599,0.367188598803583
134.756610017318,1.01675909382484,13.2506513280292,1.54135860248663,30,39.8587517366333,0.807932025697172,4.49308318241471,0.654790209935174
31.5310959177224,0.546396715561583,9.86031699119922,0.602412912420731,5,25.8066797253381,2.42767732849386,7.55865319305413,2.04940358868441
13.7061769718754,0.4495078109964,6.08300243301689,0.72398673915972,10,42.3751807822344,0.765619997517797,8.99025875447463,0.754698754919752
5.2184400493349,0.352532035228044,8.02813834875151,0.945616058048872,3,34.2815829721412,2.80682203587604,6.85097193060458,2.71941793613302
61.1702772627722,1.34716299113726,13.7924262374946,2.74927280415406,21,38.5062915784258,0.502325359171898,7.92551990671415,0.579898390326719
45.7781741405176,0.904041738848427,5.67286785385358,0.445412020776618,11,30.1528134459057,0.670079749876214,7.7439652940364,0.863072870103852
108.651283246199,0.500772627622956,13.5581223385093,0.860935488651733,29,27.6887668058226,2.57513801068249,6.55847121218881,1.92699278959478
183.786824406426,0.645156080283775,12.2795269328498,0.803928294896183,18,79.6986826860473,2.32711333024466,12.1488135446131,1.03705381370552
98.4216698537798,2.45446738331905,6.26655780071562,2.43277486000363,26,19.5889217509245,1.38612093172328,5.98649542405501,2.67408000316571
15.5114681921509,0.799749015247009,5.4608144619225,0.902681748967069,8,70.8503837509353,2.6162529291224,14.8282654353161,2.16850527768697
64.1630897689044,2.08764810852819,12.1950798006479,2.2363185030226,17,10.6246432337625,0.330251500773006,8.91265377617284,0.672371056819223
25.5947464667692,0.497040827888793,7.11665782374044,0.662103958539654,15,52.0417894981417,2.81216920622736,10.9026379603052,2.77762553976586
14.4093712979113,0.748594290007175,3.15920833825715,0.537023167940512,28,32.4938807197258,1.77085069882403,7.23711682735091,1.71321374697493
20.9689765963382,0.370128065384195,5.98911014651689,0.747887227179736,16,48.5109525993378,0.705156612626938,4.99055111215723,0.897799804248767
68.8723895129274,2.86036858173214,11.1373288333085,2.08215141566054,19,28.7240001418856,1.13656279560569,7.64237851895399,1.9661695628059
49.7652014022333,2.94925135184289,10.7772261577728,1.51898514962456,4,128.280746309634,1.02710217754593,13.787344275782,1.17863114565988
94.6702921881266,1.40843493083694,11.569506478054,1.59583484876353,11,47.7211641633201,0.477319960377361,7.55408918221346,0.621128415083613
43.0065151016013,2.59143115396261,13.6270133074279,2.19595588612996,5,122.881350183819,0.806854885424209,10.5207426601383,0.628811466016826
43.5263245189374,2.2266666322688,11.6876604298741,2.98351090791714,2,49.797835103056,1.19316293909681,14.9721018014321,1.4788697829323
47.6588570094367,2.58575984690051,15.6087700943825,2.44999212167071,18,92.4967595037603,1.47121346724431,15.4498817416979,2.15900747008808
127.796688259612,1.24297179781252,14.723360687689,2.41104475319744,25,97.8034513737468,0.904523910945935,11.9027091662611,0.730543189691773
106.779698544456,1.95905162751342,13.3008805672978,1.82440110849361,24,31.3691413588598,1.50717626057108,9.73924520744894,1.4097704250541
42.952398597927,1.84422296790846,10.3409554593585,1.74124226988882,29,30.0939292387193,2.62358477689426,7.98209799323265,2.37058661403322
41.126815128927,2.0108156254211,8.50444251562678,1.9131763557986,23,40.4954089946198,0.423049355408601,9.35192483936452,0.637900246207041
134.076542485266,2.39090110687585,11.6145693078953,2.15514211000624,29,21.5054381796047,0.327190740949424,5.57945789231728,0.639657683188128
31.5038365355963,0.8518153782724,7.29139287108991,0.772052159491893,17,85.0503617683379,0.820477637138681,4.4389198412545,0.533145912298284
51.0288737525924,1.0210398950866,16.8615073105568,1.88726783104171,17,10.3106502287801,0.321652798288364,10.8685510512917,0.990667349485963
85.5631413017007,2.45065123983027,15.6551117178288,1.56419822435243,15,14.2969799406535,0.537678253487063,4.54733585889233,0.79399863675042
127.650683441206,1.46739111553779,8.77340691914938,2.73369345097924,29,47.0566258677952,2.16141739510429,12.1468473071059,1.72391530656275
51.7014061670944,1.6123292024962,12.6632318509233,1.54141047033876,16,51.477392873881,0.890898122362591,12.6299528343946,0.913854120926608
40.1862345946555,0.747555818693438,14.7456700795227,0.986348254169298,16,27.6906916796682,0.762310159648542,8.1440304289828,0.693783905355547
23.0582000052086,1.03913280851652,5.90914098675444,1.6290218988308,9,84.8825207742411,2.85100456093923,7.01402355826439,1.58154042589229
144.372369692534,1.08953265831035,15.3924600782891,2.58506720450665,10,62.7229330648129,2.93899117064937,16.1766982834221,2.6548523701258
19.8846019276518,0.440472688716594,2.70812554567449,0.424721026113713,26,18.1068484855642,0.40444102322111,7.01859705836425,0.775634894616009
53.1886102785503,0.96204983760122,7.34174139217534,0.678782896958376,23,86.6158697869202,0.575527000242086,9.00205496171728,0.737266048632885
4.39535722607934,0.385185399132061,1.38728010948032,0.379605205622368,6,28.0483191535672,0.568577964582545,3.36447486525631,0.399414648794092
164.845142782444,2.38895670514215,13.0431430156184,1.33533296305047,27,156.06860999802,0.876483859469535,14.7406061973302,0.973000096988938
34.9848974523458,0.468572004910346,8.9041793051466,0.948868024061599,23,9.88002200326863,0.336551307536548,7.6233046666241,0.930734566164299
16.0655106894396,0.482901804351016,3.37375453234367,0.555219486861034,4,62.2993548455662,2.85937994007567,12.7752751994757,2.15165842821823
15.9822648503551,0.420126194473828,8.01890323814599,0.787976231626154,17,115.617875635063,1.94674721319525,7.00288733349633,2.98976116172274
37.5746107008604,0.923129221926155,6.5789840771847,0.602588627576721,8,25.7780169729672,0.334096317574927,11.3238625346181,0.943181304181172
23.0010894285586,0.618604003571084,1.84000078988196,0.389804796258124,23,69.7114808979712,0.655993257353073,10.5812218704782,0.815080372002125
27.2836197741383,2.72279940648784,6.81307969110327,2.25486473669435,12,87.1934725650845,0.716886647730273,1.75657787591119,0.31114141666192
30.0897616652264,2.81560391937906,8.37662666731686,2.69560933573172,4,26.4211733824795,0.634655770807017,5.58464018882128,0.540850124966068
61.8982145069034,1.16445072788162,13.7484819188361,2.40756416972253,14,92.108405708434,1.58062028808877,12.2798344628028,2.56704434416583
6.59215168819651,0.304053596316502,7.81075964580456,0.515741016284524,5,16.2249977345954,0.415032620519173,6.75466242202956,0.601223695895749
85.570276235299,1.5149358975521,14.4509546812445,2.53036097497155,3,30.2419693196058,0.555885783995466,7.12248527058695,0.811840451046871
128.943170636948,2.3691879885594,7.42372515937274,2.14155687955584,18,15.0470171911451,0.460380545146284,2.64554782592891,0.474448260691028
61.0704628834801,1.53444209843239,14.7984924539557,1.48356219180505,9,143.014673711622,1.08760274836031,8.01845101767896,1.13009344014093
26.0135830746171,0.691087850098664,8.46434871533016,0.785591858854292,2,24.2560720837847,0.485802385681848,6.55606380093755,0.496506314924788
11.4821051865212,0.469120017118349,1.78131238539556,0.418588132970478,9,25.2163940625338,0.624825761355607,8.99772746046222,0.951830863696716
189.239014928769,2.30136521839955,10.6917217462604,2.23828074572067,3,44.6093155247672,1.68335821413027,14.6378328295911,2.16160091027106
78.7426231932692,2.89037271574334,11.162746408984,1.05814810868096,24,83.7028482722364,0.689274984544723,4.0694643346727,0.411971878336984
86.4808941616469,2.94915630786726,7.02239563995897,2.38036712608523,9,57.5176999440769,0.987857901078573,4.85410315846165,0.547767943472164
30.8848274000105,2.38586138611651,6.77844834670551,1.7266515770587,8,24.489857902635,0.401719630987599,6.08703022881128,0.59075794021869
175.575028612898,1.90201016266907,10.8312522592131,2.11342348231094,7,81.0502438702995,0.856437912248424,5.97546821251068,0.704875374571932
85.8919703379691,0.945295677183675,13.1868349509663,0.865605274861288,10,89.2763092951392,0.982873923737973,9.74823254250204,0.83158132264033
94.9053830648091,2.58792284582153,10.3204859046562,2.48291673587007,10,26.9093108059905,0.944302878885129,6.41661594346292,0.623780515556949
9.67954042298815,0.349025750949495,2.47019305105731,0.45204856013492,1,46.2145940201954,0.592008277457523,1.01574235901732,0.341910201508522
68.9525913648493,1.01467392144777,16.2828770101922,1.55701219858483,24,6.88571694878454,0.426767785631761,4.47330871805232,0.691883020268036
71.6866727081458,2.54212296555798,12.9760284337086,2.04067633527103,15,21.5724523612426,0.398955437952701,10.629934585192,0.638282441661001
32.6190812225054,0.415135219595237,2.922444828537,0.398111922853303,19,17.9980246861191,0.384771513075385,5.73848376637645,0.603956467345642
50.847123386007,0.95817457346565,8.79356211543612,0.601924031533117,22,82.0437844465166,0.993996086818485,3.39281364603587,0.424660231779363
100.770825643629,1.89005932714835,14.4607028821181,2.84455785027392,14,65.5858081514571,2.54414637410872,16.7634973751648,1.8127525507388
160.335252842994,2.19097714098197,14.4488202446658,1.48450766943711,17,35.8237824856892,0.729730524012776,7.47938407239136,0.772078497913054
39.0100926612601,1.99193752773139,11.2716984100531,1.94333249135956,16,119.700835653256,2.24735783500018,7.68666755724919,1.12633003940883
46.224132125568,1.32915688779462,11.6084922230518,2.48942434420147,14,35.4263317127816,2.34563297428885,8.73221292671919,1.01282390079675
34.4124927313933,0.457410202277078,4.47855569282057,0.402745249295501,13,297.174967942023,2.38321637784507,16.4065517918308,2.26240905369766
20.9677947600795,0.30656446961709,11.5405701595965,0.946070928887169,6,82.5134969526394,0.621582917884131,7.04348354970073,0.680744775753562
20.7047598442168,0.908379570346037,4.82234091090425,0.762861014389489,15,111.429111785401,2.28836929407627,13.7289915264201,2.36046711561682
93.631859370949,1.34919456643194,8.30499366815273,2.40709459104134,26,124.466008659764,0.573871768113607,4.54880240014287,0.401873123399191
67.5159914412441,0.880117801586057,5.13355771879678,0.486731082411029,17,2.67202091407528,0.308319746290455,1.60359543899309,0.361145025877722
52.5208717849483,2.21843962266728,13.9227110908885,1.31790872700088,10,52.4254641268838,0.841571964832412,2.24886438743249,0.470580237573967
40.1816971011628,1.34920316542206,13.639773520446,1.7172537122726,22,18.6911534190571,0.473123999569177,5.72531166626008,0.506213968446267
30.5966250351001,0.341935275100837,13.2279520547347,0.877667408939618,2,23.9419496568634,0.775980313364017,2.88994660862625,0.431216862807836
34.2084571502426,1.50846003574343,9.74274129387921,1.32904961721217,5,5.78108557694834,0.335602410940386,8.38596136767053,0.817502286773082
77.7958838577302,0.988184408980183,7.75087425066015,0.827465524553584,16,76.6995065162444,1.17504497320754,10.4100893846306,1.43534836951982
97.944907043623,1.92476194610976,13.9494550972972,2.72306371542711,20,60.3387295997632,1.57737400669938,7.00447295007699,2.86041810068124
29.4711125004371,0.692080057421511,8.54633326340194,0.813489350643057,16,183.393591132442,2.26831422434274,16.1072868133083,2.05799421610998
101.798005161936,0.791781057488695,11.6423502900285,0.721929270143236,21,66.3902617623642,0.878605871587192,5.35740009323137,0.578984124228905
48.1227196354243,1.02738169977531,10.6104118376975,2.68675041599292,18,76.1040395734659,1.72643522081717,15.3324343190692,1.3591812197816
74.1727305647551,2.97028526556156,16.2225125753847,1.9483427286528,28,51.7573109850012,1.51718560814799,5.73208002212593,2.9209411014701
85.0285387616547,2.67912218996587,8.12736760884391,2.53993936319659,24,20.1361121874571,0.582716242757675,3.71004313911904,0.450613614727746
54.4514791755374,2.73980320102461,14.5351326493879,1.00788531722986,13,121.381328234598,2.24185648645369,11.894082346273,2.92065982420187
38.1857500695313,0.908832972721787,2.42952966874651,0.434567389103792,6,74.0007114176152,0.766823138881048,10.1269092986265,0.666814810412762
67.9617063045883,0.718729033323342,13.5764365382871,0.865103262259503,5,7.71556929847689,0.309197412737637,1.51975304432884,0.375085958793559
57.4592475139094,2.33202255823571,16.2550561600824,1.94042399521352,11,62.8334169867786,2.32503296017846,16.4758335765884,1.89255474711313
76.3377215602665,0.640868186147955,10.8898212174778,0.699408176399704,17,190.305215783507,0.73934622778952,5.85946196630479,0.452117928458691
187.098665355287,1.63865016682688,13.4410196182301,1.83467554838024,20,34.286554091718,2.49291217919483,5.63258676184559,1.61190616692919
171.120626415262,0.784386570388173,3.54084612845621,0.384925046917529,13,25.1386604838045,1.52425250646154,6.341860863099,2.80652752623898
19.9272503188647,0.402446754022935,2.49475008225372,0.48163757824667,23,8.69114294455633,0.321041751220745,2.12264745909,0.357885575220641
39.3561195462519,0.664227184029339,7.98921701511622,0.996633885803692,23,74.3657918248375,2.23316307244616,8.48687618504559,1.26606288489041
26.8947868176154,2.31262292192903,5.73045713036941,1.14372054763541,28,17.7815827571066,0.388914917552948,6.99807232266287,0.569078061588239
29.4613539381141,0.66399931235879,6.11533774028556,0.516806486060424,11,43.7454981265494,1.79777322340685,6.39006105694351,2.38080676644088
75.9707373424682,1.09217042297114,10.3109938229285,2.90178233111181,17,5.2538500736963,0.314147792942017,11.2394400160859,0.808759610326598
52.1626720298104,0.940117650674775,10.2563692283236,0.650880418809901,21,86.4233288969521,0.87975696785337,3.73793773370572,0.445190993103897
50.7841699655909,1.06703106517005,12.5377172270488,1.87560237191055,28,45.3531113755219,0.849891491481765,2.85079743515237,0.471458349526544
139.260833057896,1.45444060261647,13.7995438255721,1.91912222730718,28,24.7756310967845,0.482310175947656,2.26457302474119,0.458124377335406
126.391487307781,1.06364276148073,14.2460504734738,1.57804479576636,30,100.817401264017,0.862494150784739,7.23889383503919,0.733726326584769
77.4754114296309,2.60952496846503,14.5659515234449,1.24570666188114,21,11.4684409091263,0.379181506078971,3.30006513205462,0.442605333224549
87.9919869567407,0.742942359874923,13.922154828513,0.886175981150151,6,21.3214665935577,0.41677159140408,10.1595774624396,0.948401173482755
54.3172902534562,2.62807338693372,15.4501543283166,2.5013678439618,28,18.0510690987319,0.429083187769371,2.57778929120041,0.363482039429976
27.7586750749343,0.55553563379024,4.5716217229817,0.488852814271371,19,42.8948584328053,2.16338209243582,13.4432696242863,1.9368096539746
16.5389554898481,0.392606948336779,5.36021392822911,0.431691527495946,9,64.0316975578385,0.981974732649775,3.43881177074904,0.500033960567797
16.8168943425808,0.435681356264023,11.6233070654866,0.720184273754144,30,84.5072876829353,0.682780623126337,11.9976499734301,0.838593971772249
79.9992374755966,0.868875229922147,3.00239514017018,0.373507366608366,17,7.24859273976273,0.342504887422625,10.838515931641,0.819152898776686
53.3992125141205,1.28892276556765,11.6588851645711,2.01532849551283,7,20.6856932673542,1.2638771117339,6.98221962378347,2.58966439565027
51.7664522637729,2.23675481558698,7.22780272504762,2.30505067545062,23,67.7505516908543,2.73483359396887,13.4327252487592,2.09420221242783
28.3156496262977,0.66402744043466,10.9864404193622,0.904302162820719,13,33.6373173992343,0.326506531320806,12.2354879171333,0.98166873301895
28.7203901556928,1.94404812308372,8.98650062595602,2.07130306523285,15,16.1975790486222,0.396200347344341,11.4685308984577,0.850215163913834
171.089786372699,0.941532608235533,2.55603218693396,0.366615929876185,8,32.1064853872211,0.494903003213431,7.36147856468164,0.77375447183186
53.999479155747,0.829524360207687,10.1464517040606,0.790720872072936,15,49.362058554637,0.62555615950405,9.04745217004931,0.576009195750637
140.822152952474,2.80942951494204,15.8984983936021,2.97299736708724,20,17.1910332121628,0.523656702985527,4.282851539882,0.695394447841321
34.0928892632193,0.826255461431986,3.64067664408346,0.603271214771817,2,57.7356707459758,0.509279961790203,8.19996167066179,0.724140266685523
148.943694982417,2.88766334903684,13.7057420216814,2.47501482037838,1,83.7940541665299,1.30452039107343,14.0813417748631,1.85411410054451
22.954950388214,1.05795263029263,7.81144951371326,1.78383247292583,6,28.0404306380449,0.334114364533845,11.1610368741302,0.74466337656895
142.091749928258,1.25724212927389,10.5972810098358,2.78287870348293,7,29.3302963972938,0.443357221472533,11.6672236750477,0.92938640091074
149.84829835017,1.30974307495925,15.1045326721907,1.59877242036289,25,4.82107572023957,0.322884799128902,7.02311268448417,0.733066168730095
16.6177396805267,0.335535644176052,8.72662107440554,0.83089174380455,5,93.0381780173181,0.738104413439687,7.47290520192382,0.674855537590978
39.6587714223278,0.394719677812265,4.10306706983182,0.447970001915561,12,8.78614166617304,0.349809454898451,11.0332020511908,0.9617855750615
50.9819057576706,1.1878053249891,10.3798811532111,1.42108718309777,10,76.2366981453962,1.75007251453234,10.4344150092655,2.63851147768671
48.9867551871399,0.714477875819843,3.74044365520389,0.423413740988135,14,272.837951768023,1.89437400487119,16.3099347307793,1.93248380191254
38.2503962284118,0.711093580506351,6.62923304659309,0.761288074093028,6,127.09726334352,2.19186751391208,16.1948351482204,2.72195138810107
146.919557826712,2.12839818271642,14.2510326280057,1.77140782885538,22,53.6518170211267,0.877054496321286,7.31998344720627,0.841219443635092
39.5550021486786,0.434733720641001,10.2243665544269,0.751707620398412,16,82.2389953572484,1.31642909992756,6.25865628605363,2.05960082264706
46.049933754609,1.75784121514604,12.5478548572747,1.49314274131831,20,56.111663832269,0.731904116366812,2.95486517280888,0.494952695264703
50.1606750276639,0.941566072479389,6.82391384345197,0.670653974337946,8,85.879044725855,1.9768469055436,13.8861862854672,2.754635524572
23.6538901813194,0.85267791602841,1.3309307994956,0.363860762307169,24,46.2434998817396,2.46076243644854,8.18529351299801,2.86586090043418
121.687536464949,2.75195528923792,11.1831948411934,1.99148202700031,14,30.6258570577855,0.799772508727877,8.09561866291664,0.708003774370454
193.126590253086,1.87553430694895,10.8191622229875,1.60462847158977,19,64.7020026115769,1.48019815439055,15.3360928801511,1.05947435537967
250.061611777255,1.76339677154312,13.8652175498235,2.23399871435368,12,11.7684430473948,0.478181225531029,3.64078427913212,0.525223386776445
30.8130418834609,1.72209980422169,8.14359517827086,1.8645311755795,11,130.507841238956,1.91313747209966,12.2879179290417,1.96576776558674
82.8714598791027,0.776524217677189,10.0735860128534,0.605726837312341,9,111.036751471229,0.758095920369541,4.53301955008339,0.586347217433495
32.4592002941953,0.578269059406361,6.85032231316757,0.771687154348124,21,23.2414248862167,0.493439377488278,10.3872731215661,0.892764782639399
32.19946313136,0.573408965581224,1.7179536552729,0.366572467685688,19,43.3941471561963,1.78674890360182,10.7943270660859,1.38633573100161
84.798340205283,0.591129189765417,5.68793095730625,0.674427329793772,26,41.6589722561753,0.704386111284274,4.28635469906937,0.499090905825981
65.1293484688724,2.42283746025644,7.38969511963253,2.04288865714214,23,75.0092555047401,1.37845678188362,13.288403865272,1.8104946129278
22.692495904287,0.353899643881311,13.3352792940453,0.957412238324113,27,105.427017283208,1.24065451825621,6.0368316793866,1.49221742031098
151.267970330543,1.89569150459009,9.65174919578443,1.60613947279679,26,30.7582396202282,0.879285178672566,6.5209672979326,0.864397119520533
29.7418687124766,2.96460946402868,9.20933009149802,1.93532634156221,24,66.7494875489208,2.05142925849513,16.7336827143337,2.43999770982024
176.317272518646,2.29293153939117,12.3519559286436,1.74951727805296,11,57.1048007150954,0.721213956815982,0.913723784210705,0.316671877809547
139.312694760654,1.19712792489225,8.98614775311938,2.75979723973673,14,24.7544432691677,2.14779323746888,6.72820694584742,1.47526604778117
49.6032889644841,1.29715586275183,14.5347998921295,2.00587108365163,14,130.260197444181,0.667874642764491,2.02384947747433,0.319881258868332
38.0551963396377,0.787135105040546,5.32376145603924,0.967072138507174,10,130.411956623658,1.25798729000278,10.6480507564358,1.0298448359776
43.8036720215684,0.9584587749027,8.68691459397947,0.685658185444464,20,42.3197878326323,1.28141833970601,7.27434465484819,2.00336195745324
34.5737580795605,0.912915142020836,9.41048477780809,0.769051615942401,28,47.0613945046775,0.867432393002671,5.12213827987331,0.591842695206571
97.3303359763421,1.59203341565423,15.0835518697993,1.53660742451949,16,16.6242588609147,0.516037766060334,5.31224389358369,0.523135460385837
8.12847238890239,0.307951357091634,9.03183267578105,0.793922845010617,20,136.091321046412,2.33776745883135,13.8502680795587,2.83771708003902
45.5098682908593,1.21804590844506,15.0416458151607,2.31286350819322,14,109.643667455328,1.56931927606932,16.2131152364828,1.58899693277851
53.2120032489007,2.02498331538213,16.025943701654,1.31685699982544,5,30.40531412399,0.893309037278055,6.3289531757648,0.715509832034753
92.0005320138504,2.33166474452025,13.1356163662945,2.96829389805469,23,10.7609120781817,0.502871292154178,3.9890505325835,0.631103699820195
7.4510702675104,0.300331212247939,6.821670329067,0.812561198664272,14,20.2128849863123,0.589597015730496,9.70029851744333,0.902209023338342
41.947250108111,1.33650881604575,12.9575358600426,2.76406513970146,29,33.1189265079093,1.47743058900166,7.73308632733872,1.71305452515848
71.476657981099,2.49202664389515,8.47591565225746,2.79688325205575,23,31.329660382897,0.655040493368741,7.16971455135903,0.957990388588101
25.9636997675971,0.491620418185148,9.34248358107816,0.884645109119992,24,72.0433893201542,0.567119435236194,3.15998638873445,0.376882304371372
79.3052544917191,1.91810411260226,10.7622312081904,2.12382893094599,27,31.3714075216738,0.849642200645598,6.08876684620946,0.668407749328548
42.7576967940697,2.74241594692767,5.79057280681279,2.52731072331741,7,102.934054595766,2.47400796916344,6.35269949568952,1.50133861029692
57.9575813905894,0.750747337018485,9.67351410303517,0.92924430949357,25,32.6787389704154,1.08831479331229,8.88617799111413,1.20702436290568
33.2710744126563,0.818096468284451,3.43865556129111,0.581504839617936,28,55.3409016525973,2.49461658679258,9.80076082460207,1.29995692561676
29.1007867917801,0.56770446000499,13.3681083553788,0.883735651004391,3,38.2474803972922,0.697962524588186,7.27783764678907,0.685781680833741
18.2515001826614,0.442406458840669,7.76257216825736,0.571369470683768,17,117.971096434449,0.642849483592935,2.0587608555834,0.329057370762098
57.5557493691299,2.12075584078008,15.1878040068297,1.37236786003071,22,111.342007271953,2.81708470576952,15.093624390121,1.85029372621555
81.5866210485274,2.45667819007587,6.56841243112697,1.89191468886112,20,72.4832120096869,0.849465127562343,3.30880083166445,0.535245448670735
161.488265760713,0.918777840804079,7.69910929988703,0.680213620970874,8,55.078410048995,1.09148995779057,8.49580987323564,2.38384415916902
55.6749394440766,2.9118170938104,11.9946378017561,1.27351744348452,28,72.3553486226268,0.561899490441667,13.4409451530812,0.890437569634329
120.567041437324,0.687114237265934,7.66556082655597,0.514574637410246,3,82.0501306318968,1.71683147729699,5.73695756381789,2.40145244607417
3.76113983468397,0.328787703558614,4.89179617158443,0.592885473325741,6,70.9242604153887,2.36981047125143,8.04709037080754,2.40027932053767
164.656406884482,0.904436653217243,5.18248545304267,0.421622648274166,3,4.69828849447181,0.304753071377621,3.1019541278879,0.412309911826759
63.6491728637512,2.91647435221585,16.4372608190123,2.04789766646015,5,30.7098968042244,1.82252979416795,9.98880312597453,1.47678952156526
30.2712348266727,0.510872986239974,11.9821294581727,0.804598031035223,4,9.36424984902534,0.438563193633878,5.76641282242544,0.929777284943036
47.4063060020458,1.76277603427384,7.69031838086992,1.7395405729482,10,20.4007048471975,0.455564798346835,4.3489477207129,0.653080007063373
69.5514645631421,1.93258350800093,12.1747936054462,2.42830912215634,25,56.3666035630985,0.955071776158568,13.6583818824527,0.847363783970098
39.8198926324095,0.685034800799901,6.81762695050104,0.541872015349603,30,47.1154740264625,2.31433499366602,10.8714484442099,1.44722100128706
79.4349252500025,0.981310315795425,4.74290875617829,0.518742640424314,26,35.9362402594436,0.85069257603523,4.35658335807068,0.580742794032185
48.2576226733302,1.29757050679163,14.6694545654688,2.19261547003038,15,64.1239209231679,1.71121051568261,8.13106665885451,1.04552246141687
45.9107539092371,1.33721225877786,12.0157087235387,1.89930284839844,19,141.414891340959,0.63617160822011,9.5302890335533,0.643391053450612
14.3974564752948,0.303716758998923,8.99662287669292,0.739249409262007,22,63.7874402222943,0.517813668212673,11.2289675494896,0.910530101765136
88.7138934888924,2.18073484071522,8.70010916377876,1.94405696058608,28,56.3426210181975,2.6653069910245,6.76551356533998,1.56078654937272
10.0221465086512,0.442480529819957,7.62309284039974,0.937782447034886,17,41.7099918619726,0.805106984872211,7.09143073383694,0.799612845304542
207.33908847983,2.43499661913908,11.0859266804502,1.38500833815885,16,18.8924334401292,0.486678760886271,7.33072750224357,0.83539662879321
84.8854814381933,2.05732705018338,11.3611035418984,2.41207486490096,27,50.7356999112711,2.84469104943691,16.5215884683037,2.64250350607163
44.5422321051611,0.969568749167669,2.74511686302034,0.34594747770117,27,92.6581200212865,2.61937817452432,6.02231834368211,1.26495125729968
7.09664800964326,0.352971816624631,11.2087196344752,0.938727308096917,26,113.195049650425,2.12676934364103,7.52494845574859,2.6289091709998
64.6255796163714,1.37156495590628,13.4627354496182,1.18909167693799,7,60.3393660124971,2.81631814843725,11.4143850012986,1.08975905865281
127.503971710155,1.51250827709643,10.9040070774189,1.63820575711323,18,46.2757469966141,0.665714003289195,6.2032403048811,0.886163114130847
95.5413582573042,2.7721558236605,10.6825787066016,2.5402299221508,18,31.738150666885,0.817531585800888,7.84986786100961,0.658934834415232
60.9015297710985,1.44301684309187,11.8656316808384,2.95426078635435,10,12.0075695355382,0.343713420594055,2.32834094991876,0.437096605243352
69.2974087389909,2.19102170834427,14.2296205573324,2.28994717612103,16,48.1708501126523,0.673766727598565,4.78804862346716,0.58247821603798
22.0008251018596,2.97602654317586,5.65078768869893,2.79502954502396,15,52.3646258683056,0.718317280467211,7.11699144885766,0.957822147734362
13.0679407116726,0.476596762316921,6.16045668164688,0.729518698407036,30,30.2438340141741,0.628156636104489,9.87105732159861,0.798604457461285
77.7182706356815,1.09758883353628,16.4154398155916,2.64508245172176,17,102.158502896592,1.85773997826916,8.14807494918287,1.11553108924562
50.5763692041649,2.85664424683556,7.26707976033963,1.63066861446059,11,27.0933056681585,0.997247591888088,7.44895458697631,0.787830371717283
47.5929314922056,0.620314777979527,6.10514233194236,0.471136481952895,20,36.5440141007404,0.501074908262247,9.65514097572877,0.781275373088376
40.3267158426072,2.82464597433123,9.3396270091274,2.15513678358435,7,20.7991395627173,0.625663956420921,4.1477039768028,0.581063349842793
46.3318673237214,2.81589446990199,13.6342061972833,1.3427643529556,18,208.53565300403,1.39376462791622,15.3612498263362,2.40854776795398
68.3758382000483,0.733990186230924,9.31118608399503,0.617421654763643,20,34.9373807567013,0.516983456889009,6.71516058793275,0.637761231651814
21.1552964576185,0.361506766179928,7.44160008931603,0.710446654660613,16,11.384406229772,0.362058304705743,8.68306532902653,0.923941588197555
10.5316393747673,0.469823751998014,2.68396955605348,0.427796241304817,14,31.0953975162688,0.807121971474506,7.37106777972999,0.931994867813216
99.8458452346076,0.574387564644553,11.2655896094568,0.931995108676584,28,10.7088850560651,0.310701973787568,4.25624364435844,0.474912273983355
59.5196782726025,2.20305655680647,9.86634167637827,1.39020226372012,6,11.4320971739279,0.313201178375521,11.8840466943438,0.900378290777423
33.3170267311158,0.409600363827983,10.1781625959655,0.744365608207653,21,19.4004008598644,1.32763345583545,6.27361570160723,2.97277588802175
190.558839756601,1.50181535902424,15.2107627595338,1.74992166069598,10,97.3238983251103,1.87000538855503,12.6762105008071,2.91476818507232
78.9789877782148,0.713304450418335,10.2806575125753,0.64322427171709,12,71.0763180028671,0.624345673617184,13.051595048935,0.803669092153469
71.1751739222539,0.861938675702475,7.8309109020029,0.856487064337254,23,11.4529113977673,0.330474757139519,4.98839223543803,0.618673093359652
100.30837217201,1.79572928392856,11.2213603378079,1.19291167730978,14,98.0044046080042,2.15169950810096,13.9640657431431,2.8948679320848
7.27546694393776,0.401040456394039,1.43911602807494,0.360090116688386,10,20.4389344900016,0.643936524899384,4.61472561218325,0.51688674079867
85.1860374085854,0.627690985439989,5.39317870364343,0.735827355766215,24,28.4802230858594,0.363059334909364,6.6201542539337,0.498244901953963
178.197264851208,2.57105318035939,12.6602409807453,1.80391062183533,19,32.4013691594131,2.66213700544639,7.22831839368011,1.70132794525631
26.5175271226577,0.996609513408871,4.38655973696809,0.714383010530756,29,74.2930680484823,2.56078751157847,12.9732226666937,2.42818525619427
150.070053796605,0.951821574899655,10.2738795767496,0.744891949505891,10,50.0135962523429,1.23444977755735,11.8637955557676,2.34073618393801
46.3480517553763,2.6435404125938,12.3128594576357,1.57804956053972,3,24.3533728889406,0.335235778230261,6.94047672462909,0.803997384862486
29.1295458035525,1.14079902171449,6.05391429889902,1.94257476078504,8,43.1654159822833,1.97033885889975,11.1951102330431,1.71567126892444
56.8062850551757,2.99345017538567,6.30848829148009,1.76265824660171,17,28.9102370342832,0.66881836708275,8.02251839916414,0.969611162403609
67.2154125253616,0.986221875113693,5.597325060923,0.898571716467378,21,26.7817827898137,2.28595051040464,6.07753712902037,2.71730545987456
52.5754237627039,2.84658500093298,15.2189825123743,2.71567723784355,13,31.7418188557168,0.475230549987642,10.3173490383791,0.753383150473869
35.8461350691172,2.93236395599993,10.807988942609,2.2806697653263,19,58.7396756444295,1.60015830624259,6.58918371312539,1.0221129765745
51.0588723168763,0.887988049716908,1.37020355774121,0.381251223742149,16,57.4324898065698,1.36997728236587,12.9442654274636,1.84388354100263
102.478046671234,2.78312709854207,7.72083798027753,2.69908039034885,15,7.3305208962865,0.366730778163329,7.34079737084565,0.77664899060728
32.9068309894958,1.46611179122101,7.87643818491787,1.1495057999993,21,8.4311954888521,0.306050969328549,4.66506074184453,0.583525192312459
62.2328446015923,0.74023287049232,6.5807422213812,0.746945060554185,7,207.284143073656,2.31830993706852,11.7625112352329,1.32051425964463
58.9853887280834,0.757563167101482,0.66349586751095,0.300051626001967,17,54.9203596874542,0.580409275506037,5.22178923501559,0.775101420611758
46.8437603824133,2.46240386062779,7.41076821171163,1.16229253900221,9,11.5423849781287,0.529778931331021,2.03398149963372,0.450153111572511
120.363623962265,1.69987734900052,14.612615785904,1.47880080613855,7,30.0624862402922,0.950958648059156,1.48389504300731,0.331440828975345
43.1681280339618,0.661246523288414,7.33670417355432,0.50180342886736,13,95.8014341582875,2.94223174886511,10.0306460923202,1.41539734521776
75.993825980825,0.807119597121727,8.33884831161129,0.685537545116959,13,36.04175748338,0.481979635008335,1.49773191220305,0.332872832616491
160.345894693076,1.5648338854827,10.3047624303368,2.68814119362975,14,32.0688237893487,0.670682679026271,8.86693140758338,0.991300442161277
74.6402968118627,1.24299979202727,8.27253375916348,1.35931958093906,28,44.075849545581,1.50892426757091,12.6469966821851,1.38904253934433
21.8406372063327,0.302413892986471,11.6867092974055,0.820351396900947,4,6.41670621913884,0.310787613502403,4.67226700191216,0.762523035428997
43.0549230338414,0.989377404634393,4.55967977820216,0.501133754082991,14,188.358078458536,0.918345068351233,7.55713774113108,0.572283360196633
90.628797763057,2.9228114358477,14.1799853706325,1.62831866513771,8,48.6209725452264,0.982808512917697,1.36974319116563,0.330054028935146
28.5637057826137,2.83282162080957,7.39137960785842,1.66446782272731,15,45.1201031136239,0.650411351144228,5.65362926733841,0.905355481738678
70.0651911812484,0.842432750839253,12.4360137003259,0.841645919426767,29,81.9512565581448,1.23282731820703,11.0304783085553,2.08414152214014
168.573905398597,2.6780247635936,13.5201281587482,1.16581390490149,27,59.5468539718565,2.16358975316512,10.4495121882346,1.62308482986701
20.7308135383124,0.646241019502234,2.76713434532877,0.406384352528995,25,56.8887301285426,1.28201359952532,10.584076942022,1.42899441930524
24.5158003895737,1.40040509489083,7.82728802157532,2.91401810083108,26,73.9932681415324,1.1608051951476,14.7417537989684,2.29788797048034
68.877579268347,0.987943316206705,9.80478906167645,0.717942697616705,18,83.0544541484438,2.87170284265139,14.8428385099293,2.90799813580471
70.6443484279346,2.46092318431661,12.1636515532187,2.56870475126873,23,248.565044701566,2.25944469910172,13.0070432934257,1.59895588354234
33.3594776545065,0.728062603022298,9.00156580606103,0.782347732587453,1,26.8867414659083,2.27018121640794,8.11546551449362,2.27940121002039
98.5788589075772,0.797592695461783,6.77912866395124,0.843129289563361,14,13.1065006537717,0.400895705047931,11.8984164070107,0.953507366263642
98.3732858057965,0.968891555926435,10.1565983858201,0.764845221746312,14,158.779038607344,0.814319493460421,2.97440032212612,0.368005292560079
79.2710960880944,1.33721526231925,15.7907187029591,1.62064344267846,20,93.6897553451669,1.8276090272289,15.9627757828539,1.76010076646593
15.6310896695153,0.481620586159769,8.02679011884005,0.899490718264999,11,112.580747600787,0.917846813972743,3.64555708670727,0.38238984707214
119.047408138438,0.923030883187099,10.6399317805981,0.845999107045612,19,23.5498045815154,2.9073716599591,7.60543770078671,2.93279422512443
32.2561899775568,0.723678723093572,8.4299127838361,0.92636206127179,6,37.4247626222355,2.75723603079584,10.460935154422,2.2422306406045
5.67203121994334,0.31179005139939,8.92223940760326,0.583075279807679,29,39.4466862616165,0.431893778982009,2.59690790260306,0.427915449952638
80.9505424167219,0.509239245500899,8.90727200860644,0.819722933687715,19,88.8465161427666,2.34986624349484,6.78807882612963,2.77138095264517
38.6930717173957,0.753954369618175,14.3834526617388,0.947817896243696,2,63.8607696198534,1.40550022399361,5.88314799435046,2.24958586682412
35.7215950311543,2.10800023321626,11.0269682770845,1.22096595454637,1,142.719272941888,2.47285233935967,11.9520410483363,2.00273276091555
79.1699071737111,1.23192279408911,13.6733103654917,2.41879152604126,5,64.8420794924692,0.974529641969811,9.0239778135641,0.584375043689909
174.915162608386,2.45911132790419,16.8552512739251,2.11891720108561,15,144.455340370952,1.94277104324285,13.6095806719668,1.16027781495787
68.3694978210068,0.598606399903912,11.1480984283934,0.677610654121708,30,30.8927741557001,2.51653813790851,9.82597195019574,1.82820066996452
10.9160179737559,0.398105905372772,8.38858310631112,0.780302186619647,21,32.0731164586734,0.522079303650572,5.81700024282402,0.560360667734655
28.7472511990822,0.488179388004688,9.89874268613156,0.69708256343432,18,171.599490891294,1.28701245502978,12.6391406847494,1.97126369476487
80.0978313849166,1.38266049555255,15.2640888019636,1.83059662410895,18,21.7709954176674,1.33863619188692,5.37660103949198,1.03189831552484
25.6071538287477,2.734270384883,5.77816567233674,1.60355792848622,6,76.0062228216337,2.46832714914421,7.28361017550806,1.00389455358503
10.6421226190716,0.382984944912248,7.00108487121365,0.747956031679845,26,62.7450652063216,2.62546035661644,7.63497808249165,2.62822466383597
63.5139764031472,2.41216071842748,6.81467179531132,1.01990566026496,16,105.385768732492,2.74456453220251,16.4145860909266,2.85027067611219
66.6516518214048,2.96566284775755,13.5764836062928,2.74486479863016,15,22.0011241881608,0.631992733010675,6.0829205504834,0.575578595465477
88.3029778172463,1.58538981576469,13.6296975187961,2.13414981079031,23,51.5184005349874,2.76203984569397,13.3170818919149,1.5040572334564
93.7910356983152,2.61302103599064,11.6562133374717,2.87783043666485,5,26.7754907098109,0.500257229536291,5.18797682900847,0.574695507143869
29.1137073738353,0.423041465377231,6.16077314352641,0.457242164118114,10,42.3738246931513,0.965232161429227,9.12615637837452,0.724679847961981
37.8476133490782,2.49048137140298,8.38532392767752,1.96544150287348,30,28.0929651247882,0.584596790130091,7.63922517314463,0.567836649734864
86.0506802004371,1.70376629764448,14.2309803187637,2.92469181665537,20,48.2669286467134,0.682360031053401,4.0612792554321,0.457928572091594
70.0762307437191,1.63856533870968,11.7619212929665,2.50026996195839,14,10.205695727608,0.35925279241655,3.53316135770079,0.379888921294933
29.1754074946317,0.734575475910994,2.91975691557007,0.46714560833459,9,15.6205350831441,0.406377935670552,3.89590744309674,0.57841741143636
28.2288983136067,1.18096693613884,6.71705022110973,2.45457993669037,11,15.5967892686849,0.47326322185153,1.0450618210842,0.330131194260388
59.359625194092,0.88869176705988,3.47152484604853,0.391803377140514,1,154.223214234128,2.45880384992732,8.72235287236126,2.43411669098102
29.2881455695501,1.42228210823856,7.09315439481655,1.48774076587099,20,42.0367497764551,1.84196080802852,13.2304206394731,1.8968219594424
67.2832115635816,1.67175979607033,6.11381589495137,1.79347638205474,28,49.1675289986169,2.11087259071547,13.8974299703529,1.9017281675499
30.2777659784402,0.441152657193241,2.00688243455938,0.423209671438534,22,50.2131614666006,1.40018993749948,14.0754392963517,2.51315532346687
38.8658450031169,0.829905228775554,5.98704315227369,0.51654949346154,12,60.1770089545334,1.5096986167507,10.8659714023882,1.46080301676709
64.8814276657932,2.89918489841367,12.2948415391597,1.07335177957432,25,108.408190553645,2.83386119416835,9.33405364250099,1.67631850622591
141.21892490515,1.31600233255501,16.0010002132696,2.53171510970728,12,44.9477530977795,1.23211721260115,13.0095830403365,1.95607915234093
84.3554430688278,1.84381998278535,13.8267060206726,2.99780513890595,15,56.5743521103317,2.94723641706445,15.791706003515,2.03768612414571
17.1583924922044,0.329197744608028,2.74604115110381,0.489908860695327,12,74.6502901159459,0.939947003523149,8.53353204493833,0.777521667566472
132.22600095158,1.77906564009474,13.4673502891204,1.0702716880497,3,39.5180578827172,1.16034785100137,12.8339295326821,2.52238412228478
32.8765374027248,1.12765341778874,10.9313326868528,2.43165056053675,5,11.0375196009606,0.307416080160069,6.54335496853689,0.526183379119421
150.91471856423,1.01014447854297,11.4634841539651,1.16405915904809,10,38.163849934926,0.652507150685496,8.66587286182782,0.653448389333212
34.0559418884311,2.80300300618098,10.8516474101637,2.70478856462151,10,15.3872295005226,0.31155911314488,10.1434411588645,0.726303937445791
67.102432823092,1.6065259356365,13.9817990232775,2.12587753961658,27,51.363332417902,1.93250518178946,15.9863716320112,2.85951717172821
54.5095354447309,1.7746555715745,11.3503228731833,1.17118254545136,25,26.4356606847377,2.47937214989509,6.59975691125454,1.19586366606614
170.488504237263,0.945981568562713,8.10982873866237,0.535845564358015,15,52.248673331045,1.98031803116081,11.1267079373793,1.99314744694716
123.683281757547,2.15491507506648,11.8826968082178,1.28645965707041,1,19.1884806112123,2.00629236473958,5.9345515780366,2.22989673953241
40.2715181641846,0.804743923024736,5.67821694827244,0.455825326620607,18,62.5159872581162,2.63799871728824,13.6650680596532,2.41131293101447
90.6082957538366,0.965507949303764,12.2918796555587,0.796602455534796,12,129.698353746225,0.631856798783635,13.1935438785707,0.999977792409817
42.0003565898614,1.2289799110554,7.05716635424201,1.11420036436773,29,27.1035089597163,2.33267082507736,8.37732979415538,2.92608654504741
24.9759386601265,0.546344611126548,5.86532559434606,0.45812091030877,27,207.054976570816,1.9762667144595,15.3743257333865,1.77416816865735
40.2887980283396,2.81498881266635,11.7984466572478,1.57982195927511,22,18.9018396300033,0.450011021331885,8.24894703622525,0.874956740346628
143.009018312621,2.04102909963204,10.9474212238613,1.08808495021549,1,41.0921883955447,0.876970938516746,1.87104756649376,0.420203523288531
62.7249780292995,2.29517852346234,8.45114624739588,1.21845761718677,6,39.0083653547152,0.972875357729493,6.82772014998857,0.74036684080508
19.3544718633266,0.448246292433123,14.1155774670294,0.967750043653221,25,36.5662970701832,1.93421869958216,8.94801075763648,2.6767032107953
29.7867575771941,2.50191126514195,8.38172592211105,1.52382141061055,9,90.5127360976694,0.752936466153467,3.30354640336868,0.396752170191317
34.9839773156165,0.56973963257523,11.2805288148629,0.843647141393421,19,54.2955827271885,0.974113886776169,1.21777834742482,0.33098169412733
61.0860472514783,2.71893670141499,8.96571659370448,2.12183026646999,2,8.56438001705784,0.465127974398219,3.37534140241624,0.515374979845939
85.7450458755328,0.975742550752314,3.7968963764402,0.476641982362822,17,25.8683390152906,0.408700007158116,3.87252719773374,0.405199133947586
49.40829950379,0.48480764796058,2.94109089239156,0.432234842131615,24,25.2061243097475,1.2753375634131,6.52067830797615,1.68340757897883
11.7610014298258,0.393444776267695,1.74196682152894,0.354181680540867,28,46.0588970997535,0.681682448003944,4.40988033804001,0.560550464641678
80.0116151559604,1.51861639817748,15.6188375879934,2.33100043634858,25,19.4231619875426,0.742643001380997,0.803032605759569,0.30525766483209
14.7296746422441,0.365244850490009,2.64399190854732,0.35612313511557,10,28.3563585388404,0.430936207980228,7.7054679480008,0.592256861022733
47.9415691954623,0.802859602570734,10.4963332659624,0.923450844377698,26,121.597329472914,1.02863885015066,11.2641766354878,1.83000797070008
108.298198550249,0.799294974545104,13.9417607172804,0.97502709153265,22,43.3414057028591,0.403754134708381,10.5548699415031,0.68280436337915
65.4060544969805,2.97434919368283,14.0424699927674,1.01765220038454,28,103.417154340198,1.02869092717967,11.0972163238686,1.82477404960712
28.3036840682812,0.539899243849299,2.90586792555163,0.353637649521741,12,67.6563358205815,0.84350022241073,2.95173324482678,0.463794054250527
36.4058163758095,2.25149592153894,6.929772244219,1.9025756701534,9,146.643571253224,2.07055121697407,12.878941969045,2.50940239379629
195.177834210709,1.34133744110163,16.0756906832658,2.26058407899955,23,39.9004262727467,0.601148254651179,13.295100742748,0.87408613823695
30.8400101630027,0.998524116064252,8.17773270689651,0.751081458996172,28,48.7095897238823,2.66035576177949,9.79173684297128,2.39399812957551
63.2766913114409,1.49999489054625,10.8961130534909,1.65201371614719,28,43.8173533424834,0.900871774868012,5.62024636740465,0.78480398357278
12.1522386997535,0.45543159328474,8.62575052185787,0.860457706574387,19,20.471871857783,2.91593527491191,6.01406491799892,2.91471924951676
42.2962661122184,2.22861836189616,6.5783060212515,1.51078125154909,14,100.919345825165,0.707104978606964,12.0902453503085,0.768591443278191
56.0337987630429,1.83208497260372,10.1211151522973,2.41722644470908,18,76.7472488605393,1.14255388397875,14.1911144531698,1.90377741145419
40.2110376799146,0.627908968403323,5.56190201218531,0.495814322580019,4,44.3463221154722,2.4305584057708,9.47539930595823,2.13965289432666
53.541538085185,1.86761230639505,12.7506228179773,2.89624967710638,7,40.5305619592523,2.22518549851652,11.5457275447355,2.56612739752247
16.7163604767418,0.608395026625154,7.55321941859188,0.916728623687604,30,35.2967248803109,0.669523602822253,8.39613449024595,0.787968970687328
75.1379010968724,2.23745894825143,12.5510835049683,2.07962297279823,26,55.3404900873582,2.58770228723567,7.49663575837177,2.16872330719596
31.7947594716191,1.72890306072649,6.91619626025992,1.35113292393527,11,44.1043031771731,1.28744938300451,9.08856886608966,2.49742606903772
38.0739928239227,2.7576675558287,6.71909102405744,2.28853306274542,21,119.56926558229,2.66229632958009,15.5497366895757,2.91564403169278
33.7563541119482,0.576485756674337,2.2669608872443,0.434061291102648,15,52.0667661050088,2.18863758859306,9.89463494875589,1.80348827251768
25.4980158535608,0.635552807163995,2.25686479973208,0.41160175329452,20,57.0460461815352,0.585130803908022,2.00680101704005,0.322484360238116
43.838467592581,2.49882516052649,11.5295200339263,1.07021499664277,1,56.4619180981226,2.95125919466081,13.6216563295204,1.9238979439614
80.2389473976576,0.938487914550844,2.57998896131451,0.347339163260504,28,52.6508987149174,1.59705153892134,13.3041918787837,2.41044530416886
59.7108935995458,0.974928028643372,12.0676232990061,0.990316985588817,19,45.6573141359585,0.624393284212047,9.17205807335325,0.577834786795947
32.5702201950833,2.87304299125344,8.28929433554537,2.73799413069872,25,49.7726507554793,2.43322742691103,11.9790979096282,1.15165750837795
2.79061637663287,0.304726307217206,7.04707044620068,0.960751452604067,17,90.2993052337515,0.798887201814572,5.05426462551672,0.725132821277053
29.9011775155447,1.13000505586332,10.5926494161157,2.90608983745072,17,11.4158486843668,0.386111860559595,7.3953199323238,0.718593386515241
8.55307549793443,0.348579496386927,2.14507531764031,0.329721811837761,13,28.5684684219739,0.700932818112282,3.46195361424062,0.50926984187952
45.5632779721606,0.632099234420441,6.72934842752754,0.830102993576708,26,78.3928624893051,1.50736624591122,7.80305657212597,1.68323561651893
23.5005501384467,0.470492346153623,5.93192025601959,0.700458764074171,28,68.1903899293507,0.780071784694822,1.13739183635631,0.309635245547044
55.7142229441498,0.913787535970434,5.19636027382543,0.622466622021731,11,31.4940936576086,2.69344097571461,8.79789385832203,1.92715692314233
48.0214424892541,0.939206927194447,13.5227403841828,0.8703488058015,27,57.2879299655837,2.61414190937764,8.78116244506429,1.85836689448128
72.0731834185255,0.593617496983291,11.3455548423893,0.76515485890035,14,43.502351144482,2.53511118261914,9.79683136576684,2.43386419867358
33.6074967938721,0.597344705191337,8.62743178911025,0.786177874805421,17,35.7211787094384,1.68303024171016,9.70563354201439,1.97775000390276
77.7200991128951,0.729178118775663,1.99912510286096,0.317806473453605,20,28.0252540752176,0.874094806216911,3.50588040054653,0.49338677660725
22.2908339665518,0.350067531183869,2.01101651237628,0.360757870379957,16,54.6828232886018,1.96352143869539,6.64083033424331,2.11344666525302
174.309723258189,2.43656935775126,15.2134572011918,2.92489789326712,28,11.084961591166,0.528422502563586,1.48221751578222,0.385159024986268
37.7575981062345,0.877745176960405,7.68898426602684,0.648725969897377,6,46.6280489639853,0.716620018634726,11.8875987389685,0.950336056269549
38.5871959820189,0.750255098508991,4.11511211105635,0.539407900546618,20,13.1983922502911,0.345874165751876,7.87849787647112,0.568797009259638
71.2818201105938,0.871951636448585,13.2056512684196,0.91232754293575,7,37.2597560680053,2.06911918864381,8.03893387377259,1.87830523785354
121.53656501521,1.01519701071912,8.34797685924559,2.5545816584406,17,46.5077622819779,0.532294373841365,8.26273851164941,0.667320860600318
80.8931886083689,2.46532367002856,12.1629769293099,2.89775907029803,4,94.6145929823208,1.2197235586671,6.63165741564393,2.70372698728688
80.9579574072179,2.38678660816714,15.158352253039,2.95666015183226,4,122.074832874608,2.41954546080305,6.87898115953926,2.32196870794026
20.3417199479239,0.388825906060741,9.04127607302389,0.58525365854782,16,90.8578897374622,1.6842531166136,13.4893839456751,2.5000742066813
81.6709685539642,2.25676238996197,10.7975484369652,2.59760682136978,8,97.4914034910486,2.96508622533849,14.6918584532052,2.42411659910668
61.7088306664139,0.885430730898449,9.45963323712301,0.657633375752434,10,73.854773544895,1.20508890024316,6.35978846068809,2.77133057700388
49.0673460131108,1.35853570175275,13.5927133168402,2.36393125283905,16,48.3228421283809,0.531789409960293,2.02115686217823,0.320165577720946
38.3473797169888,0.827229986947101,8.46268945915624,0.650873342111485,18,12.8389850929736,0.415160464539521,3.4512135641837,0.507293503011907
45.4205471010899,0.519086016030183,2.43775639583517,0.447645165405977,9,138.181069572071,0.716595420110587,8.79974438847827,0.680143788890603
42.0382531683621,0.543858471732807,11.1136524035139,0.698661120924382,28,32.4636127770261,0.765455966100175,5.45532741251578,0.503193081082167
240.420748023158,2.45499049381271,15.6139182357183,2.29788867087684,6,184.975570611708,2.09427245522115,12.3699529059898,2.24684397470508
66.1541353441182,2.55203274779751,12.2810801851151,1.79689104638831,8,75.0813673027593,1.49489309854719,12.2961899815619,1.49909912816981
52.7107618872881,0.525812446158167,11.8722362493146,0.753317296520308,23,28.4374721713007,2.01117258901118,6.65643161488807,1.50866999230774
60.2123401657788,0.732817787335237,7.67133307420039,0.996201456039372,24,31.4913214338792,0.68169832204228,3.18384953153457,0.522926145245308
29.2205096036442,0.466939229346926,12.8782048559193,0.899720720557656,9,37.4229400350772,0.602813285876507,11.8371885294718,0.745840222559698
75.1313995561173,2.07860218340535,16.7559463226037,2.94271866196876,12,6.64366465457247,0.351508313535481,4.83605785985991,0.610815457748158
61.6111305733118,0.765789787537045,10.6352131780767,0.822694433382752,3,49.3436374978316,1.98670455370929,16.2636357429617,1.76792159390764
41.0871063457953,2.71733358955544,10.0527400162824,1.27314447645545,15,103.854231684809,0.544104760497522,2.18183313519749,0.34527102463692
29.9241571433621,0.553224936363387,1.05517271373525,0.320820574962897,26,57.8863618813422,1.35121879382204,11.3079170830389,1.25046123577942
27.5703913833881,1.53574970838929,7.77951516339702,1.33832143877444,6,66.2643803273563,1.17637313024994,14.6536739872337,1.65433005427905
8.76637443549869,0.317358432615169,4.07050733700531,0.637474870386626,11,65.2350899867204,2.47843971830624,8.02241373814429,2.97802645242794
23.4873174834748,0.705787409164473,5.01565203018546,0.540812904119563,26,135.85569477671,1.1172370512633,11.7446779602311,2.32012473582181
53.1278499877342,1.01380395689481,6.60093557779873,2.80668283806492,10,75.8025287693242,2.72797470758819,7.05343742042455,2.69345852650988
10.3515485416825,0.501552534409254,5.89532315964579,0.803979390131928,16,44.4120656848189,2.65588527610985,9.39584223701306,1.47725041725241
33.6101474376852,1.4040921761236,11.2703124194118,2.74126784405727,22,127.599009164328,1.08193848634158,15.3143531739243,1.48421978353995
53.7116394846672,2.18606693990366,6.72981264987391,2.46660607645973,24,97.2937041736727,1.48449810690212,13.6944457257595,1.27894554082328
62.6220226657759,2.53869331667825,8.03205063177074,1.97743894530541,18,236.476854270545,1.52015793292952,15.3997791516324,2.97359528688106
108.24821223721,1.84440113933964,5.94024439950926,1.72071548362392,11,156.318798600241,0.94694495358465,9.21231665088187,0.657567866559267
20.8585186543144,1.61934391772554,5.81988428597275,2.83260340634123,22,89.195459300222,2.49946040427637,8.34217997784149,1.31136400931584
131.22487266439,2.74002905596895,13.8428084874717,2.8144448984197,27,66.0803583352991,0.700881561877223,11.2760728948939,0.892813631986135
11.0637423159761,0.368777249165599,5.61418053582791,0.550824084475904,25,27.2568739820958,0.798197927476653,5.59566442506114,0.606689421260343
110.62836072793,2.00816299806842,8.74987361466173,2.35931907135935,25,10.9732194108759,0.498344951997294,3.79010684723631,0.571926174883315
37.4064020420885,0.874744613516498,7.36258136824947,0.872709817824622,18,61.2152867986757,1.58844669215541,9.63128727037413,1.01024432003695
51.7485353378122,2.40696129457798,9.26717348260145,1.71821374447628,24,68.0398053692176,1.79027456688453,9.40394192542135,2.55383839175283
89.801459054283,0.641125195989399,3.34698706229296,0.426886892464805,5,58.9371538158782,0.575804728379922,9.5658693842715,0.632490364547156
38.5926726623198,0.780234109339232,3.16100678465872,0.469826018187272,13,24.8764837754377,0.793263352990856,5.25066785163141,0.596542968662755
58.8796252321373,1.78395119378077,15.1518878935783,1.71375613092705,7,36.5019997891173,1.06194908304812,8.22860510840459,1.53576007824686
22.898926739382,0.986461750517297,2.48774610489825,0.418448697012051,9,70.57443152197,0.826210974316048,5.46282311104984,0.963963319757726
33.4846764305528,1.01262592741909,7.2024142360799,1.15335827519226,16,60.0728085640427,0.906093993812767,6.72856437467065,0.885488191562995
23.2838198453193,0.39934924205146,10.3919001925294,0.63352766828938,10,3.77730792701234,0.342607142482246,4.33046453396932,0.596668605668673
54.3152632733323,0.43607641857635,7.5743264883379,0.749581166624752,3,31.2160765024709,2.3767500387846,9.88912084623791,2.20975150802546
3.27091088067433,0.319419919457979,4.74654389806774,0.859290391359434,26,11.9654357369274,0.376287080226364,7.10093096370844,0.899317014577672
177.081071207389,1.05935080779385,13.485476036188,1.96375472186894,6,20.4492002648509,1.83214320317705,5.84702399288614,1.57056059533516
88.7331177421834,2.62283857417736,15.5785438136819,2.3464003301169,21,77.2002508529597,0.850505092651269,8.60685508990492,0.743147373860343
74.8148366725022,0.710332700726792,4.34776964666576,0.507555513081118,1,152.931161731562,2.29705551432667,8.86217297717039,1.25638550684885
28.3787687781629,0.569786050411563,10.7182705821907,0.656552962903428,29,74.9126956755279,1.04274111823066,14.7511825773298,2.05944445308005
164.317452141458,1.66223149286027,11.9594400855329,2.95226994691961,1,56.7816411410533,1.14652439936657,8.6873448541459,1.54424844722073
30.5714668073669,1.82849757755671,8.69624140806697,1.27209417193119,24,37.1521959250484,1.09134791870064,6.33569925468657,2.56031485917265
125.227419617581,1.15295582056624,14.586599638909,2.8981236900938,13,2.72688701587211,0.305826441323923,2.18047453125744,0.421680699721557
11.9244111136537,0.392007249476933,9.08667500690916,0.640550187804768,25,74.1720027520832,1.08311554835454,6.91069113418736,1.57467746023028
40.7566783624985,0.912995120757184,3.3606597929032,0.491968474410686,4,40.5801184987667,0.867773254859493,1.4053488428266,0.319551296270171
7.50486040692747,0.399738767792718,3.2880074989174,0.528619722176226,11,12.9430035125352,0.335559404566514,12.1241655005941,0.830008328112062
190.080859042799,0.958823812539885,9.80650022324163,0.765093352349646,30,60.3394767116231,2.24565638517782,6.77563719059292,2.75758484055601
145.521944721252,0.936901461566432,1.9900063997274,0.374608081207829,10,47.8449689638331,1.11484052909522,10.7301473956842,1.25944487123086
43.424004226642,1.23916442237975,12.2232446574317,1.38970699425738,2,36.9335641994211,1.31059053351241,12.2574518688107,2.03611199131725
17.497677492839,0.359175198594701,3.64993326523504,0.386671147863947,24,35.0962810014739,0.768460993508685,9.37261211092774,0.739876290250974
19.5081432213852,0.394519884330982,7.88571584046893,0.698813511815688,3,48.5624795936261,0.763773387484503,6.93127257100443,0.712427428113315
3.15664574167608,0.302558596310537,7.00302584174598,0.997292159781842,4,10.6208430107846,0.384566323412706,11.3631306100604,0.980085343149126
5.08728976072679,0.321029894209575,4.50006504275183,0.441687493966454,12,63.2642276295519,2.68419536176661,10.5014960023064,2.72218222454857
85.2030820880054,1.61975039919558,13.5186340096277,1.3554326521249,5,113.015514447417,0.943868199944567,4.7129958449168,0.633206738603063
41.0545378345737,0.495243341193289,4.98671693643138,0.846789159931434,8,101.377103065217,1.88846783156708,13.3030643417909,1.34578798899439
40.1533570920705,0.479312531277265,8.93588371258115,0.721397267484678,2,19.4812326573158,0.759756651610611,1.12049918503287,0.333999318543597
45.0368576222385,0.957648194961361,10.9486816846227,0.994997434128586,3,72.4834711608804,0.996761403670274,10.5913538386095,0.841769491738838
15.4270672735653,0.306963214783082,7.83749580180087,0.85601013322059,20,23.0138026475488,0.800151797161538,0.884368150741288,0.320297666826634
61.2051960929137,2.01883298914014,14.0254326764189,2.58007993165726,28,45.8463653616096,0.721431276466256,2.1593616538798,0.385450334987187
37.708328672266,0.920833086636013,3.12845240416807,0.474440489167134,11,129.609354274852,2.32002166795849,11.8925618340834,2.4536986598702
90.4452625184009,1.62073716675268,8.23656603202538,2.28671821494694,26,21.4270194634988,0.583207189925476,4.82711262924631,0.697572944732843
56.7628460128629,0.7641032954764,8.73764125652003,0.87530312874221,23,64.0585920894397,2.41281887933713,16.5975774665473,1.66434410570877
14.701583570528,0.823467180959683,1.83483202279103,0.426807211642696,13,51.2615613276505,0.77421129135821,6.96726985534263,0.738747974624288
36.6923941964456,0.854485091478554,10.4967973682782,0.795307065113522,17,86.8087982068287,0.730443574048904,1.78896102437891,0.358403162958495
27.2265029313649,0.775978142538148,6.16104976000419,0.855091690624942,25,45.9355286256024,0.871865970931232,10.8822932817014,0.885486942858238
53.4332083673582,0.741038221826512,1.01189331334472,0.346933817683616,4,40.80972141533,2.16143991120753,13.0465780500984,1.7242219197483
106.630031025706,2.22485551152407,15.2814421309492,2.37780986883133,13,34.5550961219355,2.29671602694236,11.3610764981224,2.58015220952822
27.4993692614304,0.801760893430962,5.77612563548904,0.564447621077552,28,62.59554647728,1.43419523527893,6.56185337457273,1.26243535094835
14.5500043552243,0.359206466199408,7.49927657746244,0.502157161162121,30,55.2444108460667,2.00659379447437,9.0800936547697,1.9836284511371
30.9768965197977,0.36901789890911,2.94846602650967,0.400101211932217,21,29.5820202606732,0.324928396090543,2.95447063313673,0.385281167739029
52.8608921063916,2.28781791706309,6.69055147728698,1.01730612354073,13,21.3587593139758,0.909537237160631,5.87247551354426,0.74953275841471
40.7005663527976,1.28562779654747,9.16834729188727,1.43760418714867,10,52.8952561680471,1.40826526868921,11.6876764632115,1.98587919175004
95.7655299093973,1.16571071336712,7.35461011470307,1.3046996172426,3,88.2373968544586,2.53489389685444,15.286996803424,2.23834710615049
26.8250096717256,0.436444322603959,12.5428762989231,0.772267026797234,9,28.1593598283124,0.792795874863408,9.7078919819098,0.877083243080658
128.247352989085,0.816544043028581,8.42347165435244,0.684679573798613,6,92.9431922272501,0.753156279563063,7.94406159388854,0.602640026601166
107.404733806864,1.29031324861528,13.7667877586785,2.25683645401921,25,132.473846221385,2.12820378430803,11.9704256880933,2.02013462041153
76.3147562802716,0.852327683045718,9.66784039469191,0.602469043285816,5,12.3274167855289,0.530045927503901,5.43786919349057,0.805260203456861
41.3881845684358,0.80906887676622,9.79042810859649,0.897045434933839,15,19.1474407417773,0.505715107223803,1.30457616431592,0.324786276873428
111.195551199489,2.68554433842001,13.3777007324791,1.60203107233173,11,65.9263147413308,2.60465116585153,6.8922329626669,1.14993457255729
7.892091142431,0.362986600940522,3.66116454623569,0.417212344190048,6,76.0953365328666,0.794754067727679,8.40274608186707,0.598418336628051
33.4721275771247,2.57544866225803,6.48495968931892,1.15520381599044,10,52.1307521235593,1.67915091946714,14.6406927868304,1.9229016377858
56.8801133668849,0.839359231897215,9.60175643868754,0.774365191262598,17,177.348120123208,1.98999231708254,11.2938624609727,2.07007625826412
25.332115668756,0.565052570212431,4.84699738835016,0.526937644578147,26,91.3666370578476,0.992224876752781,10.9856483972966,0.926368828002596
17.2648798135283,0.386637736574464,12.5105587275545,0.913634068383892,1,10.590661014054,0.581065087991558,1.73579913869833,0.409772460194146
199.621370340228,1.12861146081695,15.8018220454736,2.24493974684227,1,34.8587555769221,1.29835532197351,11.121095690956,1.64407186452299
28.735266620871,0.524750672149516,2.14001762833303,0.387120444492742,23,40.5309118328917,0.851055601815367,10.5432140083724,0.924966555801962
157.099808933019,0.891837376812868,3.96493627546488,0.400193209227532,17,108.214802088272,1.44490161722865,15.6375107690179,1.76598344651615
23.503613522198,1.29942966297832,7.27739300671154,1.03070195229596,11,87.7082013843389,2.76377001814853,14.280138010148,1.67710451236936
53.2213567228592,2.39835091515345,15.2738558394932,1.92538280650282,12,57.8951341859344,2.61461955894729,13.3377190658412,1.66522262670897
12.9411034820814,0.39211312319035,12.6063997855706,0.966154683499739,27,163.22253656257,1.59563932025076,13.1215571664932,1.12295592787601
119.969055569851,0.914635184897959,13.1592022563101,0.929276932023843,21,45.3357568762253,2.15432397077944,11.7330085158288,1.97770084105127
209.177812969017,2.71348738480765,11.9137885718654,2.43368317988507,30,266.262355720452,1.86673863902594,15.8748886752028,1.43573911993244
26.6405259843026,0.793396844883337,3.09328017526208,0.459154482905192,12,31.6629533914137,2.90761098614741,9.28505014113113,1.42798315510017
25.3274787131044,0.80596055477808,6.99024704415644,0.84943263468902,15,40.7961246438677,0.831398739697072,6.21296614981921,0.916680880953529
93.5063300998278,1.28459282576416,13.4727897036274,2.81599989659562,28,204.18317135694,1.12183228808844,14.2065540667164,2.52956533249514
67.3907802269962,0.735103434608889,10.4593539079562,0.844960694052675,19,79.0442778344945,1.92837108187465,15.8253057055672,1.88879436080202
51.807231655197,0.891751154920632,10.023539266108,0.711606470671581,30,9.42663589305556,0.401142177124166,6.72233134346706,0.925061120512139
61.3206620240688,0.622636716906631,6.72082728071078,0.565099120778007,15,36.8515431078334,0.389884692376102,4.3809372025936,0.439217391271135
33.7302968469456,1.41612504910669,7.7433893255854,2.95242409237069,4,60.6582033391011,2.93327102731382,12.0451515473728,2.42883608218708
113.718782630998,0.68322976958583,5.62487900429751,0.53898555109941,4,54.2539625547601,0.790600378546736,8.88269833684492,0.701575023362849
69.8474802559047,0.540184904997164,9.88821932323965,0.924522346598348,22,145.739538009238,0.905804766154853,9.09807317911753,0.777705017947736
118.516945316454,2.81548726122869,15.111097360758,1.21085242190293,25,25.0279735790844,1.62368580529136,6.35142701200097,1.29786585924535
64.9578279915294,1.42181069566534,10.0163798131658,2.46986898428015,20,26.0150311831117,1.52581508045404,6.75295039465647,2.04406237869263
119.674162347026,2.42801241849024,15.8805684114299,2.21790055526809,2,136.837397145539,1.53886488392699,13.067741179191,1.41327585286204
68.8325156356385,2.40465092361385,16.0454842973521,2.32411927663686,12,108.520566522116,1.77662384394574,11.3119844882156,1.18481701081862
79.1515382361188,1.26448562821342,12.8218564629109,1.37773264710505,15,47.5772978360386,0.575239969003521,6.92056908339794,0.666970223987773
62.1876847170074,0.634846103537098,5.04723328426334,0.738197246680582,20,6.98020988376165,0.349540435805211,7.53783113606641,0.602364221577338
49.8502262352916,2.20827075792275,5.6442109174366,2.5646282951188,2,83.4031336460687,0.940462516041005,2.48300039206482,0.365799056574954
47.432057639463,2.24473313674067,8.37601562313499,1.24582342840988,1,22.9726068999648,0.723578259620501,8.25850837663106,0.910925939706109
32.3878786743361,1.01408721190888,10.5993226527132,1.66517803864579,2,17.369321168887,0.402816579624223,3.88593576634523,0.444913154985912
25.6111943798736,1.36875267048581,6.46816876044864,2.85034459615841,10,23.8120369932444,2.23153021833829,5.9280449771448,2.35178669507329
60.0809299818178,0.480478372403428,6.23726189509038,0.566572109412083,9,15.5827501499847,0.40319083857175,2.99437030311621,0.450117157698143
62.2360428896718,1.57631639222699,6.32801914321827,1.99763126862271,19,101.886305352734,1.2981278734172,16.058597391046,2.164644948016
107.316706977694,2.57076101255399,9.65882538873902,2.9763832870634,6,62.1569430342784,0.603298032403286,2.24113406848251,0.326565901474883
71.6494877254864,2.38629292220725,16.5005801249094,1.80601282903781,10,22.5206880388984,0.357027311220203,8.77985093275519,0.869685787251247
150.317095386237,1.82717395065362,16.8884452631181,2.11307601194139,12,100.866703259278,0.666834040478264,8.61464006503283,0.85205846662272
65.5612389809568,0.721823813605581,2.95830229086689,0.412701458873938,20,45.2002254651793,0.736299879049219,2.9251463355651,0.46800911312312
47.5738145811291,0.790976230732587,7.32285890984324,0.964015746035293,15,31.905249251263,0.544298326197013,2.85214540619022,0.350613139551506
118.514981699482,2.57225046519137,6.94117037471134,2.95429546330006,24,43.4488265075197,2.15904311287188,7.96129075796796,1.90820656736503
93.729121863582,2.80396522912854,10.3168716441017,2.74703951951151,23,89.411811195673,0.517127435882268,2.8302068337957,0.353232266832985
51.9463426169434,2.71062651032504,5.42018881463419,1.0170626419492,3,89.2297260922664,1.69655611642008,12.6384285404188,1.9505153413526
123.852940383067,2.0230725038346,13.4219482551591,2.66092993132351,13,44.838530347073,0.752666802323946,8.066007820558,0.784029332398087
98.4960037977055,0.503891773876709,9.90227322487835,0.616257488238825,10,66.3647994686717,1.08634249143266,16.5486068236923,2.01665359932174
28.3195403460061,2.94580205719217,7.71719185472058,1.70335269554068,28,107.035440081122,0.960620090213255,6.64966820025568,0.515265320178481
12.0426589453052,0.388386330661589,5.40344167438978,0.674119941136388,24,10.9759021062619,0.402111346174079,6.37765568884323,0.650085420354932
69.6866727992598,1.98647763056991,6.09793737654212,2.72826100843684,25,29.362754199504,0.930428971888657,7.71217570200524,0.873748583786533
39.2147466412207,2.66902840868789,8.39850986564846,2.20150125670375,24,203.247941836718,1.95444278546745,16.1982982230834,2.73185043249533
24.0839407197981,0.411614958895338,13.1784281344925,0.916839063932369,24,63.7174620439801,1.78517095804328,12.7252900970891,2.08084595037139
151.718912272808,0.719466476571574,1.60069055796241,0.301000579341335,29,30.9912962202335,1.47414342976082,5.9999121788668,1.78036471994267
49.0968824668647,0.784608999622839,7.32567267698818,0.589658675020906,6,44.3266134504613,0.594734312799819,1.40850005438345,0.334288950978875
55.4716847161601,2.41453358485918,7.91344572044773,2.93898387145148,29,44.4834960250584,0.579111953935008,4.33255928640297,0.541694209463625
17.7776462431311,0.415272140642346,4.20872615044901,0.413569221026065,18,52.8568846620627,2.64884311806596,16.3391458373039,2.71463163190116
38.3703332075875,1.82417658696062,10.8594987891237,2.57484903011828,30,19.4788686717879,0.612547186069171,7.7546817205217,0.831912431098945
75.8021522341879,1.10356892496772,10.4861672424018,2.80105607784652,17,58.8004651456708,0.569500212705157,3.4164360426213,0.383011396042839
48.8205794757416,1.61844433273185,12.3135564803127,1.3648324067819,25,69.8678033693624,1.60365047621689,13.0724810855174,2.75841051489575
89.6475874071773,2.45924605590099,13.8053372232583,2.00786254877331,10,38.2039251883546,0.859296426428566,12.5322444087466,0.98598941628816
45.2067724294271,1.88269465543319,6.2649564945799,2.80226141241978,5,28.2127475670399,2.15545453584792,8.2580129775779,1.0820083186923
120.560924022622,1.06862759675197,9.03757135258497,1.20733754549049,30,67.9662773844062,0.631418850223279,12.6411765701436,0.995713433872001
44.1705580005222,1.84273062422305,12.4981917828762,2.91962281151904,30,58.4042955551346,0.551962794470329,9.92693999475188,0.882646957406107
54.1808907833837,1.40868784742579,15.0075046928627,2.04697623388643,18,117.739725841265,0.799632683706106,8.49027004628574,0.559708042946491
165.745460679217,0.889791890312628,7.70292887225016,0.680365175602931,30,56.4271532386278,2.14582350307574,16.4084039170865,2.29871723661092
16.9701539427443,0.811827262050157,1.97490766917179,0.405042502709298,25,56.1893552080339,1.79686929857248,14.7546586545107,2.83564984615834
97.0022006235846,1.53432215127392,15.3826206283211,1.28977977935684,7,45.3773268592463,0.428105710917574,7.83892923980053,0.905726278498751
10.9591560538875,0.343535507107154,4.5980624598255,0.431792405708416,25,112.632318288609,0.827215799048069,7.48407534328646,0.740460454321406
92.4154654458179,1.35153341130134,11.0563685175424,1.79656306731937,10,44.8302119731767,0.937357104419401,2.83381226921967,0.359951966669352
48.7675282609555,2.98398446365495,8.11348425222695,2.34750588341063,20,74.4221983704003,1.64750539725612,7.4958936750596,2.99640655886411
66.1112617492872,0.94636377815099,7.99521132781277,0.834675960951926,21,124.334302597404,0.520349525303065,3.62197172698189,0.383022952840123
50.3601940786725,0.920864044509084,2.05906502859676,0.396048864990156,29,42.0406923770347,0.77222327465581,9.37004376599736,0.953627508062725
77.6255982997498,0.620232821445553,2.35075642534039,0.360553942875204,17,30.4206801223002,0.984028723123557,7.28667334069188,0.988071551546603
25.5843329335586,0.670685145730386,6.64909972869962,0.6167524109678,9,16.2512755680132,0.557597985072475,4.90880620553577,0.774239471622885
41.1390173802477,0.995959089545789,8.93604029256273,0.624206040191535,9,125.929105021844,2.6708413331037,14.6715966187738,1.38658002466736
65.7401410571615,0.765255524388685,5.00010802988458,0.533121352888226,13,10.2251081308991,0.468935325337094,6.90455701747498,0.892679403751607
54.6015091387589,2.15989099073646,14.4250474913088,2.7023330864494,14,57.9053106167382,2.88024618606268,9.31781111039827,1.33472866167155
101.204713266091,1.10349860024193,7.02676985185458,2.78295380994166,15,67.8174655181262,2.24771055456062,13.6197992934264,1.92519601364198
54.6193614684038,0.806096636716117,10.0270916794134,0.748380239887568,15,77.1067764565435,0.855375077069618,1.13122204829245,0.321370566834054
138.037382395076,1.57864999360077,10.7677450704969,2.75385802770465,11,84.061369896368,0.98201879836928,5.07612416941662,0.854505081339598
39.149251639031,1.33557054123162,8.39437730532712,1.25840237104016,27,207.616654672726,1.25897242407192,14.8503386317956,1.0666657587887
20.4151265040844,1.01989754679621,6.3364759225835,2.10228250657454,23,132.616477042858,0.769108233974219,2.23122797359695,0.371848410677306
67.5606210356537,2.32393602761396,14.1444886630904,1.82853040021943,30,83.1534385106158,1.92075551707327,10.407838161938,2.67654510613102
22.5197011931142,0.663160675884808,1.62554363634106,0.353547851526274,5,25.9945205628269,0.321177705333289,4.51118957783839,0.41785963282811
18.2754836771901,0.341015778587041,6.79429245177598,0.709520688909648,19,56.0412062017707,0.612187454964031,3.91641803032548,0.523062918541076
21.1790467521145,0.313310457527355,10.4572000234279,0.666468399848158,30,57.4513666928634,1.64413389355105,8.67524054979926,2.27971842710479
92.7773883653393,2.7514832447164,12.4756353987749,1.23557412754271,12,31.9022494107824,0.557912609169863,9.44870377369459,0.682148905411013
55.396335802363,0.813533666871737,11.6555515148938,0.935109194207573,14,43.7067194669427,2.90299588525698,9.18441376369847,2.7001967717897
51.4801120019625,0.936057384584759,7.99833404495763,0.748196259574792,29,20.8533314644099,0.445712376890306,7.6731959757566,0.633247273662289
24.7683849313731,0.431546975362613,5.30346634284071,0.498312876071391,29,61.9079865852367,0.666075590890269,6.18694096054832,0.737125462461947
32.5126449224039,0.72049220586252,5.10954088940068,0.648630167227838,17,53.1568234712761,1.71725749672501,12.9971399847841,2.10518544409987
15.6623297448817,0.800357283596902,1.17534294557663,0.362774157698238,10,133.230403198773,2.49010071643898,9.82718825495288,1.87053070803578
45.6136741423414,2.66278425670914,5.95985999846821,2.68185730857588,17,91.936342905926,1.71243403001586,15.2328590425344,1.87637606501146
47.8798227453037,0.693994940561671,6.85332385489003,0.517611738965472,11,20.9124846395848,1.05178188633601,7.66404816037681,2.62628360602192
76.2131882116324,2.03524030828935,15.35402523535,1.33162438518337,15,156.053685114195,1.36137161049023,9.14586908525423,2.10737308859843
28.0313862154373,0.607443460875976,10.582919849581,0.916969532477288,22,34.4414514556305,0.36038580064125,13.494310670383,0.958045994810433
53.9128320286587,1.6959689006478,10.0567742770001,2.01533809713249,9,14.3615783474584,0.336459358314683,2.640341855546,0.340534335091654
18.2811943730282,0.330022783159331,12.4901258717891,0.95785154334889,28,5.8835726525371,0.407158840569169,5.61745008425229,0.978162367753006
75.6188067209149,2.8942912208577,6.69841961027809,1.96301149960222,17,9.25531651713751,0.423010490654117,6.91560445495784,0.882467896948682
139.490537981547,1.33375593639699,15.8342533941811,1.18911846853512,21,31.9621777567845,1.50311549314915,7.83631838996055,2.06548168101329
125.117655219218,2.58394167553847,15.3016227923502,1.57594321009228,18,40.3952831208602,2.2622706764128,9.71064586562635,1.0798850867862
59.7432671753255,1.66315784520896,9.62374416925712,1.29352779042178,8,155.414657576945,2.33146982646475,11.0267007833222,2.03062683178536
34.1796944949004,1.74355504288723,9.16077188426837,1.11380583035237,6,190.843783032184,2.73987279921352,14.9790455848101,1.08826012666695
120.41471059882,0.657737242136867,9.62007189687438,0.603759687033007,16,48.9301052459773,2.22760578028402,11.7442052491875,1.00414736594678
58.9556165194012,2.02727162220507,12.5487612696612,1.72322894011741,1,72.6847867741383,1.2197727345446,11.2499921196289,2.62860092573365
149.853234897191,2.23714915577086,10.6010032274853,2.97979312301568,15,96.8514502796013,0.939352765453684,14.1992399047706,0.98687402130254
30.4386892647863,0.844474907917436,1.0341117844557,0.3058562749369,10,16.3540945326802,0.504033774651262,6.70521847710417,0.666936475030445
80.3603357781261,0.980261481884991,5.70216070425355,0.728908342685565,18,38.6054938056076,2.1810960306424,8.64483118739915,1.39717720155652
118.639424331082,2.86923495885557,9.84889590565925,2.44426353089665,6,56.076526260872,2.2617896580344,16.7758422703841,2.41740356013498
51.5389507959201,0.920220100738479,10.3049178657724,0.864599512847132,22,29.3645982018886,0.823070746218516,9.72186437613944,0.850067976164663
16.4475394178824,0.304018095048241,3.70577568331407,0.408369304672799,13,49.9245714487391,1.22108815452507,13.2429356558117,1.56562988997128
30.0208911086236,0.931964171388062,4.9148908797431,0.842443292917218,14,113.857611751035,0.640295880925442,4.54702820027811,0.451659805694992
84.8962733857957,1.35786517030353,7.55165120719826,2.18410823932499,7,14.545591315502,0.584515530428879,5.0091109067427,0.868422633605383
72.4353495170228,0.569252012300863,13.7667938810734,0.863045845620757,12,22.5952519038095,1.83492537921217,6.14048286757533,2.55496902177818
46.8989472910323,2.77236453735932,7.31201628729316,1.64709305893417,26,59.2666843151231,2.10858766829597,12.8869645300636,1.92653274827771
15.6692034301474,0.506121255955252,8.90804644541996,0.913590952898736,21,89.0728255846312,2.53467473031254,12.3534291860903,1.03677957612206
269.159148924001,2.1328902011677,15.666976534816,1.62341086649366,30,70.235833231244,1.39622767016777,11.8854129528909,2.8163994996083
63.0166329968553,1.56619039526872,8.1348796109723,2.21304888035341,10,54.1017683651086,0.508304782138397,5.90359135965615,0.953545502703576
53.5639021166144,0.708315338418404,6.86233562592963,0.812555789835741,3,90.5493612801751,1.60744156075249,13.4535930523476,2.21834817224164
36.1388546074275,1.12582760593641,9.82611594148158,2.35704628005975,14,40.5251623588338,1.14429713831929,13.240945144727,1.3808069742254
41.5962507499844,1.70592591284342,13.2622488126733,2.67889478448896,22,64.388624245426,2.50974728426021,11.4081754873333,2.38272448403112
65.6003796076717,2.50193789367483,8.14795434990937,1.7880357670409,16,60.9083684956445,2.13504616480067,10.6925852639297,1.44102121321154
5.03431555470256,0.363163904714837,4.83106791169157,0.635125697441812,28,27.8383002383783,2.70082078374513,8.83373683899298,2.12510742609612
54.4040562011966,0.676841592648627,8.05174401246988,0.641434968147109,2,131.538977082823,1.08238152773614,13.90364418012,1.94692145865688
51.6611954614503,1.42234807659096,11.9586523305757,2.49340934745884,22,124.303978151485,1.84931902375752,13.0858596745133,2.82013692545593
66.0111924797952,1.25888429824185,14.7969177468251,1.27015784974665,7,31.3449948459464,0.716846075763043,3.35456869159104,0.517249099196013
61.2339372271725,0.684951417610914,12.7212179931384,0.773742626017339,22,42.7024754572259,0.558565300758473,1.82556376484124,0.327622799931656
47.1412984522743,2.53857248853008,14.2601649439867,2.96886110350908,8,39.2025090953597,1.72281181481813,12.4796904369647,2.55332295948759
27.1731681864957,0.658114856448262,3.76508872214418,0.435410758112339,4,100.026839231842,0.838025261987528,10.8610272943449,0.755696411283696
149.697959341435,2.90531161559946,8.20110366203591,2.27679214784634,16,54.8718644485509,2.3025190815989,14.9862273629878,2.6983727877852
104.388341070254,2.94145680400076,13.6406125251578,1.77555011026816,12,8.6279641477158,0.351271004816781,9.34701479714553,0.623718869062374
48.9546495860555,0.881468095505332,5.5260672612831,0.720339188584128,22,56.4849499944089,0.919086498701422,5.71455780698629,0.55299843717223
50.1914300781003,2.50013081054813,15.4521549678493,1.7629141858757,17,51.0388576285949,0.973229889023656,1.89555525531467,0.313054221137161
21.2941173031908,0.523705074677103,9.23068327804298,0.698171859846463,19,49.85783496544,2.99263163141303,11.0294012486483,1.99304565342943
56.6739565616912,2.93736319863449,16.0058312083152,1.23012761136219,19,130.637392811074,2.46369207225662,7.93909859582329,2.31806817714602
79.9772698778805,0.868021620584732,10.6039973590621,0.756630316837012,25,35.6598140325185,0.512009000963159,7.62713627420368,0.796697049986204
88.8903289130408,1.83154335482008,15.8238081662183,2.91901733947661,27,19.4752715237008,0.448470915975491,2.30283977960742,0.380776222037745
29.320361597082,0.454466184014373,9.04656436611917,0.829456073876466,19,219.044042876385,0.717506010370316,12.7455169738601,0.76601200708634
22.1025314072177,0.667584945019548,1.95741692168958,0.43916049367358,25,12.4449589809188,0.546385826094534,4.01818158021891,0.68329549656408
41.4047251123602,1.19113079966043,7.7240359717164,1.99535773927116,14,31.2939301226767,0.661731375077933,9.22997826757478,0.848477509001952
35.4483346292211,2.62985492253265,7.27309977238241,2.36197941499256,2,8.26843775956621,0.364103290194226,8.13144378236261,0.709787850471066
8.24043825306275,0.329353149222546,8.32667911234069,0.704912023191635,5,39.9583979073837,1.50941825506411,5.90502270823246,2.19723236495365
7.88506244300624,0.342046692472776,6.69017849081391,0.549444769764938,10,40.0713236325084,2.04013895694216,12.9780145467223,1.50034286760537
23.7963092440093,0.536116824587488,3.17632640387953,0.507479194435886,7,97.2298736309593,2.24302974887081,15.7375798942015,1.77729953501805
47.78901807984,0.915694472270971,9.18466490394322,0.603818190157726,15,31.8164547449652,2.60666801350518,9.13660425646194,1.36012340176956
31.560686300688,0.416041158365942,6.48262580981271,0.951546310832518,26,15.3835230484297,0.395553850907692,2.1295291489212,0.418063460037217
114.702240651379,2.78218973356481,6.61867119027824,1.89590390733463,23,10.725197199146,0.358241542344113,10.1807182818438,0.749198448319421
62.2831590172869,0.950275627401456,9.2949169834159,0.614124738011511,20,69.5648073030515,2.58179990689106,12.3743451997766,1.51597800179477
111.720745305588,1.88976592913625,13.4733325159886,1.38941723956923,24,87.7492932957606,2.32958466233437,6.06451557992132,1.90855973673487
36.5047027445598,0.769453757805795,5.53287111249336,0.642198422746511,17,74.3561719111141,0.905435547268672,9.89927985567897,0.629823569408936
18.962203132644,0.88240711891391,2.14848351845008,0.453164950961793,11,4.68461159299826,0.307295219543874,3.13956268352028,0.445044631493777
40.4656427451546,2.96575452455971,10.9834525165528,1.72139642468441,3,48.5178563324309,2.79636790500358,16.1404535783041,1.82143230775239
25.5170659917233,0.880906504620211,6.42662934548636,0.840719980406489,15,24.8194823260197,0.403574051076157,5.34589602479049,0.482032685807992
61.0829744955688,0.761848455824217,9.40571252372454,0.60452629848839,24,53.9737721105749,2.06717266625381,11.6451711176852,2.21091644777453
24.5276815337513,0.498080855195191,9.66982290658739,0.666506067425476,25,12.0585644236791,0.358655997500317,9.69888571588456,0.647195616206386
35.9573483337925,0.509232615274685,1.61622193201981,0.354686975485611,14,137.294632017649,0.712520458915138,8.8207053811731,0.721788879957673
17.7630557540788,0.444984738253629,7.14548858152345,0.489140036842516,17,68.5853013623089,1.30542134914055,14.2314517275214,1.95140411319532
51.8124049366232,1.07268451694454,12.0551671113519,2.09383587795414,22,37.2633144722283,2.72411064516815,11.8314999458296,2.60638627311182
54.6968429047102,1.33608163145941,10.1440417480608,2.61234871617894,3,39.4651279167688,0.931124941190237,5.4409408979371,0.525141788990906
38.7820815673626,0.509212819844264,3.01196412804689,0.439167522915456,13,60.7906757626509,0.653235659194232,4.0228895265036,0.45444191426483
82.6059664005918,2.45590102055653,14.716403866204,2.94191510086156,1,53.1600054320943,1.97745833272351,10.3414023663229,2.61830928127421
48.5589055682814,1.5685890601798,11.0618926933705,2.33497112075498,30,101.996019093305,1.44908671228343,11.1359315590443,2.21556345605007
78.038474611227,0.836335720235841,1.45562623660922,0.34066054937532,1,49.3149451402082,2.31164180401151,11.4652306366004,1.73928769497992
147.444582321653,2.74451548479029,8.40237488781056,1.72019368050464,29,29.886875249049,1.1192896106032,6.88081344782104,2.17564377917882
5.73160155964091,0.354812140574593,3.90954019212119,0.577088844648453,21,64.3842447322377,0.628043695999149,5.07567410934341,0.590336068951778
35.6400043841304,2.18542925800456,11.4202271348524,2.55033164436985,11,26.9144368095958,1.31823465527776,7.31948962659294,1.42975796379165
84.9840463364166,0.75026720045632,5.883482715226,0.483231475251725,28,185.891009664535,0.964020961903448,10.7048842270197,0.710580536290619
110.191997209772,0.753634448915041,11.2187558470132,0.673303540595275,28,31.7981531585546,1.66590925544852,10.2581252338429,1.98611474287699
23.5916140338314,0.585577103492446,9.89932889106008,0.767325957372194,16,13.8316836381192,0.424844198379162,10.1912287874455,0.763330514638693
77.1835408533462,1.66273029955431,9.86177927331806,2.72531104713088,22,41.3873221556204,1.58262608412765,9.84418690002047,2.22802640502169
95.528165632587,0.88972222389264,9.16373758014333,0.808628559401648,5,29.2714634766108,0.966587653027605,3.69520499919076,0.613648122902444
26.1040934744354,0.498698961674362,10.7770766762417,0.954257095318267,19,98.8784425980669,1.94182906925852,13.5158809237409,2.42761788157665
69.9085346579176,2.54061901061791,13.7507111161892,1.82803576164198,8,21.0632546003561,0.377346014277722,2.58210987328532,0.342027097751197
17.8622543192765,0.412446892555019,6.48766482384074,0.691597738668479,15,32.7030072659731,2.00345142557438,7.26855066692268,1.36772649547822
7.56315652682212,0.469049589587297,2.97854775028485,0.523987817690052,13,20.5775361737002,1.06652390516494,5.99458735085661,2.83553058434521
61.497438724355,1.11402949517317,7.7362980587022,1.62284721786784,15,21.1200929599124,0.788092057557803,6.88315917910586,0.847835163311436
30.7138536286194,2.23617156621061,9.14132295073987,2.79487859493082,20,49.605313394456,0.882944281319564,3.24185670047791,0.385723914705375
203.829967618724,1.32084761853213,16.0740342368014,1.74426923489753,9,68.7972624356261,2.43735762449531,9.06246767627428,2.75145683587478
260.540381181673,1.07062940280013,14.839155625619,1.36265345592287,3,21.9012494105846,2.21938040480792,6.11800037963426,2.43728201211535
20.067462468546,0.3380020311989,13.4923887108976,0.897467915171404,8,41.1087062498794,2.32300040630076,12.6481514076541,1.17545877067799
47.2918913544514,2.0595413972444,13.6799927377187,1.54342278719038,4,15.0729260202798,0.336448199049687,5.73222334871835,0.554714181209123
85.6286321990383,0.996834185524772,9.28976330583722,0.571538488647647,25,20.743453060146,0.660495577798446,7.43943426498214,0.804643464975002
74.0475044799132,0.649719990605907,5.45332803235222,0.574605442450522,29,25.0358910328087,0.571648588036866,7.25633490579578,0.638183958470548
95.6904548829567,2.01778220710931,12.2170929314641,2.98272744472274,20,26.5222638342647,0.67701910416598,5.20651210442009,0.544656671643655
37.8069079518571,0.961277419878861,10.9540456744947,0.856595546085793,5,78.323968074383,1.62594096740293,14.5832452962724,2.37169350572684
53.8196798435874,0.62735395143547,13.137796952101,0.906953684812926,7,66.3746822399817,0.610624383590745,13.3302164631488,0.98386281224351
67.0663136328563,1.33786775764675,5.90750913939334,2.97070332626556,4,83.6404160043158,2.18301709826337,15.1447762647652,2.73003625545988
56.6840248707632,1.63201847292066,15.20294055687,2.21701181054586,11,39.847203460881,0.647703113421154,10.8444437838655,0.654645885448576
24.5288724496068,0.557834998998184,9.77399022803142,0.731945246263549,25,33.7703453316193,0.56168224292919,12.7001246606438,0.764741147949589
37.1620336031254,0.776894693904351,9.13079538139411,0.829393202154899,26,31.6071374030897,0.732069717350987,3.33194139379985,0.413521000129611
86.9448755564227,2.88708893812709,8.69791496283592,2.58506508605266,21,46.6669664810451,0.773463105338758,4.40870944821191,0.405809067258311
19.4277404892801,0.829102505236426,2.91786287065042,0.461272203977272,2,103.78835436924,1.81746974695283,15.1206277823799,2.86951358251213
48.522774120574,2.33898502000925,14.1404248820327,2.27570712230564,16,32.7808778088775,1.8076456426517,9.35146893855452,1.00130672148886
41.4484912407526,0.974662404024351,1.66220814198974,0.41448665016259,13,49.3294754668996,0.64404164084689,8.66408031632702,0.641901173934729
181.068583247216,2.62912523163792,10.5201947462275,2.85301525415774,19,100.720712889655,1.46416555440403,6.04361268028,2.69656521193113
55.3910635197069,0.672618162541463,6.75075866812981,0.474526877438689,14,117.560832045967,2.01917763775014,16.3226195201611,2.72313449359796
40.5207669371333,1.51822574507511,6.47207713906373,1.62621123051058,11,60.0298488425804,0.749100815338533,12.951807204989,0.800697326705032
19.1420290475361,0.591698482560739,1.64122034560019,0.387001485375929,6,23.4435436962994,0.350430603832978,11.8547526322079,0.83734337662559
20.7853970346225,0.465017763556768,2.44837755617116,0.431907515860365,3,30.6980073561635,0.828857532528259,2.96558975939292,0.496489319596149
82.8194811734392,0.819251613504522,9.58893079923073,0.6515964679996,1,71.227558737212,1.57529871803695,5.70905139092559,1.87284369009804
28.6376754347328,0.685059698174764,8.27941995007144,0.807198624749971,25,66.9608777884364,1.29813719067168,12.230593099444,2.75376060040097
34.3713722399322,0.408822015001376,7.0532232886336,0.502945089821868,15,52.9481613038159,1.78789013367328,13.9682150839342,1.72890049974179
7.23486504431133,0.33161029149688,8.70615665181258,0.844411900643758,19,30.6155809846337,0.659569945276755,6.974938186873,0.566105024049056
26.3156406923509,0.93253440749621,7.73982374764014,0.865823422548074,5,145.429493739379,2.61614553749112,10.3735642478946,2.40122516166602
118.487610026941,1.2865304095888,14.980055713085,1.69779540401967,24,72.8827175698158,1.34938036033158,6.32515377614191,2.84826904783917
32.3818136518814,0.607578782492864,1.48870872289049,0.3277031454318,1,77.1248406716008,0.831276150326426,5.28257374722403,0.527734738067369
56.1262122464399,0.481207570705119,9.32081047632309,0.78778146651501,26,65.0572493782493,1.98479739445534,14.6235643032002,2.1221175872702
30.5389593852034,0.766210731194619,4.56520254114151,0.460452658723622,13,51.922874717675,1.65114396868784,11.1993547664133,2.47048483766303
53.1169737550796,1.68185887706368,16.2081630520617,2.89003143860442,23,9.3104580728007,0.346727794536392,6.2138759423324,0.468220959252116
30.7339261742492,0.784216798088759,1.02697704477747,0.304206276542435,13,36.9701529360639,0.517142349899605,7.31492171645734,0.666494211074316
26.323527008671,0.946736798795297,7.98437517549976,0.867966751951547,16,31.557310018244,0.593806173882868,9.19112637461273,0.657187306062997
173.504055608818,2.33732533149725,11.7985652143912,1.15826058415958,30,42.7544982589745,2.31604881016229,14.1961549764164,2.36764313453926
237.931938323457,1.51702822312831,14.06844348045,1.72327609788759,1,65.9267485354279,1.17188167858993,14.8297521628497,2.78494971860821
39.6712640935283,2.64415046003328,12.1568733528035,2.28284637566677,4,30.6835319691352,1.21249481894016,8.90796481955502,1.73074839364117
42.2525846744832,2.70344449104932,10.0719157055063,2.27048327072383,26,71.5486431789775,1.72188208191477,16.8928470409676,2.12217817902645
32.601635137483,1.17687437099367,9.54773794971739,2.07068970895418,25,43.6829450602032,2.21550747758226,7.84877624964364,1.28281094903634
71.3073721554109,0.831374894677578,7.79731119043187,0.95425377631741,22,31.0155246707482,2.08160647425246,7.29212991225769,2.11721554646519
43.757368324794,1.18245345816716,15.280845221107,2.69241422869416,22,54.7971402801525,1.04474098804897,6.60690839739129,2.03713338188518
114.631033155266,0.568361882295231,2.54778555945412,0.336534721761343,12,132.190420829352,0.709629925859169,10.9865851617008,0.894344790098637
34.1775183984067,2.48641156157384,10.8176846395955,1.94796979113857,4,66.5837871591968,2.21924605617215,5.76610941833702,1.31819405071569
100.944024626752,0.855963719160037,4.50748785854912,0.693087081204715,23,8.20119296772457,0.370889100331388,8.00084339760591,0.771813273933945
61.6219432982886,0.653640103155638,7.49108969332339,0.565374609435698,22,48.395559947168,1.88696497378546,9.8515035278615,1.21495452952045
49.6995248445168,1.19034914543448,10.5640513692458,2.37478248097714,10,29.0950747456413,1.35145091949397,7.55481099383964,1.3521319317696
102.90884684481,2.35014952572791,10.2334433319188,1.96440578657766,6,40.348070793149,2.39891569954771,11.4396816928096,2.34356315649742
66.0845440194446,2.92986463357864,15.275741681306,1.88550987906665,27,20.3587246832198,0.513585130383456,3.76511009911027,0.62722861034434
42.3138817289746,2.04116742240717,10.7233764993763,1.17498495519041,21,67.5230393346373,0.954112317640106,3.16135509907459,0.450880964979705
36.9469398948286,0.507324328059855,9.34893413902167,0.62352525071428,22,38.6834919154539,0.73938526278387,4.95872601177452,0.464423574310776
57.8187628278028,0.501750195191729,4.2494398708718,0.435386047262708,5,66.7898422671491,0.604073984371411,7.3947923179334,0.564578789028496
117.312651157734,2.5976881625752,8.22353615714308,1.20543663257239,27,37.006999230026,0.602060527484192,10.3050289834258,0.837002667707934
29.6373866813852,2.64375851471133,6.60435953327102,2.97565343640495,13,27.0051813131182,0.530584635827841,10.4582045455702,0.820053879614478
115.404197404551,2.9049337562228,10.8609439812946,2.7329782559061,27,48.3459614043758,0.648086960081474,4.66293226778002,0.649475668720783
22.260514739453,1.18534663735012,6.86416239632443,1.31476045347138,29,93.3530858733796,2.98551376817126,12.8644959550365,1.66445841532974
24.2968382327675,0.386029098782581,6.76724009294718,0.762110465491617,30,32.4779948495482,0.651914260263488,10.6122487807711,0.862190273588891
14.2820033807596,0.424660752757723,9.43803943291078,0.758641994297354,9,6.76296877536289,0.388064279280435,5.63519568348659,0.727836571265909
160.603583657406,2.97037169133521,10.656566391321,1.87433280416329,6,49.6903071983004,0.571059451393649,6.81165475573115,0.694632701362411
93.8447044018385,2.7570407958719,10.7288072640679,1.18471571302988,15,42.990479718641,0.69144136718025,8.06258277155623,0.620805065427702
34.4140580013337,1.25766511141476,6.98099311578306,1.38192050840679,13,33.1067273142024,0.704717775933336,5.01897464269249,0.545485010213151
72.4232287052435,0.752345462797662,7.60980842916628,0.620862218678496,26,22.6772033162736,0.950218048339698,6.29064516654078,0.870952112917274
47.0103216627184,0.714980952323673,10.6025265237315,0.966654500480039,2,36.4377575829857,0.722304561292477,2.94730588288301,0.372900884209209
36.4657814312629,2.97744196980757,7.22634778816636,1.27330845946304,25,16.7301577887546,1.04156165337648,5.68412239354393,2.74969402769877
72.995414220436,2.35283720549212,13.2475488859359,1.87849508296995,29,46.7729280330353,1.1955687840882,11.0062020724064,2.38221924466295
62.8020703756006,1.14663181585318,7.52503804548003,1.42936147198424,13,73.2218780263048,1.69621340214398,9.37639207898384,1.8410429358348
72.9051132196356,1.43023719193959,15.1194753397644,1.19059270859395,15,176.229475099798,2.95735113871273,13.218372727421,1.66358375787499
42.3698811634375,2.4357139757547,9.12442091678618,2.01552912202479,30,14.0335181306338,0.343028847609874,10.8172155225924,0.971624425293819
122.070617918686,2.06113353775633,9.24784116989665,1.30125185845301,24,44.679854779652,2.97779238564694,14.8725274589062,1.99746728179456
171.657753913523,2.74001461265847,15.3726651264693,2.14393976853592,18,46.5736701718109,1.34257092428356,11.182107180403,2.10624438042421
46.4857752048068,1.39876006340094,10.6839504433583,1.5034940953959,10,29.7913037324902,0.86007222711559,4.06301501488821,0.539570109298774
20.5344311572648,1.64117050859997,6.13182140448295,1.01071953131433,7,17.9183508958636,0.463367404862591,5.52801542712545,0.614024271831075
94.5657775797876,0.930222537429809,1.90378209335671,0.347765133644949,19,65.0292857185152,1.46949837928854,14.4368029749957,1.13045171676409
30.5358709897678,0.946632905566441,6.08431350212719,0.570063544521507,6,4.02229136689227,0.376518833822059,0.970309987957227,0.341719680511509
50.6291721169904,1.1484941844888,14.067346645666,2.91980952673434,25,32.106297787843,0.77802198051486,0.929206422582726,0.305409613050754
19.6286457788622,0.907523609958597,3.08787534544504,0.481739181633381,7,47.5259768723613,0.563830261070155,8.08980308478774,0.885380965359608
16.0594660178655,0.34558504716595,3.33290511608036,0.583170691794992,17,37.2224615528413,0.823825159395079,7.54087603517689,0.751961914342958
17.6831714255746,0.353819543053667,2.70088692530111,0.37865601975826,18,45.7610930075114,0.889001148220176,2.26250274321374,0.414054671756318
40.7114007393529,2.44661228404031,10.1051123528814,2.82379965815923,22,29.4496527846833,0.600281848888803,6.02147467122307,0.545860184750514
63.4250235592694,2.97727811418491,9.81732569809758,2.4642348699964,12,52.6312371895202,0.651861768930354,4.85980723277372,0.487803716212988
26.3626325289533,1.94720980496667,7.11947626821762,2.77916623560315,24,68.6999767209809,1.05728760691437,8.39195873325948,2.71176395553693
93.957476543604,1.41118635539041,7.08458090829441,2.16320861972312,19,49.5882620568193,0.720850388608275,12.2924772829752,0.870761947809005
45.6960011501825,0.97911891001624,3.57297171251801,0.410430190877749,7,53.0173110587851,1.3975752411891,12.8324597423418,1.27384740470468
23.3354721302363,0.656740762374773,5.94440187148063,0.643900383739614,18,4.35468383350613,0.33401040865179,6.66138649853575,0.732659657532713
217.579288592838,2.94865275717355,15.7026547498482,1.51236172702765,23,47.9272178953511,0.780531644251641,11.093471412201,0.676275826848027
33.06917589629,0.392586546727775,11.4424872469566,0.819317387533456,29,57.5795750988924,0.621861267264276,2.87808202978704,0.417827147523045
63.4770286255641,2.51492426123795,14.4007812345086,2.05858667126978,10,24.8326081091316,1.99124125514638,7.8817661801785,1.84698146205443
28.6459976635812,0.36882315302446,9.09847422441665,0.723530335696355,16,8.22225096119657,0.35232691037833,7.55667251184607,0.724767625092419
42.2106520599249,0.5240259486775,9.41238157800363,0.781887374939153,3,197.418860723132,0.808547266737591,7.74010223363037,0.512188917481637
85.124341806352,0.660570006499498,5.60604294135344,0.853424241660998,29,163.511646672666,0.953567546770858,8.17630217361725,0.746041116813805
59.3314358625819,0.926749016040904,5.43459910679647,0.553547144453146,25,8.13633955664135,0.429130189063537,4.65028695914119,0.676115075738172
51.5441901131322,2.49798808651901,9.88036566951403,2.48390215966448,25,97.8530276729968,0.78892757531262,11.9552195620298,0.814297968687528
101.427726934103,2.3749700470499,12.1349172664971,1.32359589707818,10,95.7125107650853,0.851526382618864,8.71448173674695,0.672040652338258
64.4875312280007,0.934124594402969,5.06561741290266,0.551908559084791,6,105.37958515845,2.16323047544389,10.5320430738043,1.52373070724538
13.0309014711156,0.374586093543651,1.47899550783226,0.318057398374952,21,62.3238447875491,1.0994048480649,8.3246177530598,1.81415524396517
53.7598009137458,2.65589101511263,6.24102991066223,2.34639234955842,4,50.1154110211655,1.31203820208044,11.2970399022803,1.94982852898021
120.202965431293,2.32082597999003,7.55321635607273,2.39315145017364,16,39.6293274407194,1.81077059777785,11.2654245206228,2.08734387379443
30.4197199650584,1.29620792702302,10.2697337069395,2.63933460791704,13,2.74146661492859,0.302123670954872,1.84367590600246,0.403897559295819
26.2237752895516,1.28455173249348,8.1200868521367,2.69817022651841,12,31.1078732273463,1.35512709119266,8.53331324661475,2.08380741936195
50.3179438434231,0.699952138747,9.72928832278108,0.665153336241594,1,41.5194027193139,0.558302540312498,7.44923136499137,0.74761570878276
12.2188028568121,0.394518001740207,5.53726059977388,0.57835841976921,14,18.7305303850561,0.374384500613677,13.3981733784145,0.932318527259968
71.2604508208607,0.890391000445305,10.3513416971971,0.706071789665976,22,31.7033838743737,0.462163166979514,5.36285230479342,0.943285556510712
238.606906365761,2.87438762941429,15.4861706588211,2.22794090266574,14,12.6279771946016,0.31858887915164,5.72419791303363,0.500748663046587
25.5594596413369,0.728431133319883,5.63293706880723,0.608717154322364,27,22.2068385981524,0.856714741065803,5.15492014254046,0.590958606032235
13.2714817468838,0.564757307851905,4.3130223830315,0.567549300479627,19,39.169331440041,0.647652611251898,4.78807873987944,0.535056511932121
23.1400440768056,0.602784990520182,8.3175544480649,0.962714883936682,11,20.4783966850953,1.35004709194163,5.29639928143489,1.00880859242533
46.435455308093,0.81262741882816,11.3405888151258,0.721199708556011,1,45.7083263291714,0.912115254203701,11.2782383740838,0.827711270398484
51.8639921812483,2.57274684451608,11.8580572435178,1.89775573456366,11,111.450439127984,2.85271318618876,16.7713302793203,2.90792312575172
54.9760194095427,2.66835591342025,12.9798676796636,2.64536021760705,8,52.805495447154,0.464096169764208,6.57589053659014,0.875114283218136
93.63946453524,2.8653718732355,13.1587540625465,1.23608665632523,30,130.899575995619,2.10692606129984,14.2983301937222,2.93630411854053
95.1781118056088,0.97358460207169,11.8440613730556,0.701668163165342,7,27.295757564682,1.6736919728339,6.09622052021424,2.74361451778213
38.9162158175697,2.56049815826418,9.05359477537483,1.59414765108739,24,47.1772372154848,1.71513201965201,10.7352926283473,1.40623103506062
51.3670526209372,2.1978978485076,12.7513231621306,2.77495096534171,19,6.99389549418491,0.399630927062318,1.88748636999059,0.420154694729811
36.4678485125623,1.68927598041147,6.180364066086,1.61029498538539,9,103.115885576303,0.760505124566509,13.6367006392789,0.885881676671184
13.2395392833805,0.515042566486822,2.31339424153266,0.40060273697099,25,75.8336007352614,2.81335007618877,12.060413835081,2.52925572987347
87.3263597167791,0.93157395416764,1.71870929302036,0.353098773446984,20,40.4388624140846,0.635925279822031,7.41847000802934,0.636709330810405
116.088334593438,2.22915015595395,11.356036022349,2.3771453142739,7,96.0102830324968,1.42956259087034,7.06567886484079,1.26830263468154
59.1957773902919,0.786509242182788,7.94974018711402,0.611369691636741,1,117.90648792402,0.867539978356022,8.3403456609742,0.600437400062179
76.5220678443123,0.525645060976338,7.6395312945295,0.549179569877806,14,44.0894360196077,1.39550936865291,13.301441759092,1.47576140267553
48.1878550845542,2.03412906523527,11.0949264392299,2.51015524191195,4,5.12841139115181,0.321502847898897,4.49053667644323,0.694072821228709
55.4704928064527,1.09417207666544,12.0061455831841,1.94641137423565,29,53.7831103484234,2.59018071680852,16.0728692252248,2.77179308841543
32.8900546447389,0.683755537460988,12.946419147564,0.863439997577748,9,89.035711368965,0.745950232283839,3.782892062394,0.607015302843947
32.8839212245501,1.29891542079845,10.3476959139115,2.3864114087893,27,54.3341198971785,1.52228713851618,10.5229948046213,2.69357951471904
37.904115958443,2.39623377665791,7.28355850653763,1.19056243466799,26,55.8674008110591,2.8087613328389,15.570858660987,2.74209148113259
